   10   30
        0.9468928795       -0.1418043047       -0.0000378594
       -0.1580977846       -0.0539718098       -0.0000014296
       -0.4523824998        0.3075633552       -0.0000169698
       -0.3222732997       -0.0618762797       -0.0000183897
        0.0003977004       -0.0557207298       -0.0000012847
       -0.0040650596       -0.0062966447       -0.0000000995
        0.0041197706        0.0021220603       -0.0000000395
       -0.0038424395        0.0048931753        0.0000000452
        0.0001743652        0.0005017651        0.0000000205
       -0.0109222796        0.0046795051       -0.0000003146
       -0.1418043047        0.8679050700       -0.0000372549
       -0.0743526101       -0.3855459002       -0.0000188246
        0.2901881950       -0.4015871102       -0.0000166901
       -0.0707984302       -0.0656015601        0.0000000648
       -0.0377882202       -0.0191898349       -0.0000004053
       -0.0062966296        0.0342291654       -0.0000000600
       -0.0230426497       -0.0218631351       -0.0000000998
        0.0271458302       -0.0126462453       -0.0000000253
        0.0010489097       -0.0031283352       -0.0000000099
        0.0357923054        0.0074272049       -0.0000001901
       -0.0000378594       -0.0000372549        0.1941149196
       -0.0000006199       -0.0000173350       -0.0630016098
       -0.0000174049       -0.0000171650       -0.0712098097
       -0.0000149399       -0.0000007049       -0.0627257197
        0.0000003402       -0.0000007748        0.0025081903
       -0.0000000946       -0.0000000645        0.0005203003
       -0.0000000796        0.0000000102       -0.0004615396
        0.0000000603       -0.0000000250       -0.0007412598
        0.0000000199        0.0000000202        0.0001022903
       -0.0000000247       -0.0000000449        0.0008951298
       -0.1580977846       -0.0743526101       -0.0000006199
        0.5478193799        0.0995013798       -0.0000287599
        0.0390053751        0.0417877197       -0.0000003649
       -0.0072872501       -0.0413875401       -0.0000004951
       -0.3853020650       -0.0200942949       -0.0000276003
        0.0041197802       -0.0230426548       -0.0000000648
        0.0053620903        0.0104947350       -0.0000000298
       -0.0364820750        0.0066320450       -0.0000001651
       -0.0019781803        0.0025061499       -0.0000000148
       -0.0071588696       -0.0021128500       -0.0000000298
       -0.0539718098       -0.3855459002       -0.0000173350
        0.0995013798        0.5435551702       -0.0000176198
        0.0373393698       -0.0835767904       -0.0000007952
       -0.0046382004       -0.0178907300       -0.0000003450
       -0.0516839651       -0.0591597552        0.0000016050
        0.0021220549       -0.0218631402        0.0000000051
        0.0104947250        0.0128895846        0.0000000500
       -0.0200960548        0.0137337199        0.0000000398
       -0.0009471452        0.0020404747        0.0000000250
       -0.0181899449       -0.0041844453       -0.0000000301
       -0.0000014296       -0.0000188246       -0.0630016098
       -0.0000287599       -0.0000176198        0.0451124595
       -0.0000002998       -0.0000014350        0.0311546700
       -0.0000000446       -0.0000003848        0.0111297305
       -0.0000260047        0.0000012804       -0.0292946896
       -0.0000000296       -0.0000001194       -0.0004615197
       -0.0000000395        0.0000000651        0.0009239108
       -0.0000004198        0.0000000350        0.0066096101
        0.0000000202       -0.0000000051       -0.0007450899
        0.0000002603       -0.0000000398       -0.0014269699
       -0.4523824998        0.2901881950       -0.0000174049
        0.0390053751        0.0373393698       -0.0000002998
        0.4689696999       -0.3576043201       -0.0000179801
       -0.0296973252        0.0371864999       -0.0000007250
       -0.0160203649        0.0016529700       -0.0000001100
       -0.0038424147        0.0271458353        0.0000000654
       -0.0364820750       -0.0200960451       -0.0000004147
        0.0135050155       -0.0108338153       -0.0000000699
       -0.0004910049       -0.0032086504       -0.0000000148
        0.0174355802       -0.0016347502       -0.0000004451
        0.3075633552       -0.4015871102       -0.0000171650
        0.0417877197       -0.0835767904       -0.0000014350
       -0.3576043201        0.4807335802       -0.0000178804
        0.0089625499        0.0048332797       -0.0000002100
        0.0166131250        0.0079263100       -0.0000000301
        0.0048931801       -0.0126462601       -0.0000000301
        0.0066320200        0.0137337099        0.0000000401
       -0.0108338301        0.0031503748        0.0000000347
       -0.0005055554        0.0012293145        0.0000000000
       -0.0173683799       -0.0137965952       -0.0000001253
       -0.0000169698       -0.0000166901       -0.0712098097
       -0.0000003649       -0.0000007952        0.0311546700
       -0.0000179801       -0.0000178804        0.0314544002
       -0.0000000654       -0.0000002552        0.0199050601
       -0.0000001603       -0.0000000600       -0.0065070003
        0.0000000503       -0.0000000250       -0.0007412501
       -0.0000001597        0.0000000449        0.0066096101
       -0.0000000699        0.0000000398        0.0015678296
        0.0000000449       -0.0000000003       -0.0005931051
        0.0000003649       -0.0000001199       -0.0116401401
       -0.3222732997       -0.0707984302       -0.0000149399
       -0.0072872501       -0.0046382004       -0.0000000446
       -0.0296973252        0.0089625499       -0.0000000654
        0.3556698601        0.0671404047       -0.0000159750
        0.0025576151       -0.0006087299       -0.0000000702
        0.0001743601        0.0010489001        0.0000000099
       -0.0019781999       -0.0009471501        0.0000000102
       -0.0004910200       -0.0005055554        0.0000000350
       -0.0001738604       -0.0001431104        0.0000000151
        0.0035003453        0.0004728147       -0.0000000202
       -0.0618762797       -0.0656015601       -0.0000007049
       -0.0413875401       -0.0178907300       -0.0000003848
        0.0371864999        0.0048332797       -0.0000002552
        0.0671404047        0.0839277601        0.0000002049
        0.0029610649       -0.0051269700       -0.0000000702
        0.0005017651       -0.0031283349        0.0000000051
        0.0025061453        0.0020404750        0.0000000003
       -0.0032086601        0.0012293145       -0.0000000102
       -0.0001431002        0.0003415997        0.0000000000
       -0.0036980597       -0.0006253850       -0.0000000102
       -0.0000183897        0.0000000648       -0.0627257197
       -0.0000004951       -0.0000003450        0.0111297305
       -0.0000007250       -0.0000002100        0.0199050601
       -0.0000159750        0.0000002049        0.0232550599
       -0.0000000500       -0.0000000597        0.0075005397
        0.0000000304       -0.0000000097        0.0001023000
       -0.0000000298        0.0000000298       -0.0007450899
       -0.0000000099        0.0000000199       -0.0005931099
        0.0000000199        0.0000000099        0.0001222099
        0.0000001052       -0.0000000151        0.0020502000
        0.0003977004       -0.0377882202        0.0000003402
       -0.3853020650       -0.0516839651       -0.0000260047
       -0.0160203649        0.0166131250       -0.0000001603
        0.0025576151        0.0029610649       -0.0000000500
        0.3821986098        0.0686550553       -0.0000257850
       -0.0109222648        0.0357923003       -0.0000000350
       -0.0071588747       -0.0181899449        0.0000002552
        0.0174355654       -0.0173683750        0.0000003601
        0.0035003598       -0.0036980504        0.0000001000
        0.0133133801        0.0046722550        0.0000000151
       -0.0557207298       -0.0191898349       -0.0000007748
       -0.0200942949       -0.0591597552        0.0000012804
        0.0016529700        0.0079263100       -0.0000000600
       -0.0006087299       -0.0051269700       -0.0000000597
        0.0686550553        0.0876102098        0.0000011099
        0.0046795105        0.0074271952       -0.0000000449
       -0.0021128545       -0.0041844402       -0.0000000446
       -0.0016347647       -0.0137965901       -0.0000001350
        0.0004728199       -0.0006253850       -0.0000000199
        0.0046722602       -0.0008817699       -0.0000000350
       -0.0000012847       -0.0000004053        0.0025081903
       -0.0000276003        0.0000016050       -0.0292946896
       -0.0000001100       -0.0000000301       -0.0065070003
       -0.0000000702       -0.0000000702        0.0075005397
       -0.0000257850        0.0000011099        0.0352143002
       -0.0000003098       -0.0000002052        0.0008951099
       -0.0000000398       -0.0000000301       -0.0014269597
       -0.0000004499       -0.0000001154       -0.0116401401
       -0.0000000102       -0.0000000153        0.0020502199
        0.0000000202       -0.0000000250        0.0007003399
       -0.0040650596       -0.0062966296       -0.0000000946
        0.0041197802        0.0021220549       -0.0000000296
       -0.0038424147        0.0048931801        0.0000000503
        0.0001743601        0.0005017651        0.0000000304
       -0.0109222648        0.0046795105       -0.0000003098
        0.9468928596       -0.1418042899       -0.0000378546
       -0.1580977795       -0.0539717897       -0.0000014094
       -0.4523825046        0.3075633600       -0.0000169550
       -0.3222732849       -0.0618762650       -0.0000183846
        0.0003977155       -0.0557207201       -0.0000012699
       -0.0062966447        0.0342291654       -0.0000000645
       -0.0230426548       -0.0218631402       -0.0000001194
        0.0271458353       -0.0126462601       -0.0000000250
        0.0010489001       -0.0031283349       -0.0000000097
        0.0357923003        0.0074271952       -0.0000002052
       -0.1418042899        0.8679050796       -0.0000372697
       -0.0743526147       -0.3855458948       -0.0000188345
        0.2901881854       -0.4015871050       -0.0000166949
       -0.0707984250       -0.0656015652        0.0000000603
       -0.0377882247       -0.0191898349       -0.0000004150
       -0.0000000995       -0.0000000600        0.0005203003
       -0.0000000648        0.0000000051       -0.0004615197
        0.0000000654       -0.0000000301       -0.0007412501
        0.0000000099        0.0000000051        0.0001023000
       -0.0000000350       -0.0000000449        0.0008951099
       -0.0000378546       -0.0000372697        0.1941149196
       -0.0000006199       -0.0000173299       -0.0630016098
       -0.0000174097       -0.0000171451       -0.0712098097
       -0.0000149302       -0.0000007000       -0.0627257100
        0.0000003402       -0.0000007699        0.0025081698
        0.0041197706       -0.0230426497       -0.0000000796
        0.0053620903        0.0104947250       -0.0000000395
       -0.0364820750        0.0066320200       -0.0000001597
       -0.0019781999        0.0025061453       -0.0000000298
       -0.0071588747       -0.0021128545       -0.0000000398
       -0.1580977795       -0.0743526147       -0.0000006199
        0.5478193896        0.0995013801       -0.0000287744
        0.0390053702        0.0417877399       -0.0000003598
       -0.0072872498       -0.0413875449       -0.0000005048
       -0.3853020596       -0.0200942901       -0.0000276052
        0.0021220603       -0.0218631351        0.0000000102
        0.0104947350        0.0128895846        0.0000000651
       -0.0200960451        0.0137337099        0.0000000449
       -0.0009471501        0.0020404750        0.0000000298
       -0.0181899449       -0.0041844402       -0.0000000301
       -0.0539717897       -0.3855458948       -0.0000173299
        0.0995013801        0.5435551600       -0.0000176246
        0.0373393752       -0.0835767702       -0.0000007901
       -0.0046381854       -0.0178907152       -0.0000003300
       -0.0516839648       -0.0591597401        0.0000015999
       -0.0000000395       -0.0000000998       -0.0004615396
       -0.0000000298        0.0000000500        0.0009239108
       -0.0000004147        0.0000000401        0.0066096101
        0.0000000102        0.0000000003       -0.0007450899
        0.0000002552       -0.0000000446       -0.0014269597
       -0.0000014094       -0.0000188345       -0.0630016098
       -0.0000287744       -0.0000176246        0.0451124595
       -0.0000002996       -0.0000014100        0.0311546700
       -0.0000000350       -0.0000003749        0.0111297354
       -0.0000260044        0.0000012952       -0.0292946999
       -0.0038424395        0.0271458302        0.0000000603
       -0.0364820750       -0.0200960548       -0.0000004198
        0.0135050155       -0.0108338301       -0.0000000699
       -0.0004910200       -0.0032086601       -0.0000000099
        0.0174355654       -0.0016347647       -0.0000004499
       -0.4523825046        0.2901881854       -0.0000174097
        0.0390053702        0.0373393752       -0.0000002996
        0.4689697096       -0.3576043150       -0.0000179898
       -0.0296973150        0.0371864999       -0.0000007248
       -0.0160203646        0.0016529802       -0.0000001100
        0.0048931753       -0.0126462453       -0.0000000250
        0.0066320450        0.0137337199        0.0000000350
       -0.0108338153        0.0031503748        0.0000000398
       -0.0005055554        0.0012293145        0.0000000199
       -0.0173683750       -0.0137965901       -0.0000001154
        0.3075633600       -0.4015871050       -0.0000171451
        0.0417877399       -0.0835767702       -0.0000014100
       -0.3576043150        0.4807335603       -0.0000178801
        0.0089625647        0.0048332996       -0.0000002001
        0.0166131400        0.0079263248       -0.0000000153
        0.0000000452       -0.0000000253       -0.0007412598
       -0.0000001651        0.0000000398        0.0066096101
       -0.0000000699        0.0000000347        0.0015678296
        0.0000000350       -0.0000000102       -0.0005931099
        0.0000003601       -0.0000001350       -0.0116401401
       -0.0000169550       -0.0000166949       -0.0712098097
       -0.0000003598       -0.0000007901        0.0311546700
       -0.0000179898       -0.0000178801        0.0314544002
       -0.0000000503       -0.0000002552        0.0199050601
       -0.0000001648       -0.0000000551       -0.0065070003
        0.0001743652        0.0010489097        0.0000000199
       -0.0019781803       -0.0009471452        0.0000000202
       -0.0004910049       -0.0005055554        0.0000000449
       -0.0001738604       -0.0001431002        0.0000000199
        0.0035003598        0.0004728199       -0.0000000102
       -0.3222732849       -0.0707984250       -0.0000149302
       -0.0072872498       -0.0046381854       -0.0000000350
       -0.0296973150        0.0089625647       -0.0000000503
        0.3556698402        0.0671404297       -0.0000159653
        0.0025576250       -0.0006087052       -0.0000000654
        0.0005017651       -0.0031283352        0.0000000202
        0.0025061499        0.0020404747       -0.0000000051
       -0.0032086504        0.0012293145       -0.0000000003
       -0.0001431104        0.0003415997        0.0000000099
       -0.0036980504       -0.0006253850       -0.0000000153
       -0.0618762650       -0.0656015652       -0.0000007000
       -0.0413875449       -0.0178907152       -0.0000003749
        0.0371864999        0.0048332996       -0.0000002552
        0.0671404297        0.0839277504        0.0000002149
        0.0029610652       -0.0051269603       -0.0000000603
        0.0000000205       -0.0000000099        0.0001022903
       -0.0000000148        0.0000000250       -0.0007450899
       -0.0000000148        0.0000000000       -0.0005931051
        0.0000000151        0.0000000000        0.0001222099
        0.0000001000       -0.0000000199        0.0020502199
       -0.0000183846        0.0000000603       -0.0627257100
       -0.0000005048       -0.0000003300        0.0111297354
       -0.0000007248       -0.0000002001        0.0199050601
       -0.0000159653        0.0000002149        0.0232550599
       -0.0000000398       -0.0000000500        0.0075005499
       -0.0109222796        0.0357923054       -0.0000000247
       -0.0071588696       -0.0181899449        0.0000002603
        0.0174355802       -0.0173683799        0.0000003649
        0.0035003453       -0.0036980597        0.0000001052
        0.0133133801        0.0046722602        0.0000000202
        0.0003977155       -0.0377882247        0.0000003402
       -0.3853020596       -0.0516839648       -0.0000260044
       -0.0160203646        0.0166131400       -0.0000001648
        0.0025576250        0.0029610652       -0.0000000398
        0.3821985996        0.0686550649       -0.0000258001
        0.0046795051        0.0074272049       -0.0000000449
       -0.0021128500       -0.0041844453       -0.0000000398
       -0.0016347502       -0.0137965952       -0.0000001199
        0.0004728147       -0.0006253850       -0.0000000151
        0.0046722550       -0.0008817699       -0.0000000250
       -0.0557207201       -0.0191898349       -0.0000007699
       -0.0200942901       -0.0591597401        0.0000012952
        0.0016529802        0.0079263248       -0.0000000551
       -0.0006087052       -0.0051269603       -0.0000000500
        0.0686550649        0.0876102001        0.0000011198
       -0.0000003146       -0.0000001901        0.0008951298
       -0.0000000298       -0.0000000301       -0.0014269699
       -0.0000004451       -0.0000001253       -0.0116401401
       -0.0000000202       -0.0000000102        0.0020502000
        0.0000000151       -0.0000000350        0.0007003399
       -0.0000012699       -0.0000004150        0.0025081698
       -0.0000276052        0.0000015999       -0.0292946999
       -0.0000001100       -0.0000000153       -0.0065070003
       -0.0000000654       -0.0000000603        0.0075005499
       -0.0000258001        0.0000011198        0.0352143002
