   14   42
        0.6849036725        0.0000598363       -0.0000994787
       -0.1415880462       -0.0000956812        0.0000038725
       -0.2768729337        0.1177419362        0.0003158300
       -0.2768729300       -0.1175982800       -0.0004169025
        0.0051048413        0.0338365850       -0.0000290925
        0.0051048400       -0.0338363413        0.0000260063
       -0.0000372400        0.0000000137       -0.0000000513
        0.0002314725       -0.0000000075       -0.0000000087
        0.0000316762       -0.0000000338        0.0000001425
       -0.0000040612       -0.0000000013        0.0000000225
        0.0000000000        0.0000000000        0.0000000000
        0.0000000000        0.0000000000       -0.0000000012
        0.0000000000        0.0000000000        0.0000000000
        0.0000000000       -0.0000000012        0.0000000000
        0.0000598363        0.8753233075        0.0002773675
       -0.0000956812       -0.5677716025       -0.0009185787
        0.1236479500       -0.1407381550       -0.0002826200
       -0.1234996274       -0.1407381512       -0.0002826225
       -0.0026503275       -0.0130216375        0.0000477262
        0.0026449725       -0.0130216387        0.0000477350
        0.0000000588        0.0000094688        0.0014236962
        0.0000000837        0.0002889113        0.0009825238
       -0.0000000525       -0.0003052100       -0.0014758562
        0.0000000088       -0.0000230950       -0.0000500287
       -0.0000000012       -0.0000000012       -0.0000000025
       -0.0000000012       -0.0000000012       -0.0000000012
       -0.0000000012       -0.0000000025       -0.0000000012
       -0.0000000025       -0.0000000012       -0.0000000025
       -0.0000994787        0.0002773675        0.1541432400
        0.0000038775        0.0007642526       -0.0689953125
        0.0001057813       -0.0004223513       -0.0481319650
       -0.0001954462       -0.0004223575       -0.0481319675
       -0.0000316025        0.0000079462        0.0069599263
        0.0000326088        0.0000079500        0.0069599313
       -0.0000000175       -0.0000397675       -0.0011947187
        0.0000000112       -0.0003002762       -0.0008568537
        0.0000000325       -0.0001232162       -0.0007662837
        0.0000000000        0.0000249550        0.0000225113
       -0.0000000012        0.0000000000        0.0000000000
        0.0000000013        0.0000000013        0.0000000013
        0.0000000013        0.0000000000        0.0000000013
        0.0000000013        0.0000000013        0.0000000013
       -0.1415880462       -0.0000956812        0.0000038775
        0.6849036700        0.0000598351       -0.0000994775
        0.0051048438        0.0338365900        0.0000260100
        0.0051048425       -0.0338363463       -0.0000290900
       -0.2768729275        0.1177419375       -0.0004169013
       -0.2768729287       -0.1175982750        0.0003158313
       -0.0000372413        0.0000000212       -0.0000000463
        0.0002314700        0.0000000000       -0.0000000112
        0.0000316775       -0.0000000313        0.0000001500
       -0.0000040625        0.0000000038        0.0000000225
        0.0000000000        0.0000000000        0.0000000000
        0.0000000000        0.0000000000        0.0000000000
        0.0000000000        0.0000000000        0.0000000000
        0.0000000000        0.0000000000       -0.0000000012
       -0.0000956812       -0.5677716025        0.0007642526
        0.0000598351        0.8753233075       -0.0005116775
       -0.0026503262       -0.0130216400       -0.0000496287
        0.0026449750       -0.0130216425       -0.0000496312
        0.1236479525       -0.1407381550        0.0002484350
       -0.1234996237       -0.1407381525        0.0002484425
        0.0000000625        0.0000094650       -0.0014236937
        0.0000000825        0.0002889113       -0.0009828762
       -0.0000000525       -0.0003052075        0.0014763050
        0.0000000138       -0.0000230950        0.0000500063
       -0.0000000012        0.0000000025        0.0000000000
        0.0000000025        0.0000000013        0.0000000000
        0.0000000000       -0.0000000025       -0.0000000012
        0.0000000013       -0.0000000012       -0.0000000012
        0.0000038725       -0.0009185787       -0.0689953125
       -0.0000994775       -0.0005116775        0.1541432425
        0.0000326075       -0.0000094825        0.0069599287
       -0.0000315975       -0.0000094788        0.0069599250
       -0.0001954500        0.0003924100       -0.0481319725
        0.0001057812        0.0003924087       -0.0481319650
       -0.0000000150        0.0000397949       -0.0011947200
        0.0000000062        0.0003003888       -0.0008568550
        0.0000000287        0.0001233575       -0.0007662825
       -0.0000000038       -0.0000249625        0.0000225125
       -0.0000000013        0.0000000000        0.0000000000
       -0.0000000025        0.0000000000       -0.0000000025
       -0.0000000025        0.0000000000       -0.0000000025
       -0.0000000025        0.0000000000       -0.0000000025
       -0.2768729337        0.1236479500        0.0001057813
        0.0051048438       -0.0026503262        0.0000326075
        0.2863180625       -0.1353014000       -0.0004092787
       -0.0174460362        0.0147980200        0.0001223250
        0.0016737363       -0.0009339250        0.0000457400
        0.0013499213        0.0004805525       -0.0000094887
        0.0000349913       -0.0000409288       -0.0000449575
        0.0000753375       -0.0000690074        0.0000417125
       -0.0002240987        0.0001976925        0.0000088725
       -0.0000131437        0.0000142688        0.0000149675
        0.0000000000        0.0000000000        0.0000000000
        0.0000000000        0.0000000000        0.0000000000
        0.0000000000        0.0000000000        0.0000000000
        0.0000000000        0.0000000000        0.0000000000
        0.1177419362       -0.1407381550       -0.0004223513
        0.0338365900       -0.0130216400       -0.0000094825
       -0.1353014000        0.1460974025        0.0003807463
       -0.0148014125        0.0120073712        0.0000638000
       -0.0009339225       -0.0058352850        0.0000038250
       -0.0004802950        0.0015451000        0.0000057425
       -0.0000224825        0.0000051687        0.0000359299
       -0.0000351226        0.0000190725       -0.0000432850
        0.0001383075       -0.0000772838       -0.0000293825
        0.0000076787       -0.0000009450       -0.0000159238
        0.0000000000        0.0000000000        0.0000000000
        0.0000000000        0.0000000000        0.0000000000
        0.0000000000        0.0000000000        0.0000000000
        0.0000000000        0.0000000000        0.0000000025
        0.0003158300       -0.0002826200       -0.0481319650
        0.0000260100       -0.0000496287        0.0069599287
       -0.0004092787        0.0003807463        0.0319586425
       -0.0001239812        0.0000638038        0.0043847050
       -0.0000459999       -0.0000042638        0.0142021875
       -0.0000094887       -0.0000057600       -0.0095042412
       -0.0000374675        0.0000378375        0.0002223550
       -0.0001307437        0.0001134688        0.0000255325
        0.0002980225       -0.0002703837       -0.0000832887
        0.0000174863       -0.0000159625       -0.0000306762
        0.0000000038        0.0000000038        0.0000000000
        0.0000000038        0.0000000038        0.0000000038
        0.0000000038        0.0000000038        0.0000000038
        0.0000000038        0.0000000038        0.0000000038
       -0.2768729300       -0.1234996274       -0.0001954462
        0.0051048425        0.0026449750       -0.0000315975
       -0.0174460362       -0.0148014125       -0.0001239812
        0.2863180600        0.1354475512        0.0003160625
        0.0013499238       -0.0004802962        0.0000095050
        0.0016737376        0.0009333600       -0.0000459987
        0.0000349925        0.0000409450        0.0000449125
        0.0000753400        0.0000690100       -0.0000416737
       -0.0002240975       -0.0001976950       -0.0000087537
       -0.0000131450       -0.0000142775       -0.0000149637
        0.0000000000        0.0000000000        0.0000000000
        0.0000000000        0.0000000000       -0.0000000012
        0.0000000000        0.0000000000       -0.0000000012
        0.0000000000        0.0000000000        0.0000000000
       -0.1175982800       -0.1407381512       -0.0004223575
       -0.0338363463       -0.0130216425       -0.0000094788
        0.0147980200        0.0120073712        0.0000638038
        0.1354475512        0.1460974075        0.0003807400
        0.0004805525        0.0015450975        0.0000057387
        0.0009333587       -0.0058352875        0.0000038275
        0.0000224988        0.0000051662        0.0000359224
        0.0000351337        0.0000190675       -0.0000432850
       -0.0001383138       -0.0000772888       -0.0000293850
       -0.0000076762       -0.0000009475       -0.0000159300
        0.0000000000        0.0000000000        0.0000000000
        0.0000000000        0.0000000000        0.0000000000
        0.0000000000       -0.0000000013        0.0000000000
        0.0000000000        0.0000000000        0.0000000000
       -0.0004169025       -0.0002826225       -0.0481319675
       -0.0000290900       -0.0000496312        0.0069599250
        0.0001223250        0.0000638000        0.0043847050
        0.0003160625        0.0003807400        0.0319586500
        0.0000095038       -0.0000057637       -0.0095042475
        0.0000457425       -0.0000042688        0.0142021875
        0.0000375100        0.0000378337        0.0002223550
        0.0001307375        0.0001134675        0.0000255300
       -0.0002980550       -0.0002703850       -0.0000832925
       -0.0000174687       -0.0000159625       -0.0000306775
        0.0000000000        0.0000000000        0.0000000013
        0.0000000000        0.0000000000        0.0000000000
        0.0000000000       -0.0000000012       -0.0000000025
        0.0000000000        0.0000000000        0.0000000000
        0.0051048413       -0.0026503275       -0.0000316025
       -0.2768729275        0.1236479525       -0.0001954500
        0.0016737363       -0.0009339225       -0.0000459999
        0.0013499238        0.0004805525        0.0000095038
        0.2863180625       -0.1353014000        0.0003160613
       -0.0174460374        0.0147980187       -0.0001239762
        0.0000349888       -0.0000409313        0.0000449138
        0.0000753387       -0.0000690050       -0.0000416775
       -0.0002240975        0.0001976963       -0.0000087550
       -0.0000131425        0.0000142713       -0.0000149687
        0.0000000000        0.0000000000        0.0000000000
        0.0000000000        0.0000000000        0.0000000000
       -0.0000000025        0.0000000000        0.0000000000
       -0.0000000025        0.0000000000        0.0000000000
        0.0338365850       -0.0130216375        0.0000079462
        0.1177419375       -0.1407381550        0.0003924100
       -0.0009339250       -0.0058352850       -0.0000042638
       -0.0004802962        0.0015450975       -0.0000057637
       -0.1353014000        0.1460974050       -0.0004093188
       -0.0148014162        0.0120073737       -0.0000642525
       -0.0000224887        0.0000051699       -0.0000359463
       -0.0000351226        0.0000190700        0.0000433112
        0.0001383050       -0.0000772825        0.0000294825
        0.0000076788       -0.0000009501        0.0000159212
        0.0000000012        0.0000000000        0.0000000000
        0.0000000000        0.0000000000        0.0000000000
        0.0000000000       -0.0000000000        0.0000000000
        0.0000000000        0.0000000000        0.0000000000
       -0.0000290925        0.0000477262        0.0069599263
       -0.0004169013        0.0002484350       -0.0481319725
        0.0000457400        0.0000038250        0.0142021875
        0.0000095050        0.0000057387       -0.0095042475
        0.0003160613       -0.0004093188        0.0319586550
        0.0001223250       -0.0000642588        0.0043847012
        0.0000375062       -0.0000377838        0.0002223487
        0.0001307350       -0.0001134513        0.0000255238
       -0.0002980613        0.0002703600       -0.0000832950
       -0.0000174700        0.0000159612       -0.0000306812
        0.0000000000        0.0000000000        0.0000000000
       -0.0000000025        0.0000000000        0.0000000000
        0.0000000000        0.0000000000        0.0000000000
        0.0000000000       -0.0000000025        0.0000000000
        0.0051048400        0.0026449725        0.0000326088
       -0.2768729287       -0.1234996237        0.0001057812
        0.0013499213       -0.0004802950       -0.0000094887
        0.0016737376        0.0009333587        0.0000457425
       -0.0174460374       -0.0148014162        0.0001223250
        0.2863180625        0.1354475500       -0.0004092837
        0.0000349913        0.0000409462       -0.0000449538
        0.0000753400        0.0000690101        0.0000417063
       -0.0002241000       -0.0001976925        0.0000088713
       -0.0000131450       -0.0000142775        0.0000149650
        0.0000000000        0.0000000000        0.0000000000
        0.0000000000        0.0000000000        0.0000000000
       -0.0000000012        0.0000000000        0.0000000000
        0.0000000000        0.0000000000        0.0000000000
       -0.0338363413       -0.0130216387        0.0000079500
       -0.1175982750       -0.1407381525        0.0003924087
        0.0004805525        0.0015451000       -0.0000057600
        0.0009333600       -0.0058352875       -0.0000042688
        0.0147980187        0.0120073737       -0.0000642588
        0.1354475500        0.1460974025       -0.0004093150
        0.0000225037        0.0000051699       -0.0000359463
        0.0000351362        0.0000190725        0.0000433100
       -0.0001383138       -0.0000772825        0.0000294837
       -0.0000076738       -0.0000009463        0.0000159238
        0.0000000025        0.0000000025        0.0000000025
        0.0000000000        0.0000000000        0.0000000000
        0.0000000000        0.0000000000        0.0000000000
        0.0000000000        0.0000000000        0.0000000000
        0.0000260063        0.0000477350        0.0069599313
        0.0003158313        0.0002484425       -0.0481319650
       -0.0000094887        0.0000057425       -0.0095042412
       -0.0000459987        0.0000038275        0.0142021875
       -0.0001239762       -0.0000642525        0.0043847012
       -0.0004092837       -0.0004093150        0.0319586475
       -0.0000374700       -0.0000377850        0.0002223537
       -0.0001307450       -0.0001134462        0.0000255262
        0.0002980200        0.0002703637       -0.0000832938
        0.0000174838        0.0000159650       -0.0000306762
        0.0000000000        0.0000000000        0.0000000000
        0.0000000000        0.0000000000        0.0000000000
        0.0000000000        0.0000000000        0.0000000000
        0.0000000000       -0.0000000013        0.0000000000
       -0.0000372400        0.0000000588       -0.0000000175
       -0.0000372413        0.0000000625       -0.0000000150
        0.0000349913       -0.0000224825       -0.0000374675
        0.0000349925        0.0000224988        0.0000375100
        0.0000349888       -0.0000224887        0.0000375062
        0.0000349913        0.0000225037       -0.0000374700
        0.0938132125        0.0000141237       -0.0002573013
       -0.0654265913        0.0000076713       -0.0001662912
        0.0054209950       -0.0000018300        0.0000008887
       -0.0338704113        0.0000057550       -0.0000749787
        0.0000000000        0.0000000000        0.0000000000
        0.0000000000        0.0000000000        0.0000000000
        0.0000000000        0.0000000013        0.0000000000
        0.0000000000        0.0000000000        0.0000000000
        0.0000000137        0.0000094688       -0.0000397675
        0.0000000212        0.0000094650        0.0000397949
       -0.0000409288        0.0000051687        0.0000378375
        0.0000409450        0.0000051662        0.0000378337
       -0.0000409313        0.0000051699       -0.0000377838
        0.0000409462        0.0000051699       -0.0000377850
        0.0000141237        0.0938169575       -0.0002573301
        0.0000076849       -0.0654306550       -0.0001663225
       -0.0000018213        0.0054680362        0.0000008287
        0.0000057725       -0.0338910413       -0.0000750288
        0.0000000000        0.0000000000        0.0000000000
        0.0000000000        0.0000000000        0.0000000025
        0.0000000000        0.0000000000        0.0000000000
        0.0000000000        0.0000000012        0.0000000000
       -0.0000000513        0.0014236962       -0.0011947187
       -0.0000000463       -0.0014236937       -0.0011947200
       -0.0000449575        0.0000359299        0.0002223550
        0.0000449125        0.0000359224        0.0002223550
        0.0000449138       -0.0000359463        0.0002223487
       -0.0000449538       -0.0000359463        0.0002223537
       -0.0002573013       -0.0002573301        1.5131046425
       -0.0001647238       -0.0001650113       -1.0948447538
        0.0000000112       -0.0000003888        0.0106188425
       -0.0000858563       -0.0000858563       -0.4273752987
        0.0000000012        0.0000000012        0.0000000000
        0.0000000012        0.0000000012        0.0000000012
        0.0000000000        0.0000000012        0.0000000012
        0.0000000012        0.0000000000        0.0000000012
        0.0002314725        0.0000000837        0.0000000112
        0.0002314700        0.0000000825        0.0000000062
        0.0000753375       -0.0000351226       -0.0001307437
        0.0000753400        0.0000351337        0.0001307375
        0.0000753387       -0.0000351226        0.0001307350
        0.0000753400        0.0000351362       -0.0001307450
       -0.0654265913        0.0000076849       -0.0001647238
        0.0966303450        0.0000128625       -0.0002582263
       -0.0368693013        0.0000052675       -0.0000751425
        0.0049040825       -0.0000017338        0.0000012412
        0.0000000000        0.0000000000       -0.0000000013
        0.0000000000        0.0000000000        0.0000000000
       -0.0000000026        0.0000000000        0.0000000000
        0.0000000000        0.0000000000        0.0000000000
       -0.0000000075        0.0002889113       -0.0003002762
        0.0000000000        0.0002889113        0.0003003888
       -0.0000690074        0.0000190725        0.0001134688
        0.0000690100        0.0000190675        0.0001134675
       -0.0000690050        0.0000190700       -0.0001134513
        0.0000690101        0.0000190725       -0.0001134462
        0.0000076713       -0.0654306550       -0.0001650113
        0.0000128625        0.0966054699       -0.0002581200
        0.0000050913       -0.0367495825       -0.0000750200
       -0.0000017275        0.0049235950        0.0000011313
        0.0000000013        0.0000000000        0.0000000000
        0.0000000013        0.0000000013        0.0000000013
        0.0000000000        0.0000000013        0.0000000013
        0.0000000013        0.0000000013        0.0000000000
       -0.0000000087        0.0009825238       -0.0008568537
       -0.0000000112       -0.0009828762       -0.0008568550
        0.0000417125       -0.0000432850        0.0000255325
       -0.0000416737       -0.0000432850        0.0000255300
       -0.0000416775        0.0000433112        0.0000255238
        0.0000417063        0.0000433100        0.0000255262
       -0.0001662912       -0.0001663225       -1.0948447538
       -0.0002582263       -0.0002581200        1.5116708275
       -0.0000854487       -0.0000849787       -0.4221756575
       -0.0000002100       -0.0000002338        0.0069655600
        0.0000000000       -0.0000000012        0.0000000000
        0.0000000000        0.0000000000        0.0000000000
        0.0000000000        0.0000000000        0.0000000012
        0.0000000000        0.0000000000        0.0000000000
        0.0000316762       -0.0000000525        0.0000000325
        0.0000316775       -0.0000000525        0.0000000287
       -0.0002240987        0.0001383075        0.0002980225
       -0.0002240975       -0.0001383138       -0.0002980550
       -0.0002240975        0.0001383050       -0.0002980613
       -0.0002241000       -0.0001383138        0.0002980200
        0.0054209950       -0.0000018213        0.0000000112
       -0.0368693013        0.0000050913       -0.0000854487
        0.0260250600        0.0000079950       -0.0000776162
        0.0062588687       -0.0000001825       -0.0000000775
        0.0000000000        0.0000000000        0.0000000000
        0.0000000000        0.0000000000        0.0000000000
        0.0000000000        0.0000000000        0.0000000000
        0.0000000000       -0.0000000012        0.0000000000
       -0.0000000338       -0.0003052100       -0.0001232162
       -0.0000000313       -0.0003052075        0.0001233575
        0.0001976925       -0.0000772838       -0.0002703837
       -0.0001976950       -0.0000772888       -0.0002703850
        0.0001976963       -0.0000772825        0.0002703600
       -0.0001976925       -0.0000772825        0.0002703637
       -0.0000018300        0.0054680362       -0.0000003888
        0.0000052675       -0.0367495825       -0.0000849787
        0.0000079950        0.0259651575       -0.0000773275
       -0.0000001975        0.0062385762       -0.0000000875
        0.0000000000        0.0000000000        0.0000000000
        0.0000000025        0.0000000012        0.0000000000
        0.0000000000        0.0000000025        0.0000000000
        0.0000000000        0.0000000012        0.0000000012
        0.0000001425       -0.0014758562       -0.0007662837
        0.0000001500        0.0014763050       -0.0007662825
        0.0000088725       -0.0000293825       -0.0000832887
       -0.0000087537       -0.0000293850       -0.0000832925
       -0.0000087550        0.0000294825       -0.0000832950
        0.0000088713        0.0000294837       -0.0000832938
        0.0000008887        0.0000008287        0.0106188425
       -0.0000751425       -0.0000750200       -0.4221756575
       -0.0000776162       -0.0000773275        0.4141372100
        0.0000000625        0.0000000375       -0.0007101075
        0.0000000000        0.0000000000        0.0000000012
        0.0000000000        0.0000000000       -0.0000000012
       -0.0000000012       -0.0000000012       -0.0000000012
        0.0000000000       -0.0000000012        0.0000000012
       -0.0000040612        0.0000000088        0.0000000000
       -0.0000040625        0.0000000138       -0.0000000038
       -0.0000131437        0.0000076787        0.0000174863
       -0.0000131450       -0.0000076762       -0.0000174687
       -0.0000131425        0.0000076788       -0.0000174700
       -0.0000131450       -0.0000076738        0.0000174838
       -0.0338704113        0.0000057725       -0.0000858563
        0.0049040825       -0.0000017275       -0.0000002100
        0.0062588687       -0.0000001975        0.0000000625
        0.0227709400        0.0000083525       -0.0000781975
        0.0000000000        0.0000000000        0.0000000000
        0.0000000000        0.0000000000        0.0000000000
        0.0000000000        0.0000000000        0.0000000000
        0.0000000000        0.0000000000        0.0000000050
       -0.0000000013       -0.0000230950        0.0000249550
        0.0000000038       -0.0000230950       -0.0000249625
        0.0000142688       -0.0000009450       -0.0000159625
       -0.0000142775       -0.0000009475       -0.0000159625
        0.0000142713       -0.0000009501        0.0000159612
       -0.0000142775       -0.0000009463        0.0000159650
        0.0000057550       -0.0338910413       -0.0000858563
       -0.0000017338        0.0049235950       -0.0000002338
       -0.0000001825        0.0062385762        0.0000000375
        0.0000083525        0.0227816675       -0.0000782125
        0.0000000012        0.0000000000        0.0000000000
        0.0000000000        0.0000000012        0.0000000012
        0.0000000012        0.0000000012        0.0000000012
        0.0000000000        0.0000000000        0.0000000000
        0.0000000225       -0.0000500287        0.0000225113
        0.0000000225        0.0000500063        0.0000225125
        0.0000149675       -0.0000159238       -0.0000306762
       -0.0000149637       -0.0000159300       -0.0000306775
       -0.0000149687        0.0000159212       -0.0000306812
        0.0000149650        0.0000159238       -0.0000306762
       -0.0000749787       -0.0000750288       -0.4273752987
        0.0000012412        0.0000011313        0.0069655600
       -0.0000000775       -0.0000000875       -0.0007101075
       -0.0000781975       -0.0000782125        0.4212004450
       -0.0000000012        0.0000000000        0.0000000000
       -0.0000000012       -0.0000000012        0.0000000000
        0.0000000000        0.0000000000       -0.0000000012
        0.0000000000        0.0000000000        0.0000000000
        0.0000000000       -0.0000000012       -0.0000000012
        0.0000000000       -0.0000000012       -0.0000000013
        0.0000000000        0.0000000000        0.0000000038
        0.0000000000        0.0000000000        0.0000000000
        0.0000000000        0.0000000012        0.0000000000
        0.0000000000        0.0000000025        0.0000000000
        0.0000000000        0.0000000000        0.0000000012
        0.0000000000        0.0000000013        0.0000000000
        0.0000000000        0.0000000000        0.0000000000
        0.0000000000        0.0000000012       -0.0000000012
        0.0000000000       -0.0000000012        0.0000000000
        0.0000000000        0.0000000000        0.0000000000
        0.0000000000        0.0000000000        0.0000000000
        0.0000000000        0.0000000000        0.0000000000
        0.0000000000       -0.0000000012        0.0000000000
        0.0000000000        0.0000000025        0.0000000000
        0.0000000000        0.0000000000        0.0000000038
        0.0000000000        0.0000000000        0.0000000000
        0.0000000000        0.0000000000        0.0000000000
        0.0000000000        0.0000000025        0.0000000000
        0.0000000000        0.0000000000        0.0000000012
        0.0000000000        0.0000000000       -0.0000000012
        0.0000000000        0.0000000000        0.0000000000
        0.0000000000        0.0000000000        0.0000000000
       -0.0000000012        0.0000000000        0.0000000000
        0.0000000000       -0.0000000012        0.0000000000
        0.0000000000        0.0000000000        0.0000000000
        0.0000000000       -0.0000000012        0.0000000000
        0.0000000000       -0.0000000025        0.0000000000
        0.0000000000        0.0000000000        0.0000000000
        0.0000000000        0.0000000000        0.0000000000
        0.0000000000        0.0000000000        0.0000000013
        0.0000000000        0.0000000000        0.0000000000
        0.0000000000        0.0000000025        0.0000000000
        0.0000000000        0.0000000000        0.0000000000
       -0.0000000013        0.0000000000        0.0000000000
        0.0000000000        0.0000000000        0.0000000012
        0.0000000000        0.0000000000        0.0000000000
        0.0000000000        0.0000000000        0.0000000000
        0.0000000000        0.0000000000        0.0000000000
        0.0000000000        0.0000000000        0.0000000000
        0.0000000000        0.0000000000        0.0000000000
        0.0000000000       -0.0000000012        0.0000000013
        0.0000000000        0.0000000025       -0.0000000025
        0.0000000000        0.0000000000        0.0000000038
        0.0000000000        0.0000000000        0.0000000000
        0.0000000000        0.0000000000       -0.0000000025
        0.0000000000        0.0000000000        0.0000000000
        0.0000000000        0.0000000000        0.0000000012
        0.0000000000        0.0000000013        0.0000000000
        0.0000000000        0.0000000025        0.0000000000
        0.0000000000        0.0000000000       -0.0000000012
        0.0000000000        0.0000000000        0.0000000000
        0.0000000000        0.0000000000        0.0000000000
        0.0000000000        0.0000000000        0.0000000000
        0.0000000000        0.0000000000        0.0000000000
        0.0000000000       -0.0000000012        0.0000000013
        0.0000000000        0.0000000013        0.0000000000
        0.0000000000        0.0000000000        0.0000000038
        0.0000000000        0.0000000000        0.0000000000
        0.0000000000        0.0000000000        0.0000000000
        0.0000000000        0.0000000000        0.0000000000
        0.0000000000        0.0000000000        0.0000000012
        0.0000000000        0.0000000013        0.0000000000
        0.0000000000        0.0000000012        0.0000000000
        0.0000000000        0.0000000012       -0.0000000012
        0.0000000000       -0.0000000012        0.0000000000
        0.0000000000        0.0000000000        0.0000000000
        0.0000000000        0.0000000000        0.0000000000
        0.0000000000        0.0000000000        0.0000000000
       -0.0000000012       -0.0000000012        0.0000000013
        0.0000000000        0.0000000000       -0.0000000025
        0.0000000000        0.0000000000        0.0000000038
       -0.0000000012        0.0000000000        0.0000000000
        0.0000000000        0.0000000000        0.0000000000
        0.0000000000        0.0000000000        0.0000000000
        0.0000000000        0.0000000025        0.0000000012
        0.0000000000        0.0000000013        0.0000000000
        0.0000000000        0.0000000000       -0.0000000012
        0.0000000000        0.0000000012        0.0000000000
        0.0000000000        0.0000000000        0.0000000000
        0.0000000000        0.0000000000        0.0000000000
        0.0000000000        0.0000000000        0.0000000000
        0.0000000000        0.0000000000        0.0000000000
        0.0000000000       -0.0000000012        0.0000000013
        0.0000000000        0.0000000000       -0.0000000025
        0.0000000000        0.0000000000        0.0000000038
        0.0000000000        0.0000000000        0.0000000000
       -0.0000000025        0.0000000000        0.0000000000
       -0.0000000012        0.0000000000        0.0000000000
        0.0000000000        0.0000000000        0.0000000000
       -0.0000000026        0.0000000000        0.0000000000
        0.0000000000        0.0000000000       -0.0000000012
        0.0000000000        0.0000000012        0.0000000000
        0.0000000000        0.0000000000        0.0000000000
        0.0000000000        0.0000000000        0.0000000000
        0.0000000000        0.0000000000        0.0000000000
        0.0000000000        0.0000000000        0.0000000000
        0.0000000000       -0.0000000025        0.0000000000
        0.0000000000       -0.0000000025        0.0000000000
        0.0000000000        0.0000000000        0.0000000038
        0.0000000000       -0.0000000013       -0.0000000012
        0.0000000000       -0.0000000000        0.0000000000
        0.0000000000        0.0000000000        0.0000000000
        0.0000000013        0.0000000000        0.0000000012
        0.0000000000        0.0000000013        0.0000000000
        0.0000000000        0.0000000025       -0.0000000012
        0.0000000000        0.0000000012        0.0000000000
        0.0000000000        0.0000000000        0.0000000000
        0.0000000000        0.0000000000        0.0000000000
        0.0000000000        0.0000000000        0.0000000000
        0.0000000000        0.0000000000        0.0000000000
        0.0000000000       -0.0000000012        0.0000000013
        0.0000000000       -0.0000000012       -0.0000000025
        0.0000000000        0.0000000000        0.0000000038
       -0.0000000012        0.0000000000       -0.0000000025
        0.0000000000        0.0000000000        0.0000000000
        0.0000000000        0.0000000000        0.0000000000
        0.0000000000        0.0000000000        0.0000000012
        0.0000000000        0.0000000013        0.0000000012
        0.0000000000        0.0000000000       -0.0000000012
        0.0000000000        0.0000000012       -0.0000000012
        0.0000000000        0.0000000000        0.0000000000
        0.0000000000        0.0000000000        0.0000000000
        0.0000000000        0.0000000000        0.0000000000
        0.0000000000       -0.0000000012        0.0000000000
        0.0000000000       -0.0000000025        0.0000000013
        0.0000000000        0.0000000013       -0.0000000025
        0.0000000000        0.0000000000        0.0000000038
        0.0000000000        0.0000000000        0.0000000000
       -0.0000000025        0.0000000000        0.0000000000
        0.0000000000        0.0000000000        0.0000000000
        0.0000000000        0.0000000000        0.0000000012
        0.0000000000        0.0000000013        0.0000000000
        0.0000000000        0.0000000000        0.0000000000
        0.0000000000        0.0000000000        0.0000000000
        0.0000000000        0.0000000000        0.0000000000
        0.0000000000        0.0000000000        0.0000000000
        0.0000000000        0.0000000000        0.0000000000
        0.0000000000        0.0000000000        0.0000000000
       -0.0000000012       -0.0000000012        0.0000000013
        0.0000000000       -0.0000000012        0.0000000000
        0.0000000000        0.0000000000        0.0000000038
        0.0000000000        0.0000000000        0.0000000000
        0.0000000000        0.0000000000       -0.0000000025
        0.0000000000        0.0000000000       -0.0000000013
        0.0000000000        0.0000000012        0.0000000000
        0.0000000000        0.0000000013        0.0000000000
       -0.0000000012        0.0000000012       -0.0000000012
        0.0000000000        0.0000000000        0.0000000000
        0.0000000000       -0.0000000012        0.0000000000
        0.0000000000        0.0000000000        0.0000000000
        0.0000000000        0.0000000000       -0.0000000012
        0.0000000000        0.0000000000        0.0000000000
        0.0000000000       -0.0000000025        0.0000000013
       -0.0000000012       -0.0000000012       -0.0000000025
        0.0000000000        0.0000000025        0.0000000038
        0.0000000000        0.0000000000        0.0000000000
        0.0000000000        0.0000000000        0.0000000000
        0.0000000000        0.0000000000        0.0000000000
        0.0000000000        0.0000000000        0.0000000012
        0.0000000000        0.0000000000        0.0000000000
        0.0000000000        0.0000000012        0.0000000012
        0.0000000050        0.0000000000        0.0000000000
        0.0000000000        0.0000000000        0.0000000000
        0.0000000000        0.0000000000        0.0000000000
        0.0000000000        0.0000000000        0.0000000000
        0.0000000000        0.0000000000        0.0000000000
