   18   54
        0.1263704195       -0.0000154495       -0.0000271049
       -0.0520006898       -0.0000085998       -0.0000043195
       -0.0520005796       -0.0000085194       -0.0000044645
        0.0029314305       -0.0000004897       -0.0000005946
        0.0029316951       -0.0000004249       -0.0000002998
        0.0053857801       -0.0000002348        0.0000003803
        0.0053857605       -0.0000000395       -0.0000000097
        0.0004578399        0.0000000250        0.0000002657
        0.0004578251        0.0000005002        0.0000000304
       -0.0007131345        0.0000001302       -0.0000000998
       -0.0363982099        0.0000009601       -0.0000160847
       -0.0010638999       -0.0000000796       -0.0000001896
       -0.0010636546       -0.0000000196        0.0000001205
        0.0002419503        0.0000002302        0.0000001302
        0.0002420802       -0.0000000296        0.0000000153
       -0.0004988198       -0.0000000648       -0.0000006199
       -0.0004989096        0.0000003402       -0.0000001145
       -0.0001471045       -0.0000002694        0.0000000506
       -0.0000154495        0.5922849994        0.0000236051
       -0.0000086098       -0.2619729349       -0.1091517396
       -0.0000082048       -0.2619725996        0.1090910806
       -0.0000007344        0.0095974951       -0.0260704746
       -0.0000007051        0.0095975352        0.0259475553
        0.0000010053       -0.0046769796        0.0007841254
        0.0000009055       -0.0046766544       -0.0009160448
       -0.0000009550       -0.0035556346        0.0056205704
       -0.0000008998       -0.0035553649       -0.0057053296
        0.0000008154        0.0084147402        0.0000000804
        0.0000015550       -0.0602447395       -0.0000163698
       -0.0000004098       -0.0102390845       -0.0168074445
       -0.0000006148       -0.0102390646        0.0168063005
       -0.0000002547        0.0006474104        0.0013751651
        0.0000001504        0.0006474255       -0.0013749798
       -0.0000001793        0.0005829705       -0.0006046898
       -0.0000001745        0.0005832902        0.0006049007
        0.0000002603       -0.0013792945        0.0000000654
       -0.0000271049        0.0000236051        0.8018612698
       -0.0000040200       -0.1151202750       -0.1828887648
       -0.0000040049        0.1151619901       -0.1828885047
       -0.0000005846       -0.0222231449       -0.0484283947
       -0.0000003604        0.0222213447       -0.0484284149
       -0.0000003200        0.0058522454       -0.0032556198
       -0.0000003399       -0.0058528599       -0.0032553001
       -0.0000001302       -0.0024527299       -0.0027452944
       -0.0000002552        0.0024518650       -0.0027453851
       -0.0000002197       -0.0000004152        0.0018919803
       -0.0000186600       -0.0000186799       -0.3502419850
       -0.0000004150        0.0122576299        0.0111093402
       -0.0000001901       -0.0122589148        0.0111093703
       -0.0000001648       -0.0000560649       -0.0000275301
       -0.0000001350        0.0000563350       -0.0000274548
       -0.0000002046        0.0000048851       -0.0005925099
       -0.0000002149       -0.0000051398       -0.0005924747
       -0.0000000648       -0.0000001248        0.0001436050
       -0.0520006898       -0.0000086098       -0.0000040200
        0.1062006396       -0.0000266400       -0.0000162748
        0.0099679400       -0.0000002896        0.0000009453
       -0.0596927447       -0.0000022848       -0.0000109546
        0.0096370951       -0.0000008149        0.0000003550
        0.0013317398       -0.0000001396       -0.0000007299
       -0.0005324398        0.0000000654       -0.0000007597
        0.0089511948       -0.0000006997       -0.0000005147
        0.0012792748       -0.0000004849       -0.0000010246
       -0.0005704749       -0.0000006349        0.0000001353
        0.0019057052       -0.0000001199        0.0000001251
       -0.0240365000       -0.0000147298       -0.0000008697
        0.0039721402       -0.0000000247       -0.0000000995
       -0.0044962997        0.0000003351        0.0000000350
       -0.0011448648        0.0000002854       -0.0000000247
       -0.0000670448       -0.0000002197       -0.0000003047
        0.0001327302        0.0000001000       -0.0000000446
       -0.0008098647        0.0000001455        0.0000000352
       -0.0000085998       -0.2619729349       -0.1151202750
       -0.0000266400        0.7903124498       -0.0575957597
       -0.0000005400       -0.0629408700       -0.0008530048
       -0.0000010797       -0.1175096048        0.0750677503
       -0.0000012201       -0.0390061601        0.0359959799
        0.0000001398        0.0112184051       -0.0183607548
       -0.0000002598       -0.0025281949       -0.0147214499
       -0.0000002302        0.0010148051       -0.0097587696
       -0.0000003152        0.0072665352        0.0066793100
        0.0000002854       -0.0090874352        0.0001711703
       -0.0000000799        0.0079967651        0.0062987201
       -0.0000176101       -0.3227538051        0.0892961154
       -0.0000007199       -0.0027240750        0.0038667503
       -0.0000005099        0.0014735051       -0.0012346950
        0.0000000352       -0.0012853300        0.0014221499
       -0.0000003647        0.0000212603       -0.0011686703
        0.0000000051        0.0001258701       -0.0000436597
       -0.0000004397        0.0003799852        0.0000524753
       -0.0000043195       -0.1091517396       -0.1828887648
       -0.0000162748       -0.0575957597        0.6154578193
        0.0000003303        0.0008398956        0.0088649958
       -0.0000119496        0.0708417403       -0.3062294894
       -0.0000007697        0.0170997802       -0.0005119148
       -0.0000001947        0.0034068302       -0.0380913946
        0.0000010604        0.0068646156       -0.0139875397
       -0.0000007699        0.0025529502        0.0033181607
       -0.0000010948        0.0043935401        0.0124013101
        0.0000007154       -0.0089762449       -0.0038401745
       -0.0000006747       -0.0222630996       -0.0065651545
       -0.0000009649        0.0895461704       -0.0874734346
       -0.0000000298        0.0023274754       -0.0020928294
        0.0000000102        0.0006287453        0.0001587352
        0.0000002254       -0.0010246995        0.0012843904
       -0.0000000443       -0.0004842047        0.0005992902
       -0.0000005593       -0.0004748998       -0.0006342893
       -0.0000002845        0.0013609255       -0.0000789697
       -0.0520005796       -0.0000082048       -0.0000040049
        0.0099679400       -0.0000005400        0.0000003303
        0.1062004696       -0.0000264598       -0.0000152897
        0.0096370755       -0.0000010047        0.0000001555
       -0.0596923800       -0.0000016797       -0.0000105649
       -0.0005321951        0.0000000452       -0.0000003698
        0.0013318953       -0.0000002547       -0.0000006898
        0.0012793748       -0.0000004849       -0.0000008848
        0.0089511997        0.0000000801       -0.0000005497
       -0.0005703797       -0.0000004502        0.0000002953
        0.0019059252        0.0000000250        0.0000001253
        0.0039724299       -0.0000000298       -0.0000002896
       -0.0240364949       -0.0000147898       -0.0000007495
       -0.0011448799        0.0000004400        0.0000002098
       -0.0044962297        0.0000000151        0.0000000051
        0.0001325401       -0.0000000497        0.0000000500
       -0.0000667549        0.0000003649       -0.0000000145
       -0.0008098098       -0.0000002194        0.0000000705
       -0.0000085194       -0.2619725996        0.1151619901
       -0.0000002896       -0.0629408700        0.0008398956
       -0.0000264598        0.7903116193        0.0576218054
       -0.0000007248       -0.0390062797       -0.0360074995
       -0.0000006449       -0.1175095048       -0.0750822699
        0.0000006452       -0.0025274647        0.0147095005
        0.0000005255        0.0112188152        0.0183484704
        0.0000001000        0.0072665503       -0.0066855492
       -0.0000001501        0.0010155554        0.0097508502
        0.0000004255       -0.0090871148       -0.0001711047
       -0.0000001049        0.0079972702       -0.0062987647
        0.0000001353       -0.0027241097       -0.0038665897
       -0.0000165798       -0.3227533844       -0.0892992395
        0.0000003203       -0.0012849898       -0.0014220399
        0.0000002854        0.0014742903        0.0012351703
        0.0000002404        0.0001260003        0.0000441452
        0.0000003953        0.0000215502        0.0011688206
        0.0000000452        0.0003804305       -0.0000528544
       -0.0000044645        0.1090910806       -0.1828885047
        0.0000009453       -0.0008530048        0.0088649958
       -0.0000152897        0.0576218054        0.6154566091
       -0.0000006943       -0.0171156796       -0.0005116195
       -0.0000114596       -0.0708583798       -0.3062286194
        0.0000016152       -0.0068709494       -0.0139865145
        0.0000007105       -0.0034143443       -0.0380907247
       -0.0000002800       -0.0044395495        0.0124020457
       -0.0000005349       -0.0026048147        0.0033187104
        0.0000016607        0.0088516654       -0.0038396044
       -0.0000000347        0.0222638255       -0.0065648896
        0.0000005005       -0.0023274646       -0.0020925293
        0.0000001504       -0.0895453945       -0.0874724543
        0.0000007756        0.0010261704        0.0012846053
        0.0000007955       -0.0006273095        0.0001593654
        0.0000004357        0.0004751905       -0.0006336745
        0.0000004255        0.0004853254        0.0006002355
        0.0000008055       -0.0013602593       -0.0000783695
        0.0029314305       -0.0000007344       -0.0000005846
       -0.0596927447       -0.0000010797       -0.0000119496
        0.0096370755       -0.0000007248       -0.0000006943
        0.1332043894       -0.0000147247       -0.0000198446
       -0.0621492347       -0.0000088448        0.0000010351
       -0.0458889099       -0.0000056096       -0.0000096296
       -0.0030202395       -0.0000003993        0.0000006455
       -0.0010094450       -0.0000004698       -0.0000003945
       -0.0047800498        0.0000002854        0.0000001702
       -0.0008907546       -0.0000002800       -0.0000002393
        0.0069465003       -0.0000003396       -0.0000001594
       -0.0007791698       -0.0000006946       -0.0000005195
        0.0040154100       -0.0000001697        0.0000000458
        0.0048855753       -0.0000001148       -0.0000003050
        0.0084426804       -0.0000003698       -0.0000000449
        0.0077202753       -0.0000005949       -0.0000002498
        0.0002885952        0.0000000702       -0.0000001896
        0.0001981553       -0.0000004096       -0.0000000296
       -0.0000004897        0.0095974951       -0.0222231449
       -0.0000022848       -0.1175096048        0.0708417403
       -0.0000010047       -0.0390062797       -0.0171156796
       -0.0000147247        0.5947462296        0.1198644554
       -0.0000090000       -0.1999222400       -0.0222189146
       -0.0000056298       -0.2235075198       -0.1442562498
        0.0000002004       -0.0127463997        0.0131452103
       -0.0000006102        0.0101407403        0.0080725056
       -0.0000002601       -0.0063321900       -0.0090576899
       -0.0000002498        0.0097220649        0.0016799055
       -0.0000001700       -0.0049641648       -0.0019112147
       -0.0000009399       -0.0019270996        0.0263395955
       -0.0000007947        0.0003677803       -0.0004438195
       -0.0000008396       -0.0199421899       -0.0267923048
       -0.0000006349        0.0012280952        0.0009099804
       -0.0000004044        0.0000364253        0.0035838201
       -0.0000004047        0.0003879501       -0.0004535147
       -0.0000006696       -0.0004077697        0.0000129302
       -0.0000005946       -0.0260704746       -0.0484283947
       -0.0000109546        0.0750677503       -0.3062294894
        0.0000001555       -0.0360074995       -0.0005116195
       -0.0000198446        0.1198644554        0.7668794893
        0.0000004701        0.0221862501       -0.1228764148
       -0.0000066947       -0.1440258697       -0.2764861145
        0.0000018156        0.0135463856        0.0431750954
       -0.0000002797       -0.0313258397       -0.0271665644
       -0.0000001850       -0.0156536549       -0.0262591146
        0.0000017604        0.0199627351        0.0070197956
       -0.0000001850       -0.0042166448       -0.0015628345
       -0.0000002348       -0.0042352698       -0.0005093395
        0.0000002203        0.0002032652       -0.0065420642
        0.0000004903        0.0059106904        0.0071569502
        0.0000006204        0.0037433705       -0.0042109448
        0.0000001907        0.0019878652       -0.0048602396
        0.0000003905        0.0001819953        0.0006338254
        0.0000007353       -0.0013836996        0.0004199805
        0.0029316951       -0.0000007051       -0.0000003604
        0.0096370951       -0.0000012201       -0.0000007697
       -0.0596923800       -0.0000006449       -0.0000114596
       -0.0621492347       -0.0000090000        0.0000004701
        0.1332040301       -0.0000138002       -0.0000193003
       -0.0030200502       -0.0000003050        0.0000004349
       -0.0458887348       -0.0000047450       -0.0000090100
       -0.0047797852       -0.0000002399        0.0000002402
       -0.0010094004        0.0000003848       -0.0000009450
       -0.0008905951        0.0000002447       -0.0000001251
        0.0069466799        0.0000001148        0.0000000500
        0.0040154148       -0.0000002001       -0.0000001648
       -0.0007789052        0.0000000750       -0.0000000298
        0.0084427700        0.0000002399        0.0000001597
        0.0048858499        0.0000004252       -0.0000001202
        0.0002886952       -0.0000000401        0.0000000350
        0.0077205650        0.0000001896       -0.0000000199
        0.0001983202        0.0000000901       -0.0000000350
       -0.0000004249        0.0095975352        0.0222213447
       -0.0000008149       -0.0390061601        0.0170997802
       -0.0000016797       -0.1175095048       -0.0708583798
       -0.0000088448       -0.1999222400        0.0221862501
       -0.0000138002        0.5947460500       -0.1198384751
        0.0000003800       -0.0127464000       -0.0131634098
       -0.0000056249       -0.2235078699        0.1442919501
        0.0000000597       -0.0063332149        0.0090462703
       -0.0000006452        0.0101408401       -0.0080843552
        0.0000000102        0.0097221397       -0.0016802798
       -0.0000004454       -0.0049636552        0.0019107699
       -0.0000007850        0.0003678250        0.0004429853
       -0.0000006750       -0.0019266150       -0.0263390496
       -0.0000006000        0.0012286148       -0.0009102402
       -0.0000006699       -0.0199421700        0.0267915249
       -0.0000001148        0.0003880501        0.0004526049
       -0.0000000099        0.0000367498       -0.0035837849
       -0.0000001899       -0.0004075298       -0.0000129847
       -0.0000002998        0.0259475553       -0.0484284149
        0.0000003550        0.0359959799       -0.0005119148
       -0.0000105649       -0.0750822699       -0.3062286194
        0.0000010351       -0.0222189146       -0.1228764148
       -0.0000193003       -0.1198384751        0.7668788697
        0.0000022351       -0.0135535700        0.0431753801
       -0.0000067499        0.1440700902       -0.2764861901
        0.0000001148        0.0155944900       -0.0262586445
       -0.0000003899        0.0312594400       -0.0271660949
        0.0000021052       -0.0201216349        0.0070204652
        0.0000005349        0.0042172002       -0.0015625301
       -0.0000002248       -0.0002023097       -0.0065421696
        0.0000002052        0.0042353801       -0.0005087298
        0.0000004252       -0.0037419699       -0.0042106700
        0.0000008902       -0.0059097650        0.0071570352
        0.0000005400       -0.0001805648        0.0006341000
        0.0000006150       -0.0019870450       -0.0048602999
        0.0000009751        0.0013847503        0.0004205853
        0.0053857801        0.0000010053       -0.0000003200
        0.0013317398        0.0000001398       -0.0000001947
       -0.0005321951        0.0000006452        0.0000016152
       -0.0458889099       -0.0000056298       -0.0000066947
       -0.0030200502        0.0000003800        0.0000022351
        0.1243657499       -0.0000214050       -0.0000194299
       -0.0017674199       -0.0000001148        0.0000010601
       -0.0477936601        0.0000002350       -0.0000113499
       -0.0001642053        0.0000010550        0.0000000850
       -0.0013508097        0.0000011698        0.0000005150
        0.0004199700        0.0000000000       -0.0000000301
       -0.0025171300       -0.0000000298       -0.0000004297
        0.0018322700       -0.0000004150       -0.0000000148
       -0.0388477901       -0.0000141048        0.0000003550
        0.0002008650       -0.0000000497        0.0000002049
        0.0012288353       -0.0000000398       -0.0000001151
       -0.0002942301        0.0000000099        0.0000000503
        0.0074761300        0.0000000404        0.0000000850
       -0.0000002348       -0.0046769796        0.0058522454
       -0.0000001396        0.0112184051        0.0034068302
        0.0000000452       -0.0025274647       -0.0068709494
       -0.0000056096       -0.2235075198       -0.1440258697
       -0.0000003050       -0.0127464000       -0.0135535700
       -0.0000214050        0.6706214896        0.0222040254
       -0.0000003246        0.0038935354       -0.0075397497
        0.0000007751       -0.1240830997        0.0708231903
       -0.0000001350        0.0046892401        0.0064732504
        0.0000004403       -0.0079718600        0.0298852552
       -0.0000001199        0.0013380702        0.0005620151
       -0.0000002248        0.0008836253        0.0009858206
       -0.0000001597       -0.0003862399       -0.0013589846
       -0.0000170397       -0.3188529547        0.0556604499
       -0.0000000097       -0.0001761248        0.0002274854
       -0.0000005599        0.0064845952       -0.0253663850
       -0.0000000048        0.0002107203       -0.0004180498
       -0.0000001950       -0.0044097098        0.0030440552
        0.0000003803        0.0007841254       -0.0032556198
       -0.0000007299       -0.0183607548       -0.0380913946
       -0.0000003698        0.0147095005       -0.0139865145
       -0.0000096296       -0.1442562498       -0.2764861145
        0.0000004349       -0.0131634098        0.0431753801
       -0.0000194299        0.0222040254        0.7561535796
        0.0000012852        0.0075305002       -0.0230145298
       -0.0000131402        0.0510487251       -0.3619993495
       -0.0000000151        0.0062732403        0.0156591801
        0.0000014202        0.0055289502       -0.0160305748
        0.0000002851        0.0000652452       -0.0003023999
       -0.0000000298        0.0001394801        0.0010990553
        0.0000000250       -0.0002935946        0.0016959754
        0.0000013051        0.0576759302       -0.0677463447
        0.0000002004       -0.0002584497        0.0006328753
       -0.0000003195        0.0087420702       -0.0180196849
        0.0000003203       -0.0010855399       -0.0010722897
        0.0000001603        0.0025044105        0.0011894903
        0.0053857605        0.0000009055       -0.0000003399
       -0.0005324398       -0.0000002598        0.0000010604
        0.0013318953        0.0000005255        0.0000007105
       -0.0030202395        0.0000002004        0.0000018156
       -0.0458887348       -0.0000056249       -0.0000067499
       -0.0017674199       -0.0000003246        0.0000012852
        0.1243658693       -0.0000216795       -0.0000191045
       -0.0001641800        0.0000006204        0.0000001307
       -0.0477936598        0.0000007103       -0.0000111345
       -0.0013509094        0.0000011153        0.0000005105
        0.0004197653       -0.0000000145        0.0000000503
        0.0018323652       -0.0000000696       -0.0000003945
       -0.0025172196       -0.0000004246        0.0000001006
        0.0002007306       -0.0000001049        0.0000001651
       -0.0388479748       -0.0000145997        0.0000003604
       -0.0002943693       -0.0000001296       -0.0000001097
        0.0012288405        0.0000003001       -0.0000002143
        0.0074759905       -0.0000003394       -0.0000000693
       -0.0000000395       -0.0046766544       -0.0058528599
        0.0000000654       -0.0025281949        0.0068646156
       -0.0000002547        0.0112188152       -0.0034143443
       -0.0000003993       -0.0127463997        0.0135463856
       -0.0000047450       -0.2235078699        0.1440700902
       -0.0000001148        0.0038935354        0.0075305002
       -0.0000216795        0.6706214793       -0.0221904298
       -0.0000002748        0.0046885253       -0.0064795196
        0.0000002652       -0.1240831398       -0.0708432549
        0.0000004255       -0.0079722849       -0.0298838245
       -0.0000003348        0.0013380702       -0.0005620396
       -0.0000002348       -0.0003862596        0.0013591605
       -0.0000002697        0.0008836454       -0.0009856944
       -0.0000000946       -0.0001759898       -0.0002280899
       -0.0000171045       -0.3188524647       -0.0556798295
       -0.0000003945        0.0002103505        0.0004181203
       -0.0000006645        0.0064848902        0.0253653855
       -0.0000000597       -0.0044096694       -0.0030442393
       -0.0000000097       -0.0009160448       -0.0032553001
       -0.0000007597       -0.0147214499       -0.0139875397
       -0.0000006898        0.0183484704       -0.0380907247
        0.0000006455        0.0131452103        0.0431750954
       -0.0000090100        0.1442919501       -0.2764861901
        0.0000010601       -0.0075397497       -0.0230145298
       -0.0000191045       -0.0221904298        0.7561535097
       -0.0000002203       -0.0063581896        0.0156590104
       -0.0000135500       -0.0511561851       -0.3619997398
        0.0000014401       -0.0057493051       -0.0160305245
        0.0000003749       -0.0000650698       -0.0003023547
       -0.0000003752        0.0002939953        0.0016953504
        0.0000001450       -0.0001389998        0.0010991855
        0.0000000853        0.0002599151        0.0006324652
        0.0000015100       -0.0576913646       -0.0677463296
        0.0000002802        0.0010863454       -0.0010722752
       -0.0000001248       -0.0087423300       -0.0180199646
       -0.0000001350       -0.0025044596        0.0011894753
        0.0004578399       -0.0000009550       -0.0000001302
        0.0089511948       -0.0000002302       -0.0000007699
        0.0012793748        0.0000001000       -0.0000002800
       -0.0010094450       -0.0000006102       -0.0000002797
       -0.0047797852        0.0000000597        0.0000001148
       -0.0477936601        0.0000007751       -0.0000131402
       -0.0001641800       -0.0000002748       -0.0000002203
        0.1136042101       -0.0000214149       -0.0000207899
       -0.0003671903        0.0000002396       -0.0000008302
       -0.0482527150       -0.0000118402       -0.0000003649
       -0.0014588400       -0.0000000250        0.0000001347
       -0.0004519251       -0.0000000452       -0.0000003848
       -0.0000834700       -0.0000004351        0.0000002700
        0.0036374649       -0.0000001401       -0.0000001802
        0.0000717350       -0.0000000551        0.0000002098
       -0.0338787498       -0.0000087852       -0.0000056801
        0.0074896349        0.0000000949       -0.0000000600
        0.0028121849       -0.0000000099        0.0000001552
        0.0000000250       -0.0035556346       -0.0024527299
       -0.0000006997        0.0010148051        0.0025529502
       -0.0000004849        0.0072665503       -0.0044395495
       -0.0000004698        0.0101407403       -0.0313258397
       -0.0000002399       -0.0063332149        0.0155944900
        0.0000002350       -0.1240830997        0.0510487251
        0.0000006204        0.0046885253       -0.0063581896
       -0.0000214149        0.7045148897       -0.0351794546
       -0.0000000151       -0.0340509447        0.0128575752
       -0.0000094298       -0.3270776151        0.1106518053
       -0.0000001648        0.0003629401       -0.0002236800
       -0.0000008350        0.0000589750       -0.0010817647
       -0.0000002501       -0.0001139449        0.0004311005
       -0.0000003547       -0.0056185499        0.0315193500
        0.0000002601        0.0000752954        0.0012513902
       -0.0000104995       -0.2243390199       -0.1390600198
       -0.0000002098       -0.0032342851       -0.0027283298
        0.0000000702        0.0002390254       -0.0032694797
        0.0000002657        0.0056205704       -0.0027452944
       -0.0000005147       -0.0097587696        0.0033181607
       -0.0000008848       -0.0066855492        0.0124020457
       -0.0000003945        0.0080725056       -0.0271665644
        0.0000002402        0.0090462703       -0.0262586445
       -0.0000113499        0.0708231903       -0.3619993495
        0.0000001307       -0.0064795196        0.0156590104
       -0.0000207899       -0.0351794546        0.7220557092
       -0.0000001600       -0.0129214496        0.0089465604
       -0.0000006744        0.0924675902       -0.1570939696
       -0.0000000048       -0.0011950496       -0.0001398945
       -0.0000006395        0.0000715954        0.0006867955
       -0.0000005997        0.0002179405       -0.0005166393
       -0.0000001296       -0.0020791299       -0.0052183498
        0.0000002106        0.0005713605       -0.0009933495
       -0.0000063295       -0.1392758344       -0.1693669296
       -0.0000000995       -0.0037979947        0.0002565855
       -0.0000001845        0.0302759355       -0.0121381245
        0.0004578251       -0.0000008998       -0.0000002552
        0.0012792748       -0.0000003152       -0.0000010948
        0.0089511997       -0.0000001501       -0.0000005349
       -0.0047800498       -0.0000002601       -0.0000001850
       -0.0010094004       -0.0000006452       -0.0000003899
       -0.0001642053       -0.0000001350       -0.0000000151
       -0.0477936598        0.0000002652       -0.0000135500
       -0.0003671903       -0.0000000151       -0.0000001600
        0.1136043102       -0.0000207152       -0.0000212600
       -0.0482528199       -0.0000119454       -0.0000005949
       -0.0014588355        0.0000000148        0.0000000648
       -0.0000837952       -0.0000002450       -0.0000004550
       -0.0004519254       -0.0000000500       -0.0000001450
        0.0000715050        0.0000002299       -0.0000000551
        0.0036376449        0.0000000600       -0.0000000151
        0.0074894052       -0.0000000401       -0.0000000801
       -0.0338786950       -0.0000087553       -0.0000054999
        0.0028121900       -0.0000000699        0.0000000651
        0.0000005002       -0.0035553649        0.0024518650
       -0.0000004849        0.0072665352        0.0043935401
        0.0000000801        0.0010155554       -0.0026048147
        0.0000002854       -0.0063321900       -0.0156536549
        0.0000003848        0.0101408401        0.0312594400
        0.0000010550        0.0046892401        0.0062732403
        0.0000007103       -0.1240831398       -0.0511561851
        0.0000002396       -0.0340509447       -0.0129214496
       -0.0000207152        0.7045141598        0.0351775250
       -0.0000088298       -0.3270776000       -0.1106341497
        0.0000003749        0.0003633050        0.0002234052
       -0.0000000901       -0.0001136300       -0.0004304897
       -0.0000000898        0.0000597802        0.0010825102
        0.0000000949        0.0000757899       -0.0012521500
       -0.0000001799       -0.0056178797       -0.0315188049
        0.0000000500       -0.0032346000        0.0027286251
       -0.0000096998       -0.2243386700        0.1391126702
        0.0000003951        0.0002393452        0.0032686901
        0.0000000304       -0.0057053296       -0.0027453851
       -0.0000010246        0.0066793100        0.0124013101
       -0.0000005497        0.0097508502        0.0033187104
        0.0000001702       -0.0090576899       -0.0262591146
       -0.0000009450       -0.0080843552       -0.0271660949
        0.0000000850        0.0064732504        0.0156591801
       -0.0000111345       -0.0708432549       -0.3619997398
       -0.0000008302        0.0128575752        0.0089465604
       -0.0000212600        0.0351775250        0.7220558797
       -0.0000009547       -0.0926059499       -0.1570943547
       -0.0000001549        0.0011949552       -0.0001397149
       -0.0000005349       -0.0002180849       -0.0005173348
       -0.0000009848       -0.0000717350        0.0006870403
       -0.0000004349       -0.0005706650       -0.0009934200
       -0.0000003598        0.0020789301       -0.0052184549
       -0.0000001347        0.0037981252        0.0002568152
       -0.0000061948        0.1393285950       -0.1693669495
       -0.0000002447       -0.0302762896       -0.0121386347
       -0.0007131345        0.0000008154       -0.0000002197
       -0.0005704749        0.0000002854        0.0000007154
       -0.0005703797        0.0000004255        0.0000016607
       -0.0008907546       -0.0000002498        0.0000017604
       -0.0008905951        0.0000000102        0.0000021052
       -0.0013508097        0.0000004403        0.0000014202
       -0.0013509094        0.0000004255        0.0000014401
       -0.0482527150       -0.0000094298       -0.0000006744
       -0.0482528199       -0.0000088298       -0.0000009547
        0.1209924494       -0.0000184050       -0.0000202795
        0.0001890402        0.0000000603        0.0000000352
        0.0006587251       -0.0000000998        0.0000000153
        0.0006588553       -0.0000000847        0.0000002956
        0.0069461603        0.0000003354       -0.0000000151
        0.0069463755       -0.0000001296        0.0000001603
        0.0010865506       -0.0000000446        0.0000001901
        0.0010865602        0.0000000202        0.0000001805
       -0.0356540596        0.0000008305       -0.0000152247
        0.0000001302        0.0084147402       -0.0000004152
       -0.0000006349       -0.0090874352       -0.0089762449
       -0.0000004502       -0.0090871148        0.0088516654
       -0.0000002800        0.0097220649        0.0199627351
        0.0000002447        0.0097221397       -0.0201216349
        0.0000011698       -0.0079718600        0.0055289502
        0.0000011153       -0.0079722849       -0.0057493051
       -0.0000118402       -0.3270776151        0.0924675902
       -0.0000119454       -0.3270776000       -0.0926059499
       -0.0000184050        0.7537383300        0.0000031253
       -0.0000000051       -0.0012290701        0.0000000250
       -0.0000006852        0.0000855900        0.0008019452
       -0.0000001350        0.0000852151       -0.0008019097
       -0.0000002299        0.0020266597        0.0007203150
        0.0000002652        0.0020262900       -0.0007203349
       -0.0000003649       -0.0205004551        0.0138912498
       -0.0000002649       -0.0205001152       -0.0138923400
        0.0000014299       -0.0554702248       -0.0000163050
       -0.0000000998        0.0000000804        0.0018919803
        0.0000001353        0.0001711703       -0.0038401745
        0.0000002953       -0.0001711047       -0.0038396044
       -0.0000002393        0.0016799055        0.0070197956
       -0.0000001251       -0.0016802798        0.0070204652
        0.0000005150        0.0298852552       -0.0160305748
        0.0000005105       -0.0298838245       -0.0160305245
       -0.0000003649        0.1106518053       -0.1570939696
       -0.0000005949       -0.1106341497       -0.1570943547
       -0.0000202795        0.0000031253        0.6658666894
        0.0000000102        0.0000000003        0.0001472051
       -0.0000001498       -0.0000040799        0.0002520756
       -0.0000000449        0.0000038304        0.0002521054
       -0.0000001447        0.0015863853       -0.0052682498
       -0.0000000696       -0.0015861895       -0.0052682998
       -0.0000001245       -0.0200656444        0.0085151601
       -0.0000001197        0.0200653301        0.0085149355
       -0.0000177596       -0.0000175746       -0.3350110447
       -0.0363982099        0.0000015550       -0.0000186600
        0.0019057052       -0.0000000799       -0.0000006747
        0.0019059252       -0.0000001049       -0.0000000347
        0.0069465003       -0.0000001700       -0.0000001850
        0.0069466799       -0.0000004454        0.0000005349
        0.0004199700       -0.0000001199        0.0000002851
        0.0004197653       -0.0000003348        0.0000003749
       -0.0014588400       -0.0000001648       -0.0000000048
       -0.0014588355        0.0000003749       -0.0000001549
        0.0001890402       -0.0000000051        0.0000000102
        0.0240515999        0.0000013350       -0.0000167398
       -0.0023577499       -0.0000001748       -0.0000001248
       -0.0023576249       -0.0000002348        0.0000003052
        0.0005208801        0.0000002649        0.0000000847
        0.0005210100       -0.0000001498       -0.0000000250
       -0.0000478099       -0.0000001600       -0.0000003652
       -0.0000477499        0.0000001501       -0.0000000747
        0.0003023149        0.0000000151       -0.0000000298
        0.0000009601       -0.0602447395       -0.0000186799
       -0.0000001199        0.0079967651       -0.0222630996
        0.0000000250        0.0079972702        0.0222638255
       -0.0000003396       -0.0049641648       -0.0042166448
        0.0000001148       -0.0049636552        0.0042172002
        0.0000000000        0.0013380702        0.0000652452
       -0.0000000145        0.0013380702       -0.0000650698
       -0.0000000250        0.0003629401       -0.0011950496
        0.0000000148        0.0003633050        0.0011949552
        0.0000000603       -0.0012290701        0.0000000003
        0.0000013350        0.0507436897       -0.0000158246
       -0.0000003050        0.0005410152        0.0010787855
       -0.0000000699        0.0005410251       -0.0010785897
       -0.0000000449        0.0000414752        0.0000730651
        0.0000001702        0.0000413451       -0.0000727948
       -0.0000001947        0.0000488802       -0.0001677100
       -0.0000000398        0.0000488950        0.0001678302
        0.0000000352       -0.0000030045       -0.0000001998
       -0.0000160847       -0.0000163698       -0.3502419850
        0.0000001251        0.0062987201       -0.0065651545
        0.0000001253       -0.0062987647       -0.0065648896
       -0.0000001594       -0.0019112147       -0.0015628345
        0.0000000500        0.0019107699       -0.0015625301
       -0.0000000301        0.0005620151       -0.0003023999
        0.0000000503       -0.0005620396       -0.0003023547
        0.0000001347       -0.0002236800       -0.0001398945
        0.0000000648        0.0002234052       -0.0001397149
        0.0000000352        0.0000000250        0.0001472051
       -0.0000167398       -0.0000158246        0.3667713196
       -0.0000001597       -0.0003195748        0.0003134653
       -0.0000001049        0.0003197553        0.0003138206
       -0.0000000446       -0.0000288000        0.0000044000
        0.0000002703        0.0000295603        0.0000042954
       -0.0000001396        0.0000249250       -0.0000719550
        0.0000000904       -0.0000250949       -0.0000716597
        0.0000002052        0.0000000654       -0.0000268696
       -0.0010638999       -0.0000004098       -0.0000004150
       -0.0240365000       -0.0000176101       -0.0000009649
        0.0039724299        0.0000001353        0.0000005005
       -0.0007791698       -0.0000009399       -0.0000002348
        0.0040154148       -0.0000007850       -0.0000002248
       -0.0025171300       -0.0000002248       -0.0000000298
        0.0018323652       -0.0000002348       -0.0000003752
       -0.0004519251       -0.0000008350       -0.0000006395
       -0.0000837952       -0.0000000901       -0.0000005349
        0.0006587251       -0.0000006852       -0.0000001498
       -0.0023577499       -0.0000003050       -0.0000001597
        0.0201069099       -0.0000157797       -0.0000007049
        0.0013453402       -0.0000002848       -0.0000002797
        0.0002128300       -0.0000002049       -0.0000000901
       -0.0006996348       -0.0000002447       -0.0000000199
       -0.0000099448       -0.0000007350       -0.0000003902
       -0.0001955249       -0.0000003101       -0.0000006850
        0.0000531253       -0.0000001498       -0.0000000099
       -0.0000000796       -0.0102390845        0.0122576299
       -0.0000147298       -0.3227538051        0.0895461704
       -0.0000000298       -0.0027241097       -0.0023274646
       -0.0000006946       -0.0019270996       -0.0042352698
       -0.0000002001        0.0003678250       -0.0002023097
       -0.0000000298        0.0008836253        0.0001394801
       -0.0000000696       -0.0003862596        0.0002939953
       -0.0000000452        0.0000589750        0.0000715954
       -0.0000002450       -0.0001136300       -0.0002180849
       -0.0000000998        0.0000855900       -0.0000040799
       -0.0000001748        0.0005410152       -0.0003195748
       -0.0000157797        0.3364482296       -0.0966444446
       -0.0000001597       -0.0004281100        0.0007834603
       -0.0000002100        0.0001237450        0.0006222101
        0.0000000352        0.0000371250        0.0001442501
       -0.0000003396       -0.0000000799        0.0000518401
        0.0000000603       -0.0000084648        0.0000284805
       -0.0000000398        0.0000350852        0.0000104552
       -0.0000001896       -0.0168074445        0.0111093402
       -0.0000008697        0.0892961154       -0.0874734346
       -0.0000002896       -0.0038665897       -0.0020925293
       -0.0000005195        0.0263395955       -0.0005093395
       -0.0000001648        0.0004429853       -0.0065421696
       -0.0000004297        0.0009858206        0.0010990553
       -0.0000003945        0.0013591605        0.0016953504
       -0.0000003848       -0.0010817647        0.0006867955
       -0.0000004550       -0.0004304897       -0.0005173348
        0.0000000153        0.0008019452        0.0002520756
       -0.0000001248        0.0010787855        0.0003134653
       -0.0000007049       -0.0966444446        0.0817051892
       -0.0000004448       -0.0007837548        0.0009777554
       -0.0000001097       -0.0009859750       -0.0001709947
       -0.0000003047        0.0003804504       -0.0004336795
       -0.0000004596       -0.0000430396       -0.0000620648
       -0.0000000944       -0.0000197397       -0.0000506094
       -0.0000000497       -0.0000229346        0.0000125604
       -0.0010636546       -0.0000006148       -0.0000001901
        0.0039721402       -0.0000007199       -0.0000000298
       -0.0240364949       -0.0000165798        0.0000001504
        0.0040154100       -0.0000007947        0.0000002203
       -0.0007789052       -0.0000006750        0.0000002052
        0.0018322700       -0.0000001597        0.0000000250
       -0.0025172196       -0.0000002697        0.0000001450
       -0.0000834700       -0.0000002501       -0.0000005997
       -0.0004519254       -0.0000000898       -0.0000009848
        0.0006588553       -0.0000001350       -0.0000000449
       -0.0023576249       -0.0000000699       -0.0000001049
        0.0013453402       -0.0000001597       -0.0000004448
        0.0201067297       -0.0000157249       -0.0000002944
       -0.0006996248        0.0000002851        0.0000000449
        0.0002130702       -0.0000001597       -0.0000001049
       -0.0001955698       -0.0000000600       -0.0000003652
       -0.0000097799        0.0000001700       -0.0000002896
        0.0000530599       -0.0000000497        0.0000000705
       -0.0000000196       -0.0102390646       -0.0122589148
       -0.0000000247       -0.0027240750        0.0023274754
       -0.0000147898       -0.3227533844       -0.0895453945
       -0.0000001697        0.0003677803        0.0002032652
        0.0000000750       -0.0019266150        0.0042353801
       -0.0000004150       -0.0003862399       -0.0002935946
       -0.0000004246        0.0008836454       -0.0001389998
       -0.0000004351       -0.0001139449        0.0002179405
       -0.0000000500        0.0000597802       -0.0000717350
       -0.0000000847        0.0000852151        0.0000038304
       -0.0000002348        0.0005410251        0.0003197553
       -0.0000002848       -0.0004281100       -0.0007837548
       -0.0000157249        0.3364481796        0.0966445154
       -0.0000003797        0.0000365051       -0.0001443900
       -0.0000001998        0.0001234400       -0.0006221700
       -0.0000003698       -0.0000087499       -0.0000288148
        0.0000000551        0.0000000102       -0.0000517196
        0.0000000551        0.0000350252       -0.0000103998
        0.0000001205        0.0168063005        0.0111093703
       -0.0000000995        0.0038667503       -0.0020928294
       -0.0000007495       -0.0892992395       -0.0874724543
        0.0000000458       -0.0004438195       -0.0065420642
       -0.0000000298       -0.0263390496       -0.0005087298
       -0.0000000148       -0.0013589846        0.0016959754
        0.0000001006       -0.0009856944        0.0010991855
        0.0000002700        0.0004311005       -0.0005166393
       -0.0000001450        0.0010825102        0.0006870403
        0.0000002956       -0.0008019097        0.0002521054
        0.0000003052       -0.0010785897        0.0003138206
       -0.0000002797        0.0007834603        0.0009777554
       -0.0000002944        0.0966445154        0.0817044992
        0.0000002555       -0.0003795745       -0.0004331096
        0.0000002905        0.0009868555       -0.0001699547
       -0.0000000995        0.0000203303       -0.0000499648
        0.0000003203        0.0000435503       -0.0000616242
        0.0000003453        0.0000229656        0.0000126403
        0.0002419503       -0.0000002547       -0.0000001648
       -0.0044962997       -0.0000005099        0.0000000102
       -0.0011448799        0.0000003203        0.0000007756
        0.0048855753       -0.0000008396        0.0000004903
        0.0084427700       -0.0000006000        0.0000004252
       -0.0388477901       -0.0000170397        0.0000013051
        0.0002007306       -0.0000000946        0.0000000853
        0.0036374649       -0.0000003547       -0.0000001296
        0.0000715050        0.0000000949       -0.0000004349
        0.0069461603       -0.0000002299       -0.0000001447
        0.0005208801       -0.0000000449       -0.0000000446
        0.0002128300       -0.0000002100       -0.0000001097
       -0.0006996248       -0.0000003797        0.0000002555
        0.0253915096       -0.0000156498        0.0000003399
       -0.0005680698       -0.0000001546       -0.0000000850
       -0.0036252598       -0.0000000898       -0.0000001350
       -0.0006486798       -0.0000000497       -0.0000005747
       -0.0005169147       -0.0000007446       -0.0000000946
        0.0000002302        0.0006474104       -0.0000560649
        0.0000003351        0.0014735051        0.0006287453
        0.0000004400       -0.0012849898        0.0010261704
       -0.0000001148       -0.0199421899        0.0059106904
        0.0000002399        0.0012286148       -0.0037419699
       -0.0000141048       -0.3188529547        0.0576759302
       -0.0000001049       -0.0001759898        0.0002599151
       -0.0000001401       -0.0056185499       -0.0020791299
        0.0000002299        0.0000757899       -0.0005706650
        0.0000003354        0.0020266597        0.0015863853
        0.0000002649        0.0000414752       -0.0000288000
       -0.0000002049        0.0001237450       -0.0009859750
        0.0000002851        0.0000365051       -0.0003795745
       -0.0000156498        0.3395317498       -0.0595196150
        0.0000003251       -0.0001122748        0.0001049253
       -0.0000001646        0.0012558502        0.0000280951
        0.0000000151       -0.0000324602        0.0000605101
        0.0000003001       -0.0004188198        0.0000711952
        0.0000001302        0.0013751651       -0.0000275301
        0.0000000350       -0.0012346950        0.0001587352
        0.0000002098       -0.0014220399        0.0012846053
       -0.0000003050       -0.0267923048        0.0071569502
        0.0000001597       -0.0009102402       -0.0042106700
        0.0000003550        0.0556604499       -0.0677463447
        0.0000001651       -0.0002280899        0.0006324652
       -0.0000001802        0.0315193500       -0.0052183498
       -0.0000000551       -0.0012521500       -0.0009934200
       -0.0000000151        0.0007203150       -0.0052682498
        0.0000000847        0.0000730651        0.0000044000
       -0.0000000901        0.0006222101       -0.0001709947
        0.0000000449       -0.0001443900       -0.0004331096
        0.0000003399       -0.0595196150        0.0745087800
        0.0000002049       -0.0001040200        0.0001885348
       -0.0000000699        0.0001991600        0.0007580147
        0.0000001398        0.0001204299        0.0001046752
        0.0000001648        0.0013021750       -0.0007265848
        0.0002420802        0.0000001504       -0.0000001350
       -0.0011448648        0.0000000352        0.0000002254
       -0.0044962297        0.0000002854        0.0000007955
        0.0084426804       -0.0000006349        0.0000006204
        0.0048858499       -0.0000006699        0.0000008902
        0.0002008650       -0.0000000097        0.0000002004
       -0.0388479748       -0.0000171045        0.0000015100
        0.0000717350        0.0000002601        0.0000002106
        0.0036376449       -0.0000001799       -0.0000003598
        0.0069463755        0.0000002652       -0.0000000696
        0.0005210100        0.0000001702        0.0000002703
       -0.0006996348        0.0000000352       -0.0000003047
        0.0002130702       -0.0000001998        0.0000002905
       -0.0005680698        0.0000003251        0.0000002049
        0.0253912395       -0.0000152997        0.0000004954
       -0.0006487446        0.0000000253       -0.0000002998
       -0.0036250796        0.0000002652        0.0000000705
       -0.0005168147       -0.0000006096       -0.0000000097
       -0.0000000296        0.0006474255        0.0000563350
        0.0000002854       -0.0012853300       -0.0010246995
        0.0000000151        0.0014742903       -0.0006273095
       -0.0000003698        0.0012280952        0.0037433705
        0.0000004252       -0.0199421700       -0.0059097650
       -0.0000000497       -0.0001761248       -0.0002584497
       -0.0000145997       -0.3188524647       -0.0576913646
       -0.0000000551        0.0000752954        0.0005713605
        0.0000000600       -0.0056178797        0.0020789301
       -0.0000001296        0.0020262900       -0.0015861895
       -0.0000001498        0.0000413451        0.0000295603
       -0.0000002447        0.0000371250        0.0003804504
       -0.0000001597        0.0001234400        0.0009868555
       -0.0000001546       -0.0001122748       -0.0001040200
       -0.0000152997        0.3395318396        0.0595050551
        0.0000002004       -0.0000327748       -0.0000600150
        0.0000002203        0.0012560400       -0.0000274895
        0.0000002953       -0.0004190048       -0.0000705896
        0.0000000153       -0.0013749798       -0.0000274548
       -0.0000000247        0.0014221499        0.0012843904
        0.0000000051        0.0012351703        0.0001593654
       -0.0000000449        0.0009099804       -0.0042109448
       -0.0000001202        0.0267915249        0.0071570352
        0.0000002049        0.0002274854        0.0006328753
        0.0000003604       -0.0556798295       -0.0677463296
        0.0000002098        0.0012513902       -0.0009933495
       -0.0000000151       -0.0315188049       -0.0052184549
        0.0000001603       -0.0007203349       -0.0052682998
       -0.0000000250       -0.0000727948        0.0000042954
       -0.0000000199        0.0001442501       -0.0004336795
       -0.0000001049       -0.0006221700       -0.0001699547
       -0.0000000850        0.0001049253        0.0001885348
        0.0000004954        0.0595050551        0.0745087397
        0.0000000554       -0.0001201147        0.0001044151
       -0.0000000398       -0.0001984748        0.0007579754
        0.0000000404       -0.0013026047       -0.0007264947
       -0.0004988198       -0.0000001793       -0.0000002046
       -0.0000670448       -0.0000003647       -0.0000000443
        0.0001325401        0.0000002404        0.0000004357
        0.0077202753       -0.0000004044        0.0000001907
        0.0002886952       -0.0000001148        0.0000005400
        0.0012288353       -0.0000005599       -0.0000003195
       -0.0002943693       -0.0000003945        0.0000002802
       -0.0338787498       -0.0000104995       -0.0000063295
        0.0074894052        0.0000000500       -0.0000001347
        0.0010865506       -0.0000003649       -0.0000001245
       -0.0000478099       -0.0000001947       -0.0000001396
       -0.0000099448       -0.0000003396       -0.0000004596
       -0.0001955698       -0.0000003698       -0.0000000995
       -0.0036252598       -0.0000001646       -0.0000000699
       -0.0006487446        0.0000002004        0.0000000554
        0.0251550694       -0.0000097145       -0.0000060899
        0.0001673854        0.0000001802       -0.0000001245
       -0.0039988146       -0.0000001845       -0.0000000895
       -0.0000000648        0.0005829705        0.0000048851
       -0.0000002197        0.0000212603       -0.0004842047
       -0.0000000497        0.0001260003        0.0004751905
       -0.0000005949        0.0000364253        0.0019878652
       -0.0000000401        0.0003880501       -0.0001805648
       -0.0000000398        0.0064845952        0.0087420702
       -0.0000001296        0.0002103505        0.0010863454
       -0.0000087852       -0.2243390199       -0.1392758344
       -0.0000000401       -0.0032346000        0.0037981252
       -0.0000000446       -0.0205004551       -0.0200656444
       -0.0000001600        0.0000488802        0.0000249250
       -0.0000007350       -0.0000000799       -0.0000430396
       -0.0000000600       -0.0000087499        0.0000203303
       -0.0000000898        0.0012558502        0.0001991600
        0.0000000253       -0.0000327748       -0.0001201147
       -0.0000097145        0.2394090995        0.1443045699
       -0.0000001998       -0.0012173999       -0.0005870646
       -0.0000002248        0.0007696804        0.0001648755
       -0.0000006199       -0.0006046898       -0.0005925099
       -0.0000003047       -0.0011686703        0.0005992902
        0.0000000500        0.0000441452       -0.0006336745
       -0.0000002498        0.0035838201       -0.0048602396
        0.0000000350        0.0004526049        0.0006341000
       -0.0000001151       -0.0253663850       -0.0180196849
       -0.0000001097        0.0004181203       -0.0010722752
       -0.0000056801       -0.1390600198       -0.1693669296
       -0.0000000801        0.0027286251        0.0002568152
        0.0000001901        0.0138912498        0.0085151601
       -0.0000003652       -0.0001677100       -0.0000719550
       -0.0000003902        0.0000518401       -0.0000620648
       -0.0000003652       -0.0000288148       -0.0000499648
       -0.0000001350        0.0000280951        0.0007580147
       -0.0000002998       -0.0000600150        0.0001044151
       -0.0000060899        0.1443045699        0.1824755799
        0.0000000051        0.0005874048        0.0001020501
       -0.0000001100        0.0004155552        0.0012863703
       -0.0004989096       -0.0000001745       -0.0000002149
        0.0001327302        0.0000000051       -0.0000005593
       -0.0000667549        0.0000003953        0.0000004255
        0.0002885952       -0.0000004047        0.0000003905
        0.0077205650       -0.0000000099        0.0000006150
       -0.0002942301       -0.0000000048        0.0000003203
        0.0012288405       -0.0000006645       -0.0000001248
        0.0074896349       -0.0000002098       -0.0000000995
       -0.0338786950       -0.0000096998       -0.0000061948
        0.0010865602       -0.0000002649       -0.0000001197
       -0.0000477499       -0.0000000398        0.0000000904
       -0.0001955249        0.0000000603       -0.0000000944
       -0.0000097799        0.0000000551        0.0000003203
       -0.0006486798        0.0000000151        0.0000001398
       -0.0036250796        0.0000002203       -0.0000000398
        0.0001673854       -0.0000001998        0.0000000051
        0.0251548295       -0.0000089699       -0.0000063397
       -0.0039986696       -0.0000003297       -0.0000000097
        0.0000003402        0.0005832902       -0.0000051398
        0.0000001000        0.0001258701       -0.0004748998
        0.0000003649        0.0000215502        0.0004853254
        0.0000000702        0.0003879501        0.0001819953
        0.0000001896        0.0000367498       -0.0019870450
        0.0000000099        0.0002107203       -0.0010855399
        0.0000003001        0.0064848902       -0.0087423300
        0.0000000949       -0.0032342851       -0.0037979947
       -0.0000087553       -0.2243386700        0.1393285950
        0.0000000202       -0.0205001152        0.0200653301
        0.0000001501        0.0000488950       -0.0000250949
       -0.0000003101       -0.0000084648       -0.0000197397
        0.0000001700        0.0000000102        0.0000435503
       -0.0000000497       -0.0000324602        0.0001204299
        0.0000002652        0.0012560400       -0.0001984748
        0.0000001802       -0.0012173999        0.0005874048
       -0.0000089699        0.2394084999       -0.1442529648
       -0.0000000350        0.0007701703       -0.0001650398
       -0.0000001145        0.0006049007       -0.0005924747
       -0.0000000446       -0.0000436597       -0.0006342893
       -0.0000000145        0.0011688206        0.0006002355
       -0.0000001896       -0.0004535147        0.0006338254
       -0.0000000199       -0.0035837849       -0.0048602999
        0.0000000503       -0.0004180498       -0.0010722897
       -0.0000002143        0.0253653855       -0.0180199646
       -0.0000000600       -0.0027283298        0.0002565855
       -0.0000054999        0.1391126702       -0.1693669495
        0.0000001805       -0.0138923400        0.0085149355
       -0.0000000747        0.0001678302       -0.0000716597
       -0.0000006850        0.0000284805       -0.0000506094
       -0.0000002896       -0.0000517196       -0.0000616242
       -0.0000005747        0.0000605101        0.0001046752
        0.0000000705       -0.0000274895        0.0007579754
       -0.0000001245       -0.0005870646        0.0001020501
       -0.0000063397       -0.1442529648        0.1824754793
        0.0000000503       -0.0004158343        0.0012864103
       -0.0001471045        0.0000002603       -0.0000000648
       -0.0008098647       -0.0000004397       -0.0000002845
       -0.0008098098        0.0000000452        0.0000008055
        0.0001981553       -0.0000006696        0.0000007353
        0.0001983202       -0.0000001899        0.0000009751
        0.0074761300       -0.0000001950        0.0000001603
        0.0074759905       -0.0000000597       -0.0000001350
        0.0028121849        0.0000000702       -0.0000001845
        0.0028121900        0.0000003951       -0.0000002447
       -0.0356540596        0.0000014299       -0.0000177596
        0.0003023149        0.0000000352        0.0000002052
        0.0000531253       -0.0000000398       -0.0000000497
        0.0000530599        0.0000000551        0.0000003453
       -0.0005169147        0.0000003001        0.0000001648
       -0.0005168147        0.0000002953        0.0000000404
       -0.0039988146       -0.0000002248       -0.0000001100
       -0.0039986696       -0.0000000350        0.0000000503
        0.0250768096        0.0000008603       -0.0000161148
       -0.0000002694       -0.0013792945       -0.0000001248
        0.0000001455        0.0003799852        0.0013609255
       -0.0000002194        0.0003804305       -0.0013602593
       -0.0000004096       -0.0004077697       -0.0013836996
        0.0000000901       -0.0004075298        0.0013847503
        0.0000000404       -0.0044097098        0.0025044105
       -0.0000003394       -0.0044096694       -0.0025044596
       -0.0000000099        0.0002390254        0.0302759355
       -0.0000000699        0.0002393452       -0.0302762896
        0.0000008305       -0.0554702248       -0.0000175746
        0.0000000151       -0.0000030045        0.0000000654
       -0.0000001498        0.0000350852       -0.0000229346
       -0.0000000497        0.0000350252        0.0000229656
       -0.0000007446       -0.0004188198        0.0013021750
       -0.0000006096       -0.0004190048       -0.0013026047
       -0.0000001845        0.0007696804        0.0004155552
       -0.0000003297        0.0007701703       -0.0004158343
        0.0000008603        0.0644752492       -0.0000148944
        0.0000000506        0.0000000654        0.0001436050
        0.0000000352        0.0000524753       -0.0000789697
        0.0000000705       -0.0000528544       -0.0000783695
       -0.0000000296        0.0000129302        0.0004199805
       -0.0000000350       -0.0000129847        0.0004205853
        0.0000000850        0.0030440552        0.0011894903
       -0.0000000693       -0.0030442393        0.0011894753
        0.0000001552       -0.0032694797       -0.0121381245
        0.0000000651        0.0032686901       -0.0121386347
       -0.0000152247       -0.0000163050       -0.3350110447
       -0.0000000298       -0.0000001998       -0.0000268696
       -0.0000000099        0.0000104552        0.0000125604
        0.0000000705       -0.0000103998        0.0000126403
       -0.0000000946        0.0000711952       -0.0007265848
       -0.0000000097       -0.0000705896       -0.0007264947
       -0.0000000895        0.0001648755        0.0012863703
       -0.0000000097       -0.0001650398        0.0012864103
       -0.0000161148       -0.0000148944        0.3549657595
