   15   45
        0.1099747402        0.0096190900        0.0000459897
       -0.0384950650       -0.0028762400        0.0015054550
       -0.0122401201        0.0012508596       -0.0001443902
        0.0120851948       -0.0009001951        0.0009024896
       -0.0122354302       -0.0006539253       -0.0017986849
       -0.0385827948       -0.0045224400        0.0005505848
       -0.0338315300       -0.0016553349       -0.0021171252
        0.0005495397       -0.0002025001        0.0004938448
        0.0093441997       -0.0001770448       -0.0000679850
       -0.0029939903        0.0000219549        0.0000176001
        0.0093410551       -0.0001452500       -0.0000432252
        0.0005717052       -0.0001720900       -0.0000578100
       -0.0001220099       -0.0000393200       -0.0000882952
       -0.0003740803        0.0005599998        0.0010261948
       -0.0009982602       -0.0000565004       -0.0001827598
        0.0096190900        0.6670391900        0.0378247651
       -0.0024660048       -0.1771621049        0.0546144403
        0.0011591152        0.0657130801        0.0230695349
       -0.0012953549       -0.0519577901        0.0296422047
        0.0005174348       -0.0251728900       -0.0755480701
       -0.0051114799       -0.3289683599        0.0330013049
       -0.0016890547       -0.1281539852       -0.1214493750
       -0.0003480449       -0.0106245349        0.0278346698
       -0.0000689849       -0.0010135599       -0.0042372801
       -0.0000586104       -0.0011460753        0.0012857754
       -0.0000860300        0.0004759599       -0.0025583000
       -0.0003241396       -0.0090300099       -0.0031930247
       -0.0000779298        0.0000917501       -0.0000606349
       -0.0000716301       -0.0005492501        0.0003781548
        0.0003460349        0.0004604848       -0.0005654150
        0.0000459897        0.0378247651        0.7106760603
        0.0022134600        0.1204765400       -0.2784510301
        0.0003332099       -0.0231634502       -0.0555036351
        0.0002198499        0.0297493997       -0.0177358504
       -0.0003405952       -0.0293785553        0.0355351048
       -0.0006328952       -0.0329086549       -0.1267551153
       -0.0021940451       -0.1214546401       -0.2682139200
       -0.0003129000       -0.0041070399        0.0051873550
        0.0000840498       -0.0034195949       -0.0034313004
       -0.0001226604        0.0012848196        0.0003271401
        0.0001119849       -0.0033694752       -0.0049211053
        0.0002862251        0.0287644102        0.0035876351
       -0.0001721850       -0.0000625400        0.0000001398
       -0.0002023401        0.0004415199       -0.0000269154
        0.0007040495       -0.0006300851       -0.0002667051
       -0.0384950650       -0.0024660048        0.0022134600
        0.1099966499        0.0111809999       -0.0011440048
       -0.0384926648       -0.0022300500       -0.0011911501
       -0.0122535999       -0.0006826002       -0.0007929251
        0.0121084199        0.0002002349        0.0001894452
       -0.0122628850       -0.0009990700        0.0006039599
        0.0005555449        0.0001715850       -0.0002816799
       -0.0339007201       -0.0057582699        0.0000590649
        0.0005596851        0.0002360952        0.0003600800
        0.0093413246       -0.0002879551        0.0000315254
       -0.0029957948        0.0000655899       -0.0000000449
        0.0093418853       -0.0002812047        0.0000052904
       -0.0001323247       -0.0000972997        0.0000001398
       -0.0003900851        0.0012030898       -0.0000020449
       -0.0009849450       -0.0002131102       -0.0000012798
       -0.0028762400       -0.1771621049        0.1204765400
        0.0111809999        0.7322905600        0.0000103401
       -0.0023715700       -0.1773110250       -0.1205376651
        0.0003387149       -0.0251969703       -0.0293640201
       -0.0005923951       -0.0005641303       -0.0000229301
        0.0002139703       -0.0251204551        0.0294200598
       -0.0000324198        0.0115062900       -0.0169083751
       -0.0058363747       -0.3382844349        0.0000853748
       -0.0001036648        0.0115073252        0.0168846651
       -0.0001121853       -0.0061372950        0.0004572703
       -0.0000940699        0.0010743099       -0.0000009300
       -0.0001103749       -0.0061393249       -0.0004506947
       -0.0001907998       -0.0000216798        0.0000003701
       -0.0002105003        0.0001857049        0.0000002348
        0.0008061147       -0.0006083101        0.0000027103
        0.0015054550        0.0546144403       -0.2784510301
       -0.0011440048        0.0000103401        0.6452890699
       -0.0004617749       -0.0546751500       -0.2783284100
       -0.0009894950       -0.0755753649        0.0354856499
        0.0001903499       -0.0000321850       -0.0691366449
        0.0008033052        0.0756213001        0.0353997498
        0.0003305851        0.0150399600       -0.0169528451
        0.0000581701        0.0000868752       -0.0580025900
       -0.0002597250       -0.0150637899       -0.0169546800
        0.0000165048        0.0012726250        0.0016920103
       -0.0000026699        0.0000001450       -0.0018900499
        0.0000182303       -0.0012683498        0.0016946103
        0.0000022803        0.0000019102        0.0001281052
        0.0000069900       -0.0000004300       -0.0007893851
       -0.0000134699        0.0000056747        0.0008175101
       -0.0122401201        0.0011591152        0.0003332099
       -0.0384926648       -0.0023715700       -0.0004617749
        0.1099901101        0.0097932849       -0.0026485750
       -0.0386003450       -0.0046702050       -0.0001415202
       -0.0122391751       -0.0007781952        0.0016115348
        0.0120874500       -0.0007718751       -0.0007543051
        0.0093438200       -0.0001908398        0.0001265499
        0.0005523449       -0.0002208449       -0.0005074548
       -0.0338587051       -0.0021789248        0.0031103747
        0.0005768047       -0.0000491951        0.0000479002
        0.0093402750       -0.0001597252        0.0001122100
       -0.0029948498        0.0000263603       -0.0000294099
       -0.0001201849       -0.0000396497        0.0000868047
       -0.0003591001        0.0005536947       -0.0010181802
       -0.0009965902       -0.0000540152        0.0001717700
        0.0012508596        0.0657130801       -0.0231634502
       -0.0022300500       -0.1773110250       -0.0546751500
        0.0097932849        0.6669979302       -0.0377069401
       -0.0049726702       -0.3289859401       -0.0328984004
        0.0002000399       -0.0250794753        0.0755955648
       -0.0011680200       -0.0520056949       -0.0296147601
       -0.0000864651       -0.0010063002        0.0042355347
       -0.0002319601       -0.0106445000       -0.0278211149
       -0.0022121552       -0.1279582401        0.1213661699
       -0.0003368103       -0.0090503153        0.0032014253
       -0.0000964303        0.0004803499        0.0025548499
       -0.0000529147       -0.0011477701       -0.0012846300
       -0.0000757299        0.0000907852        0.0000593047
       -0.0000634503       -0.0005461203       -0.0003711253
        0.0003310896        0.0004574997        0.0005586000
       -0.0001443902        0.0230695349       -0.0555036351
       -0.0011911501       -0.1205376651       -0.2783284100
       -0.0026485750       -0.0377069401        0.7107432901
        0.0010414297        0.0330277447       -0.1267591301
        0.0001507749        0.0294363650        0.0354659900
       -0.0000711350       -0.0297308651       -0.0176916151
       -0.0000278001        0.0034182099       -0.0034375500
        0.0002927149        0.0041196802        0.0052057800
        0.0031863749        0.1213707949       -0.2683958201
       -0.0002990052       -0.0287526703        0.0036063503
       -0.0000494802        0.0033670199       -0.0049255951
        0.0001097300       -0.0012824998        0.0003300653
        0.0001735802        0.0000633301       -0.0000014649
        0.0002018547       -0.0004346052       -0.0000263000
       -0.0007032452        0.0006275150       -0.0002752847
        0.0120851948       -0.0012953549        0.0002198499
       -0.0122535999        0.0003387149       -0.0009894950
       -0.0386003450       -0.0049726702        0.0010414297
        0.1099591503        0.0087857899       -0.0014134304
       -0.0385993951       -0.0022279752        0.0013663049
       -0.0121976800        0.0014550648        0.0011154748
       -0.0029952702        0.0000250148        0.0000217898
        0.0093430151       -0.0001224899        0.0000205748
        0.0005795397       -0.0002705201       -0.0000575952
       -0.0338316855       -0.0009606353       -0.0009135499
        0.0005931747       -0.0001537703        0.0004099746
        0.0093348203       -0.0001328402       -0.0000151201
       -0.0000982698        0.0000516098        0.0000752948
       -0.0003153954       -0.0005646004       -0.0009274402
       -0.0010148102        0.0000924598        0.0000857651
       -0.0009001951       -0.0519577901        0.0297493997
       -0.0006826002       -0.0251969703       -0.0755753649
       -0.0046702050       -0.3289859401        0.0330277447
        0.0087857899        0.6671198304        0.0377991046
       -0.0022629453       -0.1772596104        0.0546035199
        0.0013634951        0.0658069447        0.0230266048
        0.0001031549       -0.0011527001        0.0012796698
       -0.0001900500        0.0004841650       -0.0025594102
       -0.0000065751       -0.0090166952       -0.0031845101
       -0.0009094555       -0.1281864652       -0.1214971698
       -0.0001640001       -0.0106176606        0.0278409047
       -0.0002539849       -0.0010038400       -0.0042232000
        0.0001055349        0.0000623299       -0.0000738103
        0.0001321249       -0.0004692203        0.0004451798
       -0.0003997053        0.0003775946       -0.0006161952
        0.0009024896        0.0296422047       -0.0177358504
       -0.0007929251       -0.0293640201        0.0354856499
       -0.0001415202       -0.0328984004       -0.1267591301
       -0.0014134304        0.0377991046        0.7108733706
        0.0028433794        0.1205772645       -0.2786152152
       -0.0009277701       -0.0231219653       -0.0554166502
        0.0001566298        0.0012817648        0.0003305297
       -0.0001630454       -0.0033719101       -0.0049277452
        0.0006807997        0.0287547400        0.0035817746
       -0.0008427955       -0.1214944953       -0.2682559798
        0.0001588199       -0.0041108956        0.0051778446
       -0.0001443149       -0.0034142602       -0.0034381202
        0.0001485901       -0.0000692103        0.0000000946
        0.0001534596        0.0003861098       -0.0000447656
       -0.0005977003       -0.0005504953       -0.0002497902
       -0.0122354302        0.0005174348       -0.0003405952
        0.0121084199       -0.0005923951        0.0001903499
       -0.0122391751        0.0002000399        0.0001507749
       -0.0385993951       -0.0022629453        0.0028433794
        0.1099525304        0.0094964949       -0.0011382150
       -0.0385806351       -0.0020294803       -0.0018250003
        0.0093346398       -0.0002200102        0.0000205748
       -0.0029955802        0.0000711751       -0.0000002103
        0.0093335748       -0.0002146800        0.0000174450
        0.0006044846        0.0001228148       -0.0001970500
       -0.0338840150       -0.0043646503        0.0000583998
        0.0006025550        0.0001868599        0.0002746901
       -0.0000877850        0.0000896600       -0.0000004252
       -0.0003016950       -0.0010562454       -0.0000001452
       -0.0010214603        0.0001020646       -0.0000021552
       -0.0006539253       -0.0251728900       -0.0293785553
        0.0002002349       -0.0005641303       -0.0000321850
       -0.0007781952       -0.0250794753        0.0294363650
       -0.0022279752       -0.1772596104        0.1205772645
        0.0094964949        0.7325631503       -0.0000050204
       -0.0017227799       -0.1773946252       -0.1206198255
       -0.0004024449       -0.0061344849        0.0004559701
        0.0002281951        0.0010648748       -0.0000006801
       -0.0004007802       -0.0061359901       -0.0004493103
        0.0004661595        0.0114984297       -0.0169037747
       -0.0042714652       -0.3384364203        0.0000898447
        0.0003949052        0.0114999850        0.0168843002
        0.0001780151       -0.0000526049        0.0000001498
        0.0001968698        0.0002166647        0.0000002248
       -0.0006929403       -0.0005933404        0.0000000051
       -0.0017986849       -0.0755480701        0.0355351048
        0.0001894452       -0.0000229301       -0.0691366449
        0.0016115348        0.0755955648        0.0354659900
        0.0013663049        0.0546035199       -0.2786152152
       -0.0011382150       -0.0000050204        0.6455162202
       -0.0003263699       -0.0546597900       -0.2784795601
        0.0000625948        0.0012654348        0.0016963202
       -0.0000023601       -0.0000016550       -0.0018912152
       -0.0000283703       -0.0012578298        0.0016961548
        0.0002540048        0.0150383548       -0.0169439346
        0.0000556199        0.0000903296       -0.0579962250
       -0.0001831998       -0.0150594599       -0.0169444701
        0.0000019151       -0.0000007049        0.0001045800
        0.0000062897        0.0000023448       -0.0007041200
       -0.0000115753       -0.0000052003        0.0006970203
       -0.0385827948       -0.0051114799       -0.0006328952
       -0.0122628850        0.0002139703        0.0008033052
        0.0120874500       -0.0011680200       -0.0000711350
       -0.0121976800        0.0013634951       -0.0009277701
       -0.0385806351       -0.0017227799       -0.0003263699
        0.1099608698        0.0089433502       -0.0011710600
        0.0005759654       -0.0001452148        0.0000478451
        0.0093432052       -0.0001363696        0.0000480449
       -0.0029928148        0.0000298900       -0.0000334299
        0.0093345298       -0.0001461498        0.0000728653
        0.0005939648       -0.0001715051       -0.0004222701
       -0.0338409697       -0.0014756597        0.0018916452
       -0.0000997548        0.0000529101       -0.0000756549
       -0.0003295250       -0.0005692152        0.0009353349
       -0.0010171050        0.0000967648       -0.0000946500
       -0.0045224400       -0.3289683599       -0.0329086549
       -0.0009990700       -0.0251204551        0.0756213001
       -0.0007718751       -0.0520056949       -0.0297308651
        0.0014550648        0.0658069447       -0.0231219653
       -0.0020294803       -0.1773946252       -0.0546597900
        0.0089433502        0.6670399301       -0.0376846754
       -0.0000218401       -0.0090360851        0.0031940948
       -0.0002011151        0.0004901599        0.0025538350
        0.0001081500       -0.0011551549       -0.0012766500
       -0.0002709052       -0.0009979152        0.0042199903
       -0.0000480003       -0.0106370751       -0.0278287050
       -0.0014238000       -0.1279896648        0.1214115801
        0.0001077700        0.0000635953        0.0000757998
        0.0001411649       -0.0004738104       -0.0004498801
       -0.0004151354        0.0003850897        0.0006235550
        0.0005505848        0.0330013049       -0.1267551153
        0.0006039599        0.0294200598        0.0353997498
       -0.0007543051       -0.0296147601       -0.0176916151
        0.0011154748        0.0230266048       -0.0554166502
       -0.0018250003       -0.1206198255       -0.2784795601
       -0.0011710600       -0.0376846754        0.7109183804
       -0.0006941852       -0.0287443703        0.0035988748
        0.0002256849        0.0033678751       -0.0049327849
       -0.0001709952       -0.0012791551        0.0003321449
        0.0002009546        0.0034118347       -0.0034437650
       -0.0001783300        0.0041242748        0.0051934049
        0.0018185901        0.1214071798       -0.2684319600
       -0.0001478648        0.0000711000        0.0000010547
       -0.0001539755       -0.0003883653       -0.0000441804
        0.0005988045        0.0005534747       -0.0002428851
       -0.0338315300       -0.0016890547       -0.0021940451
        0.0005555449       -0.0000324198        0.0003305851
        0.0093438200       -0.0000864651       -0.0000278001
       -0.0029952702        0.0001031549        0.0001566298
        0.0093346398       -0.0004024449        0.0000625948
        0.0005759654       -0.0000218401       -0.0006941852
        0.0245883899        0.0018905499        0.0022414648
       -0.0032366151        0.0001424303       -0.0000030050
       -0.0002823847       -0.0000163649        0.0000950800
       -0.0006969802       -0.0000259351       -0.0000798298
       -0.0002828349        0.0000754849       -0.0000156601
       -0.0032450947        0.0000454853        0.0000715804
       -0.0000353697       -0.0000235099       -0.0000469851
       -0.0000477351        0.0000080249        0.0000093348
        0.0003508649        0.0000323800        0.0000673000
       -0.0016553349       -0.1281539852       -0.1214546401
        0.0001715850        0.0115062900        0.0150399600
       -0.0001908398       -0.0010063002        0.0034182099
        0.0000250148       -0.0011527001        0.0012817648
       -0.0002200102       -0.0061344849        0.0012654348
       -0.0001452148       -0.0090360851       -0.0287443703
        0.0018905499        0.1321095101        0.1301385902
        0.0001212049        0.0008714900       -0.0005195051
       -0.0000198401        0.0005301251        0.0009479899
        0.0000587545        0.0001673499       -0.0002108098
       -0.0000547752       -0.0005801903       -0.0015876000
        0.0000947651        0.0009266199        0.0004885902
        0.0000090202       -0.0000053947        0.0000281051
        0.0000257648        0.0000282799       -0.0000325301
       -0.0000900002       -0.0000590100       -0.0000174049
       -0.0021171252       -0.1214493750       -0.2682139200
       -0.0002816799       -0.0169083751       -0.0169528451
        0.0001265499        0.0042355347       -0.0034375500
        0.0000217898        0.0012796698        0.0003305297
        0.0000205748        0.0004559701        0.0016963202
        0.0000478451        0.0031940948        0.0035988748
        0.0022414648        0.1301385902        0.2821589402
        0.0000565947        0.0004586650        0.0009087449
       -0.0000934099       -0.0009484700       -0.0009500351
        0.0000678844       -0.0002122303       -0.0000771396
       -0.0000599951        0.0003103597        0.0001578550
        0.0000532901       -0.0004885300        0.0008556751
        0.0000150803        0.0000269603        0.0000242849
        0.0000466798       -0.0000336851       -0.0000083702
       -0.0001555352       -0.0000163251       -0.0000871199
        0.0005495397       -0.0003480449       -0.0003129000
       -0.0339007201       -0.0058363747        0.0000581701
        0.0005523449       -0.0002319601        0.0002927149
        0.0093430151       -0.0001900500       -0.0001630454
       -0.0029955802        0.0002281951       -0.0000023601
        0.0093432052       -0.0002011151        0.0002256849
       -0.0032366151        0.0001212049        0.0000565947
        0.0246722601        0.0062592503       -0.0000688800
       -0.0032369252        0.0001191202       -0.0000744100
       -0.0002826252        0.0000490749        0.0000697952
       -0.0006960499       -0.0000759002       -0.0000014850
       -0.0002829199        0.0000425200       -0.0000717100
       -0.0000344798       -0.0000479298        0.0000005849
       -0.0000472153        0.0000093448        0.0000005647
        0.0003551250        0.0000759246        0.0000019051
       -0.0002025001       -0.0106245349       -0.0041070399
       -0.0057582699       -0.3382844349        0.0000868752
       -0.0002208449       -0.0106445000        0.0041196802
       -0.0001224899        0.0004841650       -0.0033719101
        0.0000711751        0.0010648748       -0.0000016550
       -0.0001363696        0.0004901599        0.0033678751
        0.0001424303        0.0008714900        0.0004586650
        0.0062592503        0.3572211699       -0.0001254898
        0.0001440901        0.0008711800       -0.0004568199
       -0.0000898703       -0.0005810000        0.0003081902
        0.0000928853       -0.0001991901        0.0000007799
       -0.0000884296       -0.0005795897       -0.0003079549
        0.0000169953        0.0000391401       -0.0000003450
        0.0000519049       -0.0000281651       -0.0000000750
       -0.0001850049       -0.0000966702        0.0000004300
        0.0004938448        0.0278346698        0.0051873550
        0.0000590649        0.0000853748       -0.0580025900
       -0.0005074548       -0.0278211149        0.0052057800
        0.0000205748       -0.0025594102       -0.0049277452
       -0.0000002103       -0.0000006801       -0.0018912152
        0.0000480449        0.0025538350       -0.0049327849
       -0.0000030050       -0.0005195051        0.0009087449
       -0.0000688800       -0.0001254898        0.0569608301
       -0.0000153202        0.0005200650        0.0009083800
       -0.0000409653       -0.0015878152        0.0001594404
       -0.0000016601        0.0000001398        0.0002891801
        0.0000381803        0.0015884999        0.0001583950
        0.0000004053        0.0000002802       -0.0000221149
       -0.0000009302        0.0000006148        0.0000473651
        0.0000016547        0.0000004098       -0.0000492699
        0.0093441997       -0.0000689849        0.0000840498
        0.0005596851       -0.0001036648       -0.0002597250
       -0.0338587051       -0.0022121552        0.0031863749
        0.0005795397       -0.0000065751        0.0006807997
        0.0093335748       -0.0004007802       -0.0000283703
       -0.0029928148        0.0001081500       -0.0001709952
       -0.0002823847       -0.0000198401       -0.0000934099
       -0.0032369252        0.0001440901       -0.0000153202
        0.0246120402        0.0024512599       -0.0033787751
       -0.0032450353        0.0000431646       -0.0000880848
       -0.0002830498        0.0000768847        0.0000139548
       -0.0006966749       -0.0000262301        0.0000771450
       -0.0000349249       -0.0000229150        0.0000471448
       -0.0000464203        0.0000085296       -0.0000112652
        0.0003494350        0.0000315146       -0.0000632699
       -0.0001770448       -0.0010135599       -0.0034195949
        0.0002360952        0.0115073252       -0.0150637899
       -0.0021789248       -0.1279582401        0.1213707949
       -0.0002705201       -0.0090166952        0.0287547400
       -0.0002146800       -0.0061359901       -0.0012578298
        0.0000298900       -0.0011551549       -0.0012791551
       -0.0000163649        0.0005301251       -0.0009484700
        0.0001191202        0.0008711800        0.0005200650
        0.0024512599        0.1319007299       -0.1299754749
        0.0000965397        0.0009263300       -0.0004873448
       -0.0000615847       -0.0005793851        0.0015890851
        0.0000584703        0.0001672402        0.0002113802
        0.0000085052       -0.0000050099       -0.0000273451
        0.0000253252        0.0000278300        0.0000338150
       -0.0000893601       -0.0000592803        0.0000170704
       -0.0000679850       -0.0042372801       -0.0034313004
        0.0003600800        0.0168846651       -0.0169546800
        0.0031103747        0.1213661699       -0.2683958201
       -0.0000575952       -0.0031845101        0.0035817746
        0.0000174450       -0.0004493103        0.0016961548
       -0.0000334299       -0.0012766500        0.0003321449
        0.0000950800        0.0009479899       -0.0009500351
       -0.0000744100       -0.0004568199        0.0009083800
       -0.0033787751       -0.1299754749        0.2823533202
       -0.0000706052        0.0004886749        0.0008547502
        0.0000587400       -0.0003080052        0.0001571900
       -0.0000698648        0.0002120549       -0.0000767849
       -0.0000140798       -0.0000264350        0.0000241198
       -0.0000466252        0.0000361547       -0.0000092652
        0.0001592196        0.0000156598       -0.0000865950
       -0.0029939903       -0.0000586104       -0.0001226604
        0.0093413246       -0.0001121853        0.0000165048
        0.0005768047       -0.0003368103       -0.0002990052
       -0.0338316855       -0.0009094555       -0.0008427955
        0.0006044846        0.0004661595        0.0002540048
        0.0093345298       -0.0002709052        0.0002009546
       -0.0006969802        0.0000587545        0.0000678844
       -0.0002826252       -0.0000898703       -0.0000409653
       -0.0032450353        0.0000965397       -0.0000706052
        0.0245689506        0.0011326296        0.0009291350
       -0.0032520953       -0.0000047106       -0.0000286303
       -0.0002827252        0.0000444098       -0.0000593951
       -0.0000347549        0.0000327501        0.0000501848
       -0.0000453204       -0.0000083307       -0.0000190502
        0.0003404494       -0.0000384205       -0.0000560502
        0.0000219549       -0.0011460753        0.0012848196
       -0.0002879551       -0.0061372950        0.0012726250
       -0.0000491951       -0.0090503153       -0.0287526703
       -0.0009606353       -0.1281864652       -0.1214944953
        0.0001228148        0.0114984297        0.0150383548
       -0.0001461498       -0.0009979152        0.0034118347
       -0.0000259351        0.0001673499       -0.0002122303
        0.0000490749       -0.0005810000       -0.0015878152
        0.0000431646        0.0009263300        0.0004886749
        0.0011326296        0.1321566305        0.1301787452
        0.0000248346        0.0008736998       -0.0005177250
        0.0000405450        0.0005261899        0.0009490449
       -0.0000073447       -0.0000053851        0.0000272047
       -0.0000275153        0.0000309296       -0.0000340904
        0.0000878498       -0.0000677855       -0.0000158002
        0.0000176001        0.0012857754        0.0003271401
        0.0000315254        0.0004572703        0.0016920103
        0.0000479002        0.0032014253        0.0036063503
       -0.0009135499       -0.1214971698       -0.2682559798
       -0.0001970500       -0.0169037747       -0.0169439346
        0.0000728653        0.0042199903       -0.0034437650
       -0.0000798298       -0.0002108098       -0.0000771396
        0.0000697952        0.0003081902        0.0001594404
       -0.0000880848       -0.0004873448        0.0008547502
        0.0009291350        0.1301787452        0.2821879497
       -0.0000585248        0.0004557202        0.0009092849
        0.0000619553       -0.0009494698       -0.0009505646
       -0.0000128244        0.0000291755        0.0000268599
       -0.0000470300       -0.0000332750       -0.0000135552
        0.0001523048       -0.0000181799       -0.0000792846
        0.0093410551       -0.0000860300        0.0001119849
       -0.0029957948       -0.0000940699       -0.0000026699
        0.0093402750       -0.0000964303       -0.0000494802
        0.0005931747       -0.0001640001        0.0001588199
       -0.0338840150       -0.0042714652        0.0000556199
        0.0005939648       -0.0000480003       -0.0001783300
       -0.0002828349       -0.0000547752       -0.0000599951
       -0.0006960499        0.0000928853       -0.0000016601
       -0.0002830498       -0.0000615847        0.0000587400
       -0.0032520953        0.0000248346       -0.0000585248
        0.0246229001        0.0047404598       -0.0000674950
       -0.0032517198        0.0000221451        0.0000414303
       -0.0000349146        0.0000630200       -0.0000000600
       -0.0000454801       -0.0000236651       -0.0000001950
        0.0003375598       -0.0000689502        0.0000011900
       -0.0001452500        0.0004759599       -0.0033694752
        0.0000655899        0.0010743099        0.0000001450
       -0.0001597252        0.0004803499        0.0033670199
       -0.0001537703       -0.0106176606       -0.0041108956
       -0.0043646503       -0.3384364203        0.0000903296
       -0.0001715051       -0.0106370751        0.0041242748
        0.0000754849       -0.0005801903        0.0003103597
       -0.0000759002       -0.0001991901        0.0000001398
        0.0000768847       -0.0005793851       -0.0003080052
       -0.0000047106        0.0008736998        0.0004557202
        0.0047404598        0.3573581904       -0.0001276803
       -0.0000032850        0.0008733849       -0.0004552700
       -0.0000139798        0.0000445499        0.0000002296
       -0.0000548403       -0.0000311505        0.0000008697
        0.0001720846       -0.0000907954        0.0000010149
       -0.0000432252       -0.0025583000       -0.0049211053
       -0.0000000449       -0.0000009300       -0.0018900499
        0.0001122100        0.0025548499       -0.0049255951
        0.0004099746        0.0278409047        0.0051778446
        0.0000583998        0.0000898447       -0.0579962250
       -0.0004222701       -0.0278287050        0.0051934049
       -0.0000156601       -0.0015876000        0.0001578550
       -0.0000014850        0.0000007799        0.0002891801
        0.0000139548        0.0015890851        0.0001571900
       -0.0000286303       -0.0005177250        0.0009092849
       -0.0000674950       -0.0001276803        0.0569708402
        0.0000119101        0.0005188500        0.0009103701
        0.0000007103        0.0000005301       -0.0000216050
       -0.0000001501        0.0000008347        0.0000492747
        0.0000020498       -0.0000001953       -0.0000572550
        0.0005717052       -0.0003241396        0.0002862251
        0.0093418853       -0.0001103749        0.0000182303
       -0.0029948498       -0.0000529147        0.0001097300
        0.0093348203       -0.0002539849       -0.0001443149
        0.0006025550        0.0003949052       -0.0001831998
       -0.0338409697       -0.0014238000        0.0018185901
       -0.0032450947        0.0000947651        0.0000532901
       -0.0002829199       -0.0000884296        0.0000381803
       -0.0006966749        0.0000584703       -0.0000698648
       -0.0002827252        0.0000405450        0.0000619553
       -0.0032517198       -0.0000032850        0.0000119101
        0.0245818796        0.0016855603       -0.0020495594
       -0.0000341547        0.0000325605       -0.0000492798
       -0.0000463751       -0.0000081201        0.0000184352
        0.0003430449       -0.0000391100        0.0000600252
       -0.0001720900       -0.0090300099        0.0287644102
       -0.0002812047       -0.0061393249       -0.0012683498
        0.0000263603       -0.0011477701       -0.0012824998
       -0.0001328402       -0.0010038400       -0.0034142602
        0.0001868599        0.0114999850       -0.0150594599
       -0.0014756597       -0.1279896648        0.1214071798
        0.0000454853        0.0009266199       -0.0004885300
        0.0000425200       -0.0005795897        0.0015884999
       -0.0000262301        0.0001672402        0.0002120549
        0.0000444098        0.0005261899       -0.0009494698
        0.0000221451        0.0008733849        0.0005188500
        0.0016855603        0.1319461899       -0.1300163348
       -0.0000072546       -0.0000054547       -0.0000265300
       -0.0000278550        0.0000306449        0.0000346751
        0.0000882548       -0.0000683701        0.0000180952
       -0.0000578100       -0.0031930247        0.0035876351
        0.0000052904       -0.0004506947        0.0016946103
       -0.0000294099       -0.0012846300        0.0003300653
       -0.0000151201       -0.0042232000       -0.0034381202
        0.0002746901        0.0168843002       -0.0169444701
        0.0018916452        0.1214115801       -0.2684319600
        0.0000715804        0.0004885902        0.0008556751
       -0.0000717100       -0.0003079549        0.0001583950
        0.0000771450        0.0002113802       -0.0000767849
       -0.0000593951        0.0009490449       -0.0009505646
        0.0000414303       -0.0004552700        0.0009103701
       -0.0020495594       -0.1300163348        0.2823766897
        0.0000137953       -0.0000275196        0.0000264700
        0.0000467401        0.0000339000       -0.0000122301
       -0.0001491401        0.0000183698       -0.0000795998
       -0.0001220099       -0.0000779298       -0.0001721850
       -0.0001323247       -0.0001907998        0.0000022803
       -0.0001201849       -0.0000757299        0.0001735802
       -0.0000982698        0.0001055349        0.0001485901
       -0.0000877850        0.0001780151        0.0000019151
       -0.0000997548        0.0001077700       -0.0001478648
       -0.0000353697        0.0000090202        0.0000150803
       -0.0000344798        0.0000169953        0.0000004053
       -0.0000349249        0.0000085052       -0.0000140798
       -0.0000347549       -0.0000073447       -0.0000128244
       -0.0000349146       -0.0000139798        0.0000007103
       -0.0000341547       -0.0000072546        0.0000137953
        1.1724421796       -0.0652757299       -0.0015581546
       -1.1874263998        0.0652685449        0.0014534953
        0.0158634151       -0.0001407702       -0.0000060749
       -0.0000393200        0.0000917501       -0.0000625400
       -0.0000972997       -0.0000216798        0.0000019102
       -0.0000396497        0.0000907852        0.0000633301
        0.0000516098        0.0000623299       -0.0000692103
        0.0000896600       -0.0000526049       -0.0000007049
        0.0000529101        0.0000635953        0.0000711000
       -0.0000235099       -0.0000053947        0.0000269603
       -0.0000479298        0.0000391401        0.0000002802
       -0.0000229150       -0.0000050099       -0.0000264350
        0.0000327501       -0.0000053851        0.0000291755
        0.0000630200        0.0000445499        0.0000005301
        0.0000325605       -0.0000054547       -0.0000275196
       -0.0652757299        0.0163370999        0.0000901250
        0.0652517301       -0.0302090950       -0.0000799849
       -0.0001289550        0.0135839298        0.0000004053
       -0.0000882952       -0.0000606349        0.0000001398
        0.0000001398        0.0000003701        0.0001281052
        0.0000868047        0.0000593047       -0.0000014649
        0.0000752948       -0.0000738103        0.0000000946
       -0.0000004252        0.0000001498        0.0001045800
       -0.0000756549        0.0000757998        0.0000010547
       -0.0000469851        0.0000281051        0.0000242849
        0.0000005849       -0.0000003450       -0.0000221149
        0.0000471448       -0.0000273451        0.0000241198
        0.0000501848        0.0000272047        0.0000268599
       -0.0000000600        0.0000002296       -0.0000216050
       -0.0000492798       -0.0000265300        0.0000264700
       -0.0015581546        0.0000901250        0.0126731902
        0.0014453349       -0.0000789902       -0.0265420803
       -0.0000015453       -0.0000004553        0.0135788702
       -0.0003740803       -0.0000716301       -0.0002023401
       -0.0003900851       -0.0002105003        0.0000069900
       -0.0003591001       -0.0000634503        0.0002018547
       -0.0003153954        0.0001321249        0.0001534596
       -0.0003016950        0.0001968698        0.0000062897
       -0.0003295250        0.0001411649       -0.0001539755
       -0.0000477351        0.0000257648        0.0000466798
       -0.0000472153        0.0000519049       -0.0000009302
       -0.0000464203        0.0000253252       -0.0000466252
       -0.0000453204       -0.0000275153       -0.0000470300
       -0.0000454801       -0.0000548403       -0.0000001501
       -0.0000463751       -0.0000278550        0.0000467401
       -1.1874263998        0.0652517301        0.0014453349
        1.5928005604       -0.0866005001       -0.0020985905
       -0.4030220603        0.0210848097        0.0004885200
        0.0005599998       -0.0005492501        0.0004415199
        0.0012030898        0.0001857049       -0.0000004300
        0.0005536947       -0.0005461203       -0.0004346052
       -0.0005646004       -0.0004692203        0.0003861098
       -0.0010562454        0.0002166647        0.0000023448
       -0.0005692152       -0.0004738104       -0.0003883653
        0.0000080249        0.0000282799       -0.0000336851
        0.0000093448       -0.0000281651        0.0000006148
        0.0000085296        0.0000278300        0.0000361547
       -0.0000083307        0.0000309296       -0.0000332750
       -0.0000236651       -0.0000311505        0.0000008347
       -0.0000081201        0.0000306449        0.0000339000
        0.0652685449       -0.0302090950       -0.0000789902
       -0.0866005001        0.0613217804        0.0001189397
        0.0210848745       -0.0295231806       -0.0000262199
        0.0010261948        0.0003781548       -0.0000269154
       -0.0000020449        0.0000002348       -0.0007893851
       -0.0010181802       -0.0003711253       -0.0000263000
       -0.0009274402        0.0004451798       -0.0000447656
       -0.0000001452        0.0000002248       -0.0007041200
        0.0009353349       -0.0004498801       -0.0000441804
        0.0000093348       -0.0000325301       -0.0000083702
        0.0000005647       -0.0000000750        0.0000473651
       -0.0000112652        0.0000338150       -0.0000092652
       -0.0000190502       -0.0000340904       -0.0000135552
       -0.0000001950        0.0000008697        0.0000492747
        0.0000184352        0.0000346751       -0.0000122301
        0.0014534953       -0.0000799849       -0.0265420803
       -0.0020985905        0.0001189397        0.0564674303
        0.0004856895       -0.0000266505       -0.0283398001
       -0.0009982602        0.0003460349        0.0007040495
       -0.0009849450        0.0008061147       -0.0000134699
       -0.0009965902        0.0003310896       -0.0007032452
       -0.0010148102       -0.0003997053       -0.0005977003
       -0.0010214603       -0.0006929403       -0.0000115753
       -0.0010171050       -0.0004151354        0.0005988045
        0.0003508649       -0.0000900002       -0.0001555352
        0.0003551250       -0.0001850049        0.0000016547
        0.0003494350       -0.0000893601        0.0001592196
        0.0003404494        0.0000878498        0.0001523048
        0.0003375598        0.0001720846        0.0000020498
        0.0003430449        0.0000882548       -0.0001491401
        0.0158634151       -0.0001289550       -0.0000015453
       -0.4030220603        0.0210848745        0.0004856895
        0.3911234904       -0.0209386053       -0.0005007402
       -0.0000565004        0.0004604848       -0.0006300851
       -0.0002131102       -0.0006083101        0.0000056747
       -0.0000540152        0.0004574997        0.0006275150
        0.0000924598        0.0003775946       -0.0005504953
        0.0001020646       -0.0005933404       -0.0000052003
        0.0000967648        0.0003850897        0.0005534747
        0.0000323800       -0.0000590100       -0.0000163251
        0.0000759246       -0.0000966702        0.0000004098
        0.0000315146       -0.0000592803        0.0000156598
       -0.0000384205       -0.0000677855       -0.0000181799
       -0.0000689502       -0.0000907954       -0.0000001953
       -0.0000391100       -0.0000683701        0.0000183698
       -0.0001407702        0.0135839298       -0.0000004553
        0.0210848097       -0.0295231806       -0.0000266505
       -0.0209386053        0.0159049705        0.0000311397
       -0.0001827598       -0.0005654150       -0.0002667051
       -0.0000012798        0.0000027103        0.0008175101
        0.0001717700        0.0005586000       -0.0002752847
        0.0000857651       -0.0006161952       -0.0002497902
       -0.0000021552        0.0000000051        0.0006970203
       -0.0000946500        0.0006235550       -0.0002428851
        0.0000673000       -0.0000174049       -0.0000871199
        0.0000019051        0.0000004300       -0.0000492699
       -0.0000632699        0.0000170704       -0.0000865950
       -0.0000560502       -0.0000158002       -0.0000792846
        0.0000011900        0.0000010149       -0.0000572550
        0.0000600252        0.0000180952       -0.0000795998
       -0.0000060749        0.0000004053        0.0135788702
        0.0004885200       -0.0000262199       -0.0283398001
       -0.0005007402        0.0000311397        0.0147250199
