   21   63
        0.3162549391        0.0000000000        0.0000000000
       -0.1417307738        0.0058689113       -0.0399098257
       -0.1417307738       -0.0058689113        0.0399098257
        0.0122144516       -0.0018182570        0.0150051585
        0.0122144516        0.0018182570       -0.0150051585
       -0.0100116851       -0.0012416869       -0.0195103264
       -0.0100116851        0.0012416869        0.0195103264
       -0.0213055798        0.0044979671       -0.0336639092
       -0.0213055798       -0.0044979671        0.0336639092
        0.0001805992        0.0018858832        0.0008523900
        0.0001805992       -0.0018858832       -0.0008523900
        0.0003350671       -0.0038121791       -0.0011365087
        0.0003350671        0.0038121791        0.0011365087
        0.0014508459       -0.0005643391        0.0005172581
        0.0014508459        0.0005643391       -0.0005172581
        0.0005979797        0.0009586757       -0.0000903604
        0.0005979797       -0.0009586757        0.0000903604
        0.0017078148        0.0002901973       -0.0006948520
        0.0017078148       -0.0002901973        0.0006948520
       -0.0015661891       -0.0025541706        0.0041980217
       -0.0015661891        0.0025541706       -0.0041980217
        0.0000000000        0.0983868347       -0.0377433606
        0.0089884449       -0.0582227224        0.0089589559
       -0.0089884449       -0.0582227224        0.0089589559
        0.0090774769       -0.0005678289        0.0178884738
       -0.0090774769       -0.0005678289        0.0178884738
       -0.0173372549        0.0077199627       -0.0257183495
        0.0173372549        0.0077199627       -0.0257183495
        0.0121997216       -0.0001102304        0.0177294880
       -0.0121997216       -0.0001102304        0.0177294880
        0.0009953691        0.0025082514        0.0013279821
       -0.0009953691        0.0025082514        0.0013279821
       -0.0023274402       -0.0053491207       -0.0034393594
        0.0023274402       -0.0053491207       -0.0034393594
       -0.0000580933        0.0029607562        0.0012921519
        0.0000580933        0.0029607562        0.0012921519
        0.0017402316        0.0019004370       -0.0009864879
       -0.0017402316        0.0019004370       -0.0009864879
       -0.0002248617        0.0004133846       -0.0005333256
        0.0002248617        0.0004133846       -0.0005333256
       -0.0020526471       -0.0004463069        0.0023521508
        0.0020526471       -0.0004463069        0.0023521508
        0.0000000000       -0.0377433606        0.4742126739
       -0.0713390476        0.0073177467       -0.1574602740
        0.0713390476        0.0073177467       -0.1574602740
       -0.0210631699        0.0078761622       -0.0412798797
        0.0210631699        0.0078761622       -0.0412798797
       -0.0225636924        0.0010400450       -0.0305325629
        0.0225636924        0.0010400450       -0.0305325629
       -0.0105420777        0.0056732766       -0.0076041506
        0.0105420777        0.0056732766       -0.0076041506
        0.0002444025        0.0001164496        0.0013378543
       -0.0002444025        0.0001164496        0.0013378543
       -0.0023664430       -0.0065941417       -0.0023894661
        0.0023664430       -0.0065941417       -0.0023894661
        0.0015550478        0.0018017336        0.0013439916
       -0.0015550478        0.0018017336        0.0013439916
       -0.0009427870       -0.0005379620        0.0022895189
        0.0009427870       -0.0005379620        0.0022895189
       -0.0012510444       -0.0018792683        0.0024877489
        0.0012510444       -0.0018792683        0.0024877489
        0.0041774988        0.0040576386       -0.0052991174
       -0.0041774988        0.0040576386       -0.0052991174
       -0.1417307738        0.0089884449       -0.0713390476
        0.5688345773       -0.0389056467       -0.0575664404
        0.0187205468       -0.0003197858        0.0086017956
       -0.1293050371       -0.0362295673        0.0475749166
       -0.0033925065       -0.0003404405        0.0045277253
       -0.0823377019       -0.0246563115       -0.0005010659
       -0.0015684749       -0.0025416016        0.0042354339
       -0.2058376831        0.1042903141        0.0512149386
       -0.0016797859       -0.0021073521        0.0028898849
       -0.0055381885       -0.0160356554       -0.0077575057
       -0.0004960724        0.0012747867        0.0000286328
       -0.0055475502       -0.0152325001       -0.0048883976
       -0.0007659685        0.0015299094        0.0008744958
        0.0055242319        0.0280534278        0.0102855015
       -0.0002939342        0.0001861844       -0.0007700729
       -0.0057934654       -0.0025491758        0.0049525163
       -0.0001196094        0.0000874257       -0.0002443487
       -0.0198488681       -0.0158616212        0.0212362583
        0.0002794396        0.0003255635       -0.0001675137
        0.0098270372        0.0109001441       -0.0148162951
        0.0010697870       -0.0008565426        0.0016285879
        0.0058689113       -0.0582227224        0.0073177467
       -0.0389056467        0.5189704440        0.0093005391
        0.0003197858       -0.0097246822        0.0089661288
       -0.0413848877       -0.1109247674        0.0369033071
       -0.0018131956       -0.0003367155        0.0033714301
       -0.0186540940       -0.1835888067       -0.0317131592
        0.0008241857        0.0008396382       -0.0036480270
        0.1033973625       -0.1204725607       -0.0317666127
        0.0012230844        0.0009762968        0.0009796864
       -0.0028641079       -0.0143893088       -0.0070998473
        0.0003987718       -0.0004532243       -0.0006660676
        0.0043352689        0.0077382599        0.0057369162
        0.0005444345       -0.0007522855       -0.0001628067
       -0.0056933116       -0.0195879792       -0.0076549907
        0.0000695747       -0.0000389615        0.0001090299
       -0.0188026054       -0.0153464768        0.0220255206
        0.0000523484        0.0000441538       -0.0000435844
        0.0115367669        0.0078542290       -0.0117609044
        0.0000022866       -0.0000913558       -0.0000576587
       -0.0010607274       -0.0023228646       -0.0011318188
        0.0006057949       -0.0001703104        0.0009951726
       -0.0399098257        0.0089589559       -0.1574602740
       -0.0575664404        0.0093005391        0.4821818671
       -0.0086017956        0.0089661288       -0.0442050162
        0.0591994586        0.0394922536       -0.1197154011
        0.0013936505       -0.0004894373       -0.0018118547
        0.0003014738       -0.0357572462       -0.0843254849
       -0.0016162549       -0.0015914513        0.0029127269
        0.0450170786       -0.0308389252       -0.0628621116
       -0.0043121329       -0.0014137923        0.0032330919
        0.0057120438        0.0243967692        0.0083094806
       -0.0001155293        0.0000387621       -0.0008069219
       -0.0047657292       -0.0218147267       -0.0092085906
       -0.0008450604        0.0013862834        0.0014453410
       -0.0028416140       -0.0068528371       -0.0038918165
        0.0001570421        0.0001316159       -0.0005785206
       -0.0091790088       -0.0083891024        0.0071843442
        0.0000982702        0.0001276903       -0.0001133707
        0.0031235619        0.0033372240       -0.0055170249
        0.0000925281       -0.0000206832       -0.0002873009
        0.0152470171        0.0108287166       -0.0151855461
       -0.0005887334        0.0002032627        0.0007023831
       -0.1417307738       -0.0089884449        0.0713390476
        0.0187205468        0.0003197858       -0.0086017956
        0.5688345773        0.0389056467        0.0575664404
       -0.0033925065        0.0003404405       -0.0045277253
       -0.1293050371        0.0362295673       -0.0475749166
       -0.0015684749        0.0025416016       -0.0042354339
       -0.0823377019        0.0246563115        0.0005010659
       -0.0016797859        0.0021073521       -0.0028898849
       -0.2058376831       -0.1042903141       -0.0512149386
       -0.0004960724       -0.0012747867       -0.0000286328
       -0.0055381885        0.0160356554        0.0077575057
       -0.0007659685       -0.0015299094       -0.0008744958
       -0.0055475502        0.0152325001        0.0048883976
       -0.0002939342       -0.0001861844        0.0007700729
        0.0055242319       -0.0280534278       -0.0102855015
       -0.0001196094       -0.0000874257        0.0002443487
       -0.0057934654        0.0025491758       -0.0049525163
        0.0002794396       -0.0003255635        0.0001675137
       -0.0198488681        0.0158616212       -0.0212362583
        0.0010697870        0.0008565426       -0.0016285879
        0.0098270372       -0.0109001441        0.0148162951
       -0.0058689113       -0.0582227224        0.0073177467
       -0.0003197858       -0.0097246822        0.0089661288
        0.0389056467        0.5189704440        0.0093005391
        0.0018131956       -0.0003367155        0.0033714301
        0.0413848877       -0.1109247674        0.0369033071
       -0.0008241857        0.0008396382       -0.0036480270
        0.0186540940       -0.1835888067       -0.0317131592
       -0.0012230844        0.0009762968        0.0009796864
       -0.1033973625       -0.1204725607       -0.0317666127
       -0.0003987718       -0.0004532243       -0.0006660676
        0.0028641079       -0.0143893088       -0.0070998473
       -0.0005444345       -0.0007522855       -0.0001628067
       -0.0043352689        0.0077382599        0.0057369162
       -0.0000695747       -0.0000389615        0.0001090299
        0.0056933116       -0.0195879792       -0.0076549907
       -0.0000523484        0.0000441538       -0.0000435844
        0.0188026054       -0.0153464768        0.0220255206
       -0.0000022866       -0.0000913558       -0.0000576587
       -0.0115367669        0.0078542290       -0.0117609044
       -0.0006057949       -0.0001703104        0.0009951726
        0.0010607274       -0.0023228646       -0.0011318188
        0.0399098257        0.0089589559       -0.1574602740
        0.0086017956        0.0089661288       -0.0442050162
        0.0575664404        0.0093005391        0.4821818671
       -0.0013936505       -0.0004894373       -0.0018118547
       -0.0591994586        0.0394922536       -0.1197154011
        0.0016162549       -0.0015914513        0.0029127269
       -0.0003014738       -0.0357572462       -0.0843254849
        0.0043121329       -0.0014137923        0.0032330919
       -0.0450170786       -0.0308389252       -0.0628621116
        0.0001155293        0.0000387621       -0.0008069219
       -0.0057120438        0.0243967692        0.0083094806
        0.0008450604        0.0013862834        0.0014453410
        0.0047657292       -0.0218147267       -0.0092085906
       -0.0001570421        0.0001316159       -0.0005785206
        0.0028416140       -0.0068528371       -0.0038918165
       -0.0000982702        0.0001276903       -0.0001133707
        0.0091790088       -0.0083891024        0.0071843442
       -0.0000925281       -0.0000206832       -0.0002873009
       -0.0031235619        0.0033372240       -0.0055170249
        0.0005887334        0.0002032627        0.0007023831
       -0.0152470171        0.0108287166       -0.0151855461
        0.0122144516        0.0090774769       -0.0210631699
       -0.1293050371       -0.0413848877        0.0591994586
       -0.0033925065        0.0018131956       -0.0013936505
        0.5421394611       -0.0212687637        0.0384549586
        0.0011717497        0.0001209062       -0.0011665632
       -0.0055684433       -0.0070187604        0.0064174838
        0.0001395527        0.0000651784       -0.0000991379
       -0.0150543970       -0.0158158469        0.0190007320
        0.0004340160        0.0003725817       -0.0002288395
        0.0002920398       -0.0007529811       -0.0007980724
        0.0000915166       -0.0002720386       -0.0001125378
       -0.0000832267        0.0003406307        0.0001948941
        0.0000571259       -0.0001620482       -0.0000046009
        0.0011614460        0.0015208393       -0.0001677835
        0.0000114816       -0.0000133024        0.0000607296
       -0.0605834726       -0.0543859602       -0.0233244305
        0.0000347372       -0.0000075044        0.0000497369
       -0.2341551970        0.1146799939        0.0343707774
        0.0000085399       -0.0001222018        0.0001118059
       -0.1093270729        0.0129799997       -0.1090729518
       -0.0002867650        0.0002334931       -0.0004288390
       -0.0018182570       -0.0005678289        0.0078761622
       -0.0362295673       -0.1109247674        0.0394922536
        0.0003404405       -0.0003367155       -0.0004894373
       -0.0212687637        0.5579186605        0.0306983926
       -0.0001209062       -0.0001098755       -0.0000790419
       -0.0221851808       -0.0214567332        0.0205894831
        0.0001418382        0.0001385085        0.0000324507
        0.0096883268        0.0086734603       -0.0116826828
        0.0000009260       -0.0002649209       -0.0000691465
       -0.0020505811       -0.0053670997       -0.0018090381
        0.0000520515        0.0003077057        0.0000957186
        0.0004952463        0.0009370528        0.0006980487
       -0.0000427776       -0.0001026983       -0.0000477899
       -0.0001226639        0.0016464616        0.0010681944
       -0.0001679783        0.0000353635       -0.0002294458
       -0.0535348035       -0.2634996324       -0.0913900759
       -0.0000524367       -0.0000085190        0.0000054999
        0.1127773708       -0.1161226219       -0.0217443157
       -0.0000304000        0.0000677667       -0.0000285413
        0.0141216896       -0.0509790572        0.0270339409
        0.0000064264        0.0000154904       -0.0000206295
        0.0150051585        0.0178884738       -0.0412798797
        0.0475749166        0.0369033071       -0.1197154011
       -0.0045277253        0.0033714301       -0.0018118547
        0.0384549586        0.0306983926        0.5406439496
        0.0011665632       -0.0000790419       -0.0014523962
       -0.0039690656       -0.0042860648        0.0104473681
       -0.0000574859        0.0002932216       -0.0000504796
        0.0053198794        0.0047679378       -0.0043503678
        0.0002680496        0.0001315331       -0.0001129274
       -0.0014549862       -0.0039964619       -0.0007724238
        0.0001949645       -0.0001947144        0.0000633865
       -0.0001415542        0.0003696696       -0.0001967634
        0.0000570846       -0.0001617438       -0.0000123084
       -0.0004276365       -0.0003786930        0.0000489855
       -0.0000126548       -0.0000351348       -0.0000249587
       -0.0214962640       -0.0883660531       -0.0835894632
        0.0000066863       -0.0000064089        0.0000693562
        0.0359754158       -0.0224535491       -0.0524752884
       -0.0000570529       -0.0000360483        0.0000390649
       -0.1115403316        0.0253089645       -0.2449754705
       -0.0003389203        0.0002609838       -0.0004921278
        0.0122144516       -0.0090774769        0.0210631699
       -0.0033925065       -0.0018131956        0.0013936505
       -0.1293050371        0.0413848877       -0.0591994586
        0.0011717497       -0.0001209062        0.0011665632
        0.5421394611        0.0212687637       -0.0384549586
        0.0001395527       -0.0000651784        0.0000991379
       -0.0055684433        0.0070187604       -0.0064174838
        0.0004340160       -0.0003725817        0.0002288395
       -0.0150543970        0.0158158469       -0.0190007320
        0.0000915166        0.0002720386        0.0001125378
        0.0002920398        0.0007529811        0.0007980724
        0.0000571259        0.0001620482        0.0000046009
       -0.0000832267       -0.0003406307       -0.0001948941
        0.0000114816        0.0000133024       -0.0000607296
        0.0011614460       -0.0015208393        0.0001677835
        0.0000347372        0.0000075044       -0.0000497369
       -0.0605834726        0.0543859602        0.0233244305
        0.0000085399        0.0001222018       -0.0001118059
       -0.2341551970       -0.1146799939       -0.0343707774
       -0.0002867650       -0.0002334931        0.0004288390
       -0.1093270729       -0.0129799997        0.1090729518
        0.0018182570       -0.0005678289        0.0078761622
       -0.0003404405       -0.0003367155       -0.0004894373
        0.0362295673       -0.1109247674        0.0394922536
        0.0001209062       -0.0001098755       -0.0000790419
        0.0212687637        0.5579186605        0.0306983926
       -0.0001418382        0.0001385085        0.0000324507
        0.0221851808       -0.0214567332        0.0205894831
       -0.0000009260       -0.0002649209       -0.0000691465
       -0.0096883268        0.0086734603       -0.0116826828
       -0.0000520515        0.0003077057        0.0000957186
        0.0020505811       -0.0053670997       -0.0018090381
        0.0000427776       -0.0001026983       -0.0000477899
       -0.0004952463        0.0009370528        0.0006980487
        0.0001679783        0.0000353635       -0.0002294458
        0.0001226639        0.0016464616        0.0010681944
        0.0000524367       -0.0000085190        0.0000054999
        0.0535348035       -0.2634996324       -0.0913900759
        0.0000304000        0.0000677667       -0.0000285413
       -0.1127773708       -0.1161226219       -0.0217443157
       -0.0000064264        0.0000154904       -0.0000206295
       -0.0141216896       -0.0509790572        0.0270339409
       -0.0150051585        0.0178884738       -0.0412798797
        0.0045277253        0.0033714301       -0.0018118547
       -0.0475749166        0.0369033071       -0.1197154011
       -0.0011665632       -0.0000790419       -0.0014523962
       -0.0384549586        0.0306983926        0.5406439496
        0.0000574859        0.0002932216       -0.0000504796
        0.0039690656       -0.0042860648        0.0104473681
       -0.0002680496        0.0001315331       -0.0001129274
       -0.0053198794        0.0047679378       -0.0043503678
       -0.0001949645       -0.0001947144        0.0000633865
        0.0014549862       -0.0039964619       -0.0007724238
       -0.0000570846       -0.0001617438       -0.0000123084
        0.0001415542        0.0003696696       -0.0001967634
        0.0000126548       -0.0000351348       -0.0000249587
        0.0004276365       -0.0003786930        0.0000489855
       -0.0000066863       -0.0000064089        0.0000693562
        0.0214962640       -0.0883660531       -0.0835894632
        0.0000570529       -0.0000360483        0.0000390649
       -0.0359754158       -0.0224535491       -0.0524752884
        0.0003389203        0.0002609838       -0.0004921278
        0.1115403316        0.0253089645       -0.2449754705
       -0.0100116851       -0.0173372549       -0.0225636924
       -0.0823377019       -0.0186540940        0.0003014738
       -0.0015684749       -0.0008241857        0.0016162549
       -0.0055684433       -0.0221851808       -0.0039690656
        0.0001395527       -0.0001418382        0.0000574859
        0.5674322274       -0.0207888211       -0.0092564904
       -0.0004253435        0.0004351170       -0.0005243883
        0.0076555013        0.0246864870        0.0097237097
        0.0002068778        0.0005191904        0.0003778891
       -0.1205482630       -0.0703805014        0.0953691289
        0.0003167588       -0.0003946398        0.0001035267
       -0.1285178835        0.0163713950       -0.1208217594
        0.0002873833       -0.0001920805        0.0000357384
       -0.2259929350        0.1115049458        0.0494441519
        0.0001014355       -0.0001394775        0.0001644824
       -0.0020430822       -0.0023224285        0.0019493241
        0.0001415582        0.0000281932        0.0000230743
        0.0005996958       -0.0005747825       -0.0011167684
       -0.0000290353       -0.0000251749        0.0000167448
        0.0001729856        0.0003486748       -0.0008883706
       -0.0000111287        0.0000664565       -0.0000424498
       -0.0012416869        0.0077199627        0.0010400450
       -0.0246563115       -0.1835888067       -0.0357572462
        0.0025416016        0.0008396382       -0.0015914513
       -0.0070187604       -0.0214567332       -0.0042860648
       -0.0000651784        0.0001385085        0.0002932216
       -0.0207888211        0.4949930552       -0.0365640676
       -0.0004351170       -0.0004000685        0.0002565062
       -0.0062732551       -0.0178112167       -0.0062032778
       -0.0006475872       -0.0000774892       -0.0004362074
       -0.0701889156       -0.1146350073        0.0919969919
       -0.0000747481        0.0000248704       -0.0001030138
        0.0151186874       -0.0507668466        0.0212404489
       -0.0001017208        0.0001635560        0.0000310170
        0.1137802187       -0.1161699566       -0.0298487986
       -0.0000068847       -0.0001667179       -0.0000815913
       -0.0013903517       -0.0007094985        0.0017497370
        0.0000277133       -0.0000721138        0.0000497213
        0.0012129967        0.0017739505       -0.0011014821
       -0.0000931812        0.0000028969       -0.0000538667
        0.0002489304        0.0003290045       -0.0006767801
        0.0000523716       -0.0001309878        0.0000461589
       -0.0195103264       -0.0257183495       -0.0305325629
       -0.0005010659       -0.0317131592       -0.0843254849
       -0.0042354339       -0.0036480270        0.0029127269
        0.0064174838        0.0205894831        0.0104473681
        0.0000991379        0.0000324507       -0.0000504796
       -0.0092564904       -0.0365640676        0.5587792349
        0.0005243883        0.0002565062       -0.0006863082
       -0.0018384556       -0.0091343646       -0.0010246736
        0.0005757035        0.0000537463       -0.0005341967
        0.0949242170        0.0898443725       -0.1686481020
        0.0000558782       -0.0000075257        0.0000545403
       -0.1204340257        0.0232349848       -0.2235095426
        0.0002671725       -0.0002631490       -0.0001743676
        0.0500446084       -0.0307096291       -0.0602351969
        0.0000315300        0.0002213051        0.0000243059
        0.0036672490        0.0035877502       -0.0031699738
       -0.0001144603        0.0000503283        0.0000203725
       -0.0004394086        0.0000096632        0.0002356329
        0.0001067070        0.0000278596        0.0001349575
       -0.0004292558       -0.0002241642        0.0003707699
        0.0000448469        0.0000739860       -0.0000890202
       -0.0100116851        0.0173372549        0.0225636924
       -0.0015684749        0.0008241857       -0.0016162549
       -0.0823377019        0.0186540940       -0.0003014738
        0.0001395527        0.0001418382       -0.0000574859
       -0.0055684433        0.0221851808        0.0039690656
       -0.0004253435       -0.0004351170        0.0005243883
        0.5674322274        0.0207888211        0.0092564904
        0.0002068778       -0.0005191904       -0.0003778891
        0.0076555013       -0.0246864870       -0.0097237097
        0.0003167588        0.0003946398       -0.0001035267
       -0.1205482630        0.0703805014       -0.0953691289
        0.0002873833        0.0001920805       -0.0000357384
       -0.1285178835       -0.0163713950        0.1208217594
        0.0001014355        0.0001394775       -0.0001644824
       -0.2259929350       -0.1115049458       -0.0494441519
        0.0001415582       -0.0000281932       -0.0000230743
       -0.0020430822        0.0023224285       -0.0019493241
       -0.0000290353        0.0000251749       -0.0000167448
        0.0005996958        0.0005747825        0.0011167684
       -0.0000111287       -0.0000664565        0.0000424498
        0.0001729856       -0.0003486748        0.0008883706
        0.0012416869        0.0077199627        0.0010400450
       -0.0025416016        0.0008396382       -0.0015914513
        0.0246563115       -0.1835888067       -0.0357572462
        0.0000651784        0.0001385085        0.0002932216
        0.0070187604       -0.0214567332       -0.0042860648
        0.0004351170       -0.0004000685        0.0002565062
        0.0207888211        0.4949930552       -0.0365640676
        0.0006475872       -0.0000774892       -0.0004362074
        0.0062732551       -0.0178112167       -0.0062032778
        0.0000747481        0.0000248704       -0.0001030138
        0.0701889156       -0.1146350073        0.0919969919
        0.0001017208        0.0001635560        0.0000310170
       -0.0151186874       -0.0507668466        0.0212404489
        0.0000068847       -0.0001667179       -0.0000815913
       -0.1137802187       -0.1161699566       -0.0298487986
       -0.0000277133       -0.0000721138        0.0000497213
        0.0013903517       -0.0007094985        0.0017497370
        0.0000931812        0.0000028969       -0.0000538667
       -0.0012129967        0.0017739505       -0.0011014821
       -0.0000523716       -0.0001309878        0.0000461589
       -0.0002489304        0.0003290045       -0.0006767801
        0.0195103264       -0.0257183495       -0.0305325629
        0.0042354339       -0.0036480270        0.0029127269
        0.0005010659       -0.0317131592       -0.0843254849
       -0.0000991379        0.0000324507       -0.0000504796
       -0.0064174838        0.0205894831        0.0104473681
       -0.0005243883        0.0002565062       -0.0006863082
        0.0092564904       -0.0365640676        0.5587792349
       -0.0005757035        0.0000537463       -0.0005341967
        0.0018384556       -0.0091343646       -0.0010246736
       -0.0000558782       -0.0000075257        0.0000545403
       -0.0949242170        0.0898443725       -0.1686481020
       -0.0002671725       -0.0002631490       -0.0001743676
        0.1204340257        0.0232349848       -0.2235095426
       -0.0000315300        0.0002213051        0.0000243059
       -0.0500446084       -0.0307096291       -0.0602351969
        0.0001144603        0.0000503283        0.0000203725
       -0.0036672490        0.0035877502       -0.0031699738
       -0.0001067070        0.0000278596        0.0001349575
        0.0004394086        0.0000096632        0.0002356329
       -0.0000448469        0.0000739860       -0.0000890202
        0.0004292558       -0.0002241642        0.0003707699
       -0.0213055798        0.0121997216       -0.0105420777
       -0.2058376831        0.1033973625        0.0450170786
       -0.0016797859       -0.0012230844        0.0043121329
       -0.0150543970        0.0096883268        0.0053198794
        0.0004340160       -0.0000009260       -0.0002680496
        0.0076555013       -0.0062732551       -0.0018384556
        0.0002068778        0.0006475872       -0.0005757035
        0.2325320773       -0.1145612175       -0.0438684036
        0.0008470825        0.0003102037       -0.0003128620
        0.0003433970        0.0006356583        0.0001908904
        0.0006567106       -0.0005814798        0.0002358935
        0.0003140654        0.0011252357        0.0006250521
        0.0002917529       -0.0004452708        0.0000639582
        0.0006195553       -0.0024896424       -0.0007926759
        0.0001143088       -0.0000971621        0.0002634711
        0.0004052405       -0.0000063232       -0.0007518095
        0.0000576402       -0.0001774212        0.0000749918
       -0.0011327647       -0.0021075882        0.0024233629
        0.0000695082       -0.0000644747        0.0002230186
        0.0004622223       -0.0000705539        0.0004312662
        0.0000002546        0.0000943034       -0.0002309583
        0.0044979671       -0.0001102304        0.0056732766
        0.1042903141       -0.1204725607       -0.0308389252
        0.0021073521        0.0009762968       -0.0014137923
       -0.0158158469        0.0086734603        0.0047679378
       -0.0003725817       -0.0002649209        0.0001315331
        0.0246864870       -0.0178112167       -0.0091343646
       -0.0005191904       -0.0000774892        0.0000537463
       -0.1145612175        0.1323311367        0.0314738813
       -0.0003102037       -0.0006220857        0.0002834564
        0.0000328497        0.0010333965        0.0009832724
       -0.0000492416        0.0000431817       -0.0008759712
       -0.0003151894        0.0009631060       -0.0002340063
       -0.0000266327        0.0001328447        0.0002094766
       -0.0019444258       -0.0052346908       -0.0022591762
       -0.0001379933       -0.0000070299       -0.0001774377
        0.0004653071        0.0009207523       -0.0006091661
       -0.0000265654        0.0000889044       -0.0000182901
       -0.0027496107       -0.0009772777        0.0026868625
       -0.0000848329        0.0000619252       -0.0001135131
        0.0008187983        0.0003778348       -0.0006754177
        0.0000144566       -0.0000253374        0.0000866175
       -0.0336639092        0.0177294880       -0.0076041506
        0.0512149386       -0.0317666127       -0.0628621116
       -0.0028898849        0.0009796864        0.0032330919
        0.0190007320       -0.0116826828       -0.0043503678
        0.0002288395       -0.0000691465       -0.0001129274
        0.0097237097       -0.0062032778       -0.0010246736
       -0.0003778891       -0.0004362074       -0.0005341967
       -0.0438684036        0.0314738813        0.0753155701
        0.0003128620        0.0002834564       -0.0002031691
       -0.0006006647        0.0001472181        0.0003538025
        0.0000695776       -0.0009430633       -0.0011582717
        0.0000804058        0.0004745567        0.0001384358
        0.0001520287       -0.0000112424        0.0002366749
       -0.0008035574       -0.0023929427       -0.0001854731
       -0.0000268133        0.0000960076        0.0001571615
       -0.0008545675        0.0001875958        0.0008958919
        0.0000180397       -0.0001066271        0.0000827118
        0.0027436122        0.0025428754       -0.0026512091
        0.0001481816        0.0000776048        0.0001000980
       -0.0006894336       -0.0003787485        0.0003447276
        0.0000821960       -0.0000018193       -0.0001716151
       -0.0213055798       -0.0121997216        0.0105420777
       -0.0016797859        0.0012230844       -0.0043121329
       -0.2058376831       -0.1033973625       -0.0450170786
        0.0004340160        0.0000009260        0.0002680496
       -0.0150543970       -0.0096883268       -0.0053198794
        0.0002068778       -0.0006475872        0.0005757035
        0.0076555013        0.0062732551        0.0018384556
        0.0008470825       -0.0003102037        0.0003128620
        0.2325320773        0.1145612175        0.0438684036
        0.0006567106        0.0005814798       -0.0002358935
        0.0003433970       -0.0006356583       -0.0001908904
        0.0002917529        0.0004452708       -0.0000639582
        0.0003140654       -0.0011252357       -0.0006250521
        0.0001143088        0.0000971621       -0.0002634711
        0.0006195553        0.0024896424        0.0007926759
        0.0000576402        0.0001774212       -0.0000749918
        0.0004052405        0.0000063232        0.0007518095
        0.0000695082        0.0000644747       -0.0002230186
       -0.0011327647        0.0021075882       -0.0024233629
        0.0000002546       -0.0000943034        0.0002309583
        0.0004622223        0.0000705539       -0.0004312662
       -0.0044979671       -0.0001102304        0.0056732766
       -0.0021073521        0.0009762968       -0.0014137923
       -0.1042903141       -0.1204725607       -0.0308389252
        0.0003725817       -0.0002649209        0.0001315331
        0.0158158469        0.0086734603        0.0047679378
        0.0005191904       -0.0000774892        0.0000537463
       -0.0246864870       -0.0178112167       -0.0091343646
        0.0003102037       -0.0006220857        0.0002834564
        0.1145612175        0.1323311367        0.0314738813
        0.0000492416        0.0000431817       -0.0008759712
       -0.0000328497        0.0010333965        0.0009832724
        0.0000266327        0.0001328447        0.0002094766
        0.0003151894        0.0009631060       -0.0002340063
        0.0001379933       -0.0000070299       -0.0001774377
        0.0019444258       -0.0052346908       -0.0022591762
        0.0000265654        0.0000889044       -0.0000182901
       -0.0004653071        0.0009207523       -0.0006091661
        0.0000848329        0.0000619252       -0.0001135131
        0.0027496107       -0.0009772777        0.0026868625
       -0.0000144566       -0.0000253374        0.0000866175
       -0.0008187983        0.0003778348       -0.0006754177
        0.0336639092        0.0177294880       -0.0076041506
        0.0028898849        0.0009796864        0.0032330919
       -0.0512149386       -0.0317666127       -0.0628621116
       -0.0002288395       -0.0000691465       -0.0001129274
       -0.0190007320       -0.0116826828       -0.0043503678
        0.0003778891       -0.0004362074       -0.0005341967
       -0.0097237097       -0.0062032778       -0.0010246736
       -0.0003128620        0.0002834564       -0.0002031691
        0.0438684036        0.0314738813        0.0753155701
       -0.0000695776       -0.0009430633       -0.0011582717
        0.0006006647        0.0001472181        0.0003538025
       -0.0001520287       -0.0000112424        0.0002366749
       -0.0000804058        0.0004745567        0.0001384358
        0.0000268133        0.0000960076        0.0001571615
        0.0008035574       -0.0023929427       -0.0001854731
       -0.0000180397       -0.0001066271        0.0000827118
        0.0008545675        0.0001875958        0.0008958919
       -0.0001481816        0.0000776048        0.0001000980
       -0.0027436122        0.0025428754       -0.0026512091
       -0.0000821960       -0.0000018193       -0.0001716151
        0.0006894336       -0.0003787485        0.0003447276
        0.0001805992        0.0009953691        0.0002444025
       -0.0055381885       -0.0028641079        0.0057120438
       -0.0004960724       -0.0003987718        0.0001155293
        0.0002920398       -0.0020505811       -0.0014549862
        0.0000915166       -0.0000520515       -0.0001949645
       -0.1205482630       -0.0701889156        0.0949242170
        0.0003167588        0.0000747481       -0.0000558782
        0.0003433970        0.0000328497       -0.0006006647
        0.0006567106        0.0000492416       -0.0000695776
        0.1272336709        0.0785617082       -0.1047665062
       -0.0000586283        0.0000738722       -0.0000150211
        0.0102144244        0.0103510507       -0.0125984089
       -0.0000077679       -0.0000149216       -0.0000185041
       -0.0132040891       -0.0145904175        0.0180646905
       -0.0000250917        0.0001176585        0.0000481497
        0.0000305095       -0.0005348598        0.0005830675
       -0.0001253913        0.0000679538       -0.0000665361
        0.0005379010        0.0002254736       -0.0002174726
        0.0000501403        0.0000419776        0.0000770614
        0.0000738617        0.0000617918        0.0002795060
       -0.0000180378        0.0000409320        0.0000098526
        0.0018858832        0.0025082514        0.0001164496
       -0.0160356554       -0.0143893088        0.0243967692
       -0.0012747867       -0.0004532243        0.0000387621
       -0.0007529811       -0.0053670997       -0.0039964619
        0.0002720386        0.0003077057       -0.0001947144
       -0.0703805014       -0.1146350073        0.0898443725
        0.0003946398        0.0000248704       -0.0000075257
        0.0006356583        0.0010333965        0.0001472181
        0.0005814798        0.0000431817       -0.0009430633
        0.0785617082        0.1248447463       -0.0991344571
       -0.0000738722       -0.0000076154        0.0000055491
       -0.0012241201       -0.0022849467        0.0013005877
       -0.0000201629       -0.0000003149       -0.0000419618
        0.0086866634        0.0089496039       -0.0125705634
        0.0000023081        0.0001506515        0.0000990004
       -0.0015107066       -0.0009706423        0.0011965388
       -0.0000213588       -0.0000319114       -0.0000212701
       -0.0001417567        0.0000978491       -0.0000787276
        0.0001288486       -0.0000635128        0.0001134566
        0.0003231253        0.0002288767       -0.0002329037
       -0.0000364513        0.0000144502       -0.0000370550
        0.0008523900        0.0013279821        0.0013378543
       -0.0077575057       -0.0070998473        0.0083094806
       -0.0000286328       -0.0006660676       -0.0008069219
       -0.0007980724       -0.0018090381       -0.0007724238
        0.0001125378        0.0000957186        0.0000633865
        0.0953691289        0.0919969919       -0.1686481020
       -0.0001035267       -0.0001030138        0.0000545403
        0.0001908904        0.0009832724        0.0003538025
       -0.0002358935       -0.0008759712       -0.0011582717
       -0.1047665062       -0.0991344571        0.1829061198
        0.0000150211        0.0000055491       -0.0000122365
        0.0152748090        0.0128351279       -0.0173137537
       -0.0000128100        0.0000290114        0.0000299846
        0.0021916739        0.0031873983       -0.0051289898
       -0.0000058085       -0.0000434759       -0.0000311627
       -0.0003020267       -0.0004926153        0.0005361909
       -0.0000140141        0.0000472066        0.0000356319
       -0.0000764589       -0.0000496363       -0.0000950909
       -0.0000115452        0.0000166976        0.0000263178
        0.0000959651       -0.0002214231        0.0002892888
        0.0000103845       -0.0000294103        0.0000243550
        0.0001805992       -0.0009953691       -0.0002444025
       -0.0004960724        0.0003987718       -0.0001155293
       -0.0055381885        0.0028641079       -0.0057120438
        0.0000915166        0.0000520515        0.0001949645
        0.0002920398        0.0020505811        0.0014549862
        0.0003167588       -0.0000747481        0.0000558782
       -0.1205482630        0.0701889156       -0.0949242170
        0.0006567106       -0.0000492416        0.0000695776
        0.0003433970       -0.0000328497        0.0006006647
       -0.0000586283       -0.0000738722        0.0000150211
        0.1272336709       -0.0785617082        0.1047665062
       -0.0000077679        0.0000149216        0.0000185041
        0.0102144244       -0.0103510507        0.0125984089
       -0.0000250917       -0.0001176585       -0.0000481497
       -0.0132040891        0.0145904175       -0.0180646905
       -0.0001253913       -0.0000679538        0.0000665361
        0.0000305095        0.0005348598       -0.0005830675
        0.0000501403       -0.0000419776       -0.0000770614
        0.0005379010       -0.0002254736        0.0002174726
       -0.0000180378       -0.0000409320       -0.0000098526
        0.0000738617       -0.0000617918       -0.0002795060
       -0.0018858832        0.0025082514        0.0001164496
        0.0012747867       -0.0004532243        0.0000387621
        0.0160356554       -0.0143893088        0.0243967692
       -0.0002720386        0.0003077057       -0.0001947144
        0.0007529811       -0.0053670997       -0.0039964619
       -0.0003946398        0.0000248704       -0.0000075257
        0.0703805014       -0.1146350073        0.0898443725
       -0.0005814798        0.0000431817       -0.0009430633
       -0.0006356583        0.0010333965        0.0001472181
        0.0000738722       -0.0000076154        0.0000055491
       -0.0785617082        0.1248447463       -0.0991344571
        0.0000201629       -0.0000003149       -0.0000419618
        0.0012241201       -0.0022849467        0.0013005877
       -0.0000023081        0.0001506515        0.0000990004
       -0.0086866634        0.0089496039       -0.0125705634
        0.0000213588       -0.0000319114       -0.0000212701
        0.0015107066       -0.0009706423        0.0011965388
       -0.0001288486       -0.0000635128        0.0001134566
        0.0001417567        0.0000978491       -0.0000787276
        0.0000364513        0.0000144502       -0.0000370550
       -0.0003231253        0.0002288767       -0.0002329037
       -0.0008523900        0.0013279821        0.0013378543
        0.0000286328       -0.0006660676       -0.0008069219
        0.0077575057       -0.0070998473        0.0083094806
       -0.0001125378        0.0000957186        0.0000633865
        0.0007980724       -0.0018090381       -0.0007724238
        0.0001035267       -0.0001030138        0.0000545403
       -0.0953691289        0.0919969919       -0.1686481020
        0.0002358935       -0.0008759712       -0.0011582717
       -0.0001908904        0.0009832724        0.0003538025
       -0.0000150211        0.0000055491       -0.0000122365
        0.1047665062       -0.0991344571        0.1829061198
        0.0000128100        0.0000290114        0.0000299846
       -0.0152748090        0.0128351279       -0.0173137537
        0.0000058085       -0.0000434759       -0.0000311627
       -0.0021916739        0.0031873983       -0.0051289898
        0.0000140141        0.0000472066        0.0000356319
        0.0003020267       -0.0004926153        0.0005361909
        0.0000115452        0.0000166976        0.0000263178
        0.0000764589       -0.0000496363       -0.0000950909
       -0.0000103845       -0.0000294103        0.0000243550
       -0.0000959651       -0.0002214231        0.0002892888
        0.0003350671       -0.0023274402       -0.0023664430
       -0.0055475502        0.0043352689       -0.0047657292
       -0.0007659685       -0.0005444345        0.0008450604
       -0.0000832267        0.0004952463       -0.0001415542
        0.0000571259        0.0000427776       -0.0000570846
       -0.1285178835        0.0151186874       -0.1204340257
        0.0002873833        0.0001017208       -0.0002671725
        0.0003140654       -0.0003151894        0.0000804058
        0.0002917529        0.0000266327       -0.0001520287
        0.0102144244       -0.0012241201        0.0152748090
       -0.0000077679        0.0000201629        0.0000128100
        0.1367118978       -0.0162782213        0.1336928665
        0.0000551499       -0.0000935556       -0.0000663975
       -0.0135645794        0.0012295300       -0.0223053453
       -0.0000334013        0.0000752572        0.0000317868
        0.0001711903        0.0000175619        0.0002626526
       -0.0000302341       -0.0000264090        0.0000129213
        0.0000284462       -0.0000576514       -0.0000910346
        0.0000227879       -0.0000177445        0.0000473727
        0.0000638419       -0.0005840014        0.0004280643
       -0.0000025212        0.0000059220       -0.0000419338
       -0.0038121791       -0.0053491207       -0.0065941417
       -0.0152325001        0.0077382599       -0.0218147267
       -0.0015299094       -0.0007522855        0.0013862834
        0.0003406307        0.0009370528        0.0003696696
        0.0001620482       -0.0001026983       -0.0001617438
        0.0163713950       -0.0507668466        0.0232349848
        0.0001920805        0.0001635560       -0.0002631490
        0.0011252357        0.0009631060        0.0004745567
        0.0004452708        0.0001328447       -0.0000112424
        0.0103510507       -0.0022849467        0.0128351279
        0.0000149216       -0.0000003149        0.0000290114
       -0.0162782213        0.0517340957       -0.0244255017
        0.0000935556       -0.0001074279       -0.0000579114
        0.0078862839       -0.0021927197        0.0146647529
       -0.0000182637        0.0000757497        0.0000394382
        0.0003694278        0.0001918382       -0.0000310438
       -0.0000529292        0.0000614032       -0.0000340311
       -0.0000417371       -0.0000561047        0.0000455681
        0.0000374904        0.0000096706        0.0000650766
       -0.0003961649       -0.0004848085        0.0002985050
       -0.0000274861        0.0000896967       -0.0000494831
       -0.0011365087       -0.0034393594       -0.0023894661
       -0.0048883976        0.0057369162       -0.0092085906
       -0.0008744958       -0.0001628067        0.0014453410
        0.0001948941        0.0006980487       -0.0001967634
        0.0000046009       -0.0000477899       -0.0000123084
       -0.1208217594        0.0212404489       -0.2235095426
       -0.0000357384        0.0000310170       -0.0001743676
        0.0006250521       -0.0002340063        0.0001384358
       -0.0000639582        0.0002094766        0.0002366749
       -0.0125984089        0.0013005877       -0.0173137537
        0.0000185041       -0.0000419618        0.0000299846
        0.1336928665       -0.0244255017        0.2429149385
        0.0000663975       -0.0000579114       -0.0000428254
        0.0053292679       -0.0006182672        0.0072948933
        0.0000259164       -0.0000348484       -0.0000023732
        0.0002216204       -0.0001436031        0.0001560198
        0.0000396851       -0.0000161454        0.0000305261
        0.0000783679       -0.0000534737        0.0000327064
       -0.0000273532       -0.0000023684       -0.0000168285
        0.0001537530        0.0000353965        0.0006430609
       -0.0000043055        0.0000261515       -0.0000557619
        0.0003350671        0.0023274402        0.0023664430
       -0.0007659685        0.0005444345       -0.0008450604
       -0.0055475502       -0.0043352689        0.0047657292
        0.0000571259       -0.0000427776        0.0000570846
       -0.0000832267       -0.0004952463        0.0001415542
        0.0002873833       -0.0001017208        0.0002671725
       -0.1285178835       -0.0151186874        0.1204340257
        0.0002917529       -0.0000266327        0.0001520287
        0.0003140654        0.0003151894       -0.0000804058
       -0.0000077679       -0.0000201629       -0.0000128100
        0.0102144244        0.0012241201       -0.0152748090
        0.0000551499        0.0000935556        0.0000663975
        0.1367118978        0.0162782213       -0.1336928665
       -0.0000334013       -0.0000752572       -0.0000317868
       -0.0135645794       -0.0012295300        0.0223053453
       -0.0000302341        0.0000264090       -0.0000129213
        0.0001711903       -0.0000175619       -0.0002626526
        0.0000227879        0.0000177445       -0.0000473727
        0.0000284462        0.0000576514        0.0000910346
       -0.0000025212       -0.0000059220        0.0000419338
        0.0000638419        0.0005840014       -0.0004280643
        0.0038121791       -0.0053491207       -0.0065941417
        0.0015299094       -0.0007522855        0.0013862834
        0.0152325001        0.0077382599       -0.0218147267
       -0.0001620482       -0.0001026983       -0.0001617438
       -0.0003406307        0.0009370528        0.0003696696
       -0.0001920805        0.0001635560       -0.0002631490
       -0.0163713950       -0.0507668466        0.0232349848
       -0.0004452708        0.0001328447       -0.0000112424
       -0.0011252357        0.0009631060        0.0004745567
       -0.0000149216       -0.0000003149        0.0000290114
       -0.0103510507       -0.0022849467        0.0128351279
       -0.0000935556       -0.0001074279       -0.0000579114
        0.0162782213        0.0517340957       -0.0244255017
        0.0000182637        0.0000757497        0.0000394382
       -0.0078862839       -0.0021927197        0.0146647529
        0.0000529292        0.0000614032       -0.0000340311
       -0.0003694278        0.0001918382       -0.0000310438
       -0.0000374904        0.0000096706        0.0000650766
        0.0000417371       -0.0000561047        0.0000455681
        0.0000274861        0.0000896967       -0.0000494831
        0.0003961649       -0.0004848085        0.0002985050
        0.0011365087       -0.0034393594       -0.0023894661
        0.0008744958       -0.0001628067        0.0014453410
        0.0048883976        0.0057369162       -0.0092085906
       -0.0000046009       -0.0000477899       -0.0000123084
       -0.0001948941        0.0006980487       -0.0001967634
        0.0000357384        0.0000310170       -0.0001743676
        0.1208217594        0.0212404489       -0.2235095426
        0.0000639582        0.0002094766        0.0002366749
       -0.0006250521       -0.0002340063        0.0001384358
       -0.0000185041       -0.0000419618        0.0000299846
        0.0125984089        0.0013005877       -0.0173137537
       -0.0000663975       -0.0000579114       -0.0000428254
       -0.1336928665       -0.0244255017        0.2429149385
       -0.0000259164       -0.0000348484       -0.0000023732
       -0.0053292679       -0.0006182672        0.0072948933
       -0.0000396851       -0.0000161454        0.0000305261
       -0.0002216204       -0.0001436031        0.0001560198
        0.0000273532       -0.0000023684       -0.0000168285
       -0.0000783679       -0.0000534737        0.0000327064
        0.0000043055        0.0000261515       -0.0000557619
       -0.0001537530        0.0000353965        0.0006430609
        0.0014508459       -0.0000580933        0.0015550478
        0.0055242319       -0.0056933116       -0.0028416140
       -0.0002939342       -0.0000695747       -0.0001570421
        0.0011614460       -0.0001226639       -0.0004276365
        0.0000114816        0.0001679783        0.0000126548
       -0.2259929350        0.1137802187        0.0500446084
        0.0001014355        0.0000068847       -0.0000315300
        0.0006195553       -0.0019444258       -0.0008035574
        0.0001143088        0.0001379933        0.0000268133
       -0.0132040891        0.0086866634        0.0021916739
       -0.0000250917       -0.0000023081        0.0000058085
       -0.0135645794        0.0078862839        0.0053292679
       -0.0000334013        0.0000182637       -0.0000259164
        0.2437450216       -0.1231784401       -0.0547639467
        0.0000090384        0.0000235913        0.0000257540
        0.0001822547       -0.0000006547       -0.0000837515
        0.0000148962       -0.0000386747        0.0000379189
        0.0001639655        0.0003658938       -0.0002272806
        0.0000310636       -0.0000271378        0.0000081203
       -0.0000211962        0.0000922779        0.0001214446
        0.0000056821       -0.0000307641        0.0000031629
       -0.0005643391        0.0029607562        0.0018017336
        0.0280534278       -0.0195879792       -0.0068528371
       -0.0001861844       -0.0000389615        0.0001316159
        0.0015208393        0.0016464616       -0.0003786930
        0.0000133024        0.0000353635       -0.0000351348
        0.1115049458       -0.1161699566       -0.0307096291
        0.0001394775       -0.0001667179        0.0002213051
       -0.0024896424       -0.0052346908       -0.0023929427
        0.0000971621       -0.0000070299        0.0000960076
       -0.0145904175        0.0089496039        0.0031873983
       -0.0001176585        0.0001506515       -0.0000434759
        0.0012295300       -0.0021927197       -0.0006182672
       -0.0000752572        0.0000757497       -0.0000348484
       -0.1231784401        0.1291107809        0.0352351731
       -0.0000235913        0.0000319196       -0.0000600418
       -0.0002662259        0.0005479804        0.0000264381
       -0.0000050208        0.0000251640       -0.0000214943
       -0.0010159406       -0.0000677495        0.0004139914
        0.0000113693        0.0000006869       -0.0000145878
       -0.0000450894       -0.0000692731        0.0000573171
       -0.0000122471       -0.0000000401       -0.0000090281
        0.0005172581        0.0012921519        0.0013439916
        0.0102855015       -0.0076549907       -0.0038918165
        0.0007700729        0.0001090299       -0.0005785206
       -0.0001677835        0.0010681944        0.0000489855
       -0.0000607296       -0.0002294458       -0.0000249587
        0.0494441519       -0.0298487986       -0.0602351969
       -0.0001644824       -0.0000815913        0.0000243059
       -0.0007926759       -0.0022591762       -0.0001854731
       -0.0002634711       -0.0001774377        0.0001571615
        0.0180646905       -0.0125705634       -0.0051289898
       -0.0000481497        0.0000990004       -0.0000311627
       -0.0223053453        0.0146647529        0.0072948933
       -0.0000317868        0.0000394382       -0.0000023732
       -0.0547639467        0.0352351731        0.0610586473
       -0.0000257540       -0.0000600418       -0.0000628295
       -0.0000167000        0.0001083588       -0.0001559825
       -0.0000169220        0.0001109573       -0.0000862756
       -0.0002121118        0.0000646783        0.0004669339
       -0.0000495327        0.0000272520       -0.0000424864
       -0.0001489618        0.0000238969       -0.0000060896
       -0.0000133216        0.0000391614        0.0000372361
        0.0014508459        0.0000580933       -0.0015550478
       -0.0002939342        0.0000695747        0.0001570421
        0.0055242319        0.0056933116        0.0028416140
        0.0000114816       -0.0001679783       -0.0000126548
        0.0011614460        0.0001226639        0.0004276365
        0.0001014355       -0.0000068847        0.0000315300
       -0.2259929350       -0.1137802187       -0.0500446084
        0.0001143088       -0.0001379933       -0.0000268133
        0.0006195553        0.0019444258        0.0008035574
       -0.0000250917        0.0000023081       -0.0000058085
       -0.0132040891       -0.0086866634       -0.0021916739
       -0.0000334013       -0.0000182637        0.0000259164
       -0.0135645794       -0.0078862839       -0.0053292679
        0.0000090384       -0.0000235913       -0.0000257540
        0.2437450216        0.1231784401        0.0547639467
        0.0000148962        0.0000386747       -0.0000379189
        0.0001822547        0.0000006547        0.0000837515
        0.0000310636        0.0000271378       -0.0000081203
        0.0001639655       -0.0003658938        0.0002272806
        0.0000056821        0.0000307641       -0.0000031629
       -0.0000211962       -0.0000922779       -0.0001214446
        0.0005643391        0.0029607562        0.0018017336
        0.0001861844       -0.0000389615        0.0001316159
       -0.0280534278       -0.0195879792       -0.0068528371
       -0.0000133024        0.0000353635       -0.0000351348
       -0.0015208393        0.0016464616       -0.0003786930
       -0.0001394775       -0.0001667179        0.0002213051
       -0.1115049458       -0.1161699566       -0.0307096291
       -0.0000971621       -0.0000070299        0.0000960076
        0.0024896424       -0.0052346908       -0.0023929427
        0.0001176585        0.0001506515       -0.0000434759
        0.0145904175        0.0089496039        0.0031873983
        0.0000752572        0.0000757497       -0.0000348484
       -0.0012295300       -0.0021927197       -0.0006182672
        0.0000235913        0.0000319196       -0.0000600418
        0.1231784401        0.1291107809        0.0352351731
        0.0000050208        0.0000251640       -0.0000214943
        0.0002662259        0.0005479804        0.0000264381
       -0.0000113693        0.0000006869       -0.0000145878
        0.0010159406       -0.0000677495        0.0004139914
        0.0000122471       -0.0000000401       -0.0000090281
        0.0000450894       -0.0000692731        0.0000573171
       -0.0005172581        0.0012921519        0.0013439916
       -0.0007700729        0.0001090299       -0.0005785206
       -0.0102855015       -0.0076549907       -0.0038918165
        0.0000607296       -0.0002294458       -0.0000249587
        0.0001677835        0.0010681944        0.0000489855
        0.0001644824       -0.0000815913        0.0000243059
       -0.0494441519       -0.0298487986       -0.0602351969
        0.0002634711       -0.0001774377        0.0001571615
        0.0007926759       -0.0022591762       -0.0001854731
        0.0000481497        0.0000990004       -0.0000311627
       -0.0180646905       -0.0125705634       -0.0051289898
        0.0000317868        0.0000394382       -0.0000023732
        0.0223053453        0.0146647529        0.0072948933
        0.0000257540       -0.0000600418       -0.0000628295
        0.0547639467        0.0352351731        0.0610586473
        0.0000169220        0.0001109573       -0.0000862756
        0.0000167000        0.0001083588       -0.0001559825
        0.0000495327        0.0000272520       -0.0000424864
        0.0002121118        0.0000646783        0.0004669339
        0.0000133216        0.0000391614        0.0000372361
        0.0001489618        0.0000238969       -0.0000060896
        0.0005979797        0.0017402316       -0.0009427870
       -0.0057934654       -0.0188026054       -0.0091790088
       -0.0001196094       -0.0000523484       -0.0000982702
       -0.0605834726       -0.0535348035       -0.0214962640
        0.0000347372        0.0000524367       -0.0000066863
       -0.0020430822       -0.0013903517        0.0036672490
        0.0001415582       -0.0000277133        0.0001144603
        0.0004052405        0.0004653071       -0.0008545675
        0.0000576402        0.0000265654       -0.0000180397
        0.0000305095       -0.0015107066       -0.0003020267
       -0.0001253913        0.0000213588        0.0000140141
        0.0001711903        0.0003694278        0.0002216204
       -0.0000302341        0.0000529292       -0.0000396851
        0.0001822547       -0.0002662259       -0.0000167000
        0.0000148962        0.0000050208        0.0000169220
        0.0640068831        0.0617953508        0.0227405801
       -0.0000233098        0.0000183067       -0.0000106965
        0.0073720800        0.0251931579        0.0106834072
        0.0000005256       -0.0000042299       -0.0000021639
       -0.0042819973       -0.0141409555       -0.0044916775
       -0.0000149332       -0.0000101523        0.0000003202
        0.0009586757        0.0019004370       -0.0005379620
       -0.0025491758       -0.0153464768       -0.0083891024
       -0.0000874257        0.0000441538        0.0001276903
       -0.0543859602       -0.2634996324       -0.0883660531
        0.0000075044       -0.0000085190       -0.0000064089
       -0.0023224285       -0.0007094985        0.0035877502
       -0.0000281932       -0.0000721138        0.0000503283
       -0.0000063232        0.0009207523        0.0001875958
        0.0001774212        0.0000889044       -0.0001066271
       -0.0005348598       -0.0009706423       -0.0004926153
       -0.0000679538       -0.0000319114        0.0000472066
        0.0000175619        0.0001918382       -0.0001436031
        0.0000264090        0.0000614032       -0.0000161454
       -0.0000006547        0.0005479804        0.0001083588
        0.0000386747        0.0000251640        0.0001109573
        0.0617953508        0.2854396027        0.0971925159
       -0.0000183067        0.0000321950       -0.0000124680
       -0.0047085567       -0.0139057632       -0.0056332532
        0.0000263824       -0.0000031971        0.0000361725
        0.0016612960        0.0052941999        0.0022573155
        0.0000005623        0.0000011238       -0.0000016527
       -0.0000903604       -0.0009864879        0.0022895189
        0.0049525163        0.0220255206        0.0071843442
        0.0002443487       -0.0000435844       -0.0001133707
       -0.0233244305       -0.0913900759       -0.0835894632
       -0.0000497369        0.0000054999        0.0000693562
        0.0019493241        0.0017497370       -0.0031699738
       -0.0000230743        0.0000497213        0.0000203725
       -0.0007518095       -0.0006091661        0.0008958919
       -0.0000749918       -0.0000182901        0.0000827118
        0.0005830675        0.0011965388        0.0005361909
        0.0000665361       -0.0000212701        0.0000356319
        0.0002626526       -0.0000310438        0.0001560198
       -0.0000129213       -0.0000340311        0.0000305261
       -0.0000837515        0.0000264381       -0.0001559825
       -0.0000379189       -0.0000214943       -0.0000862756
        0.0227405801        0.0971925159        0.0878339286
        0.0000106965       -0.0000124680        0.0000014900
       -0.0015716747       -0.0035162083       -0.0027504539
       -0.0000062435        0.0000002268       -0.0000152493
       -0.0047960586       -0.0255489653       -0.0092870556
        0.0000132500       -0.0000131131        0.0000318417
        0.0005979797       -0.0017402316        0.0009427870
       -0.0001196094        0.0000523484        0.0000982702
       -0.0057934654        0.0188026054        0.0091790088
        0.0000347372       -0.0000524367        0.0000066863
       -0.0605834726        0.0535348035        0.0214962640
        0.0001415582        0.0000277133       -0.0001144603
       -0.0020430822        0.0013903517       -0.0036672490
        0.0000576402       -0.0000265654        0.0000180397
        0.0004052405       -0.0004653071        0.0008545675
       -0.0001253913       -0.0000213588       -0.0000140141
        0.0000305095        0.0015107066        0.0003020267
       -0.0000302341       -0.0000529292        0.0000396851
        0.0001711903       -0.0003694278       -0.0002216204
        0.0000148962       -0.0000050208       -0.0000169220
        0.0001822547        0.0002662259        0.0000167000
       -0.0000233098       -0.0000183067        0.0000106965
        0.0640068831       -0.0617953508       -0.0227405801
        0.0000005256        0.0000042299        0.0000021639
        0.0073720800       -0.0251931579       -0.0106834072
       -0.0000149332        0.0000101523       -0.0000003202
       -0.0042819973        0.0141409555        0.0044916775
       -0.0009586757        0.0019004370       -0.0005379620
        0.0000874257        0.0000441538        0.0001276903
        0.0025491758       -0.0153464768       -0.0083891024
       -0.0000075044       -0.0000085190       -0.0000064089
        0.0543859602       -0.2634996324       -0.0883660531
        0.0000281932       -0.0000721138        0.0000503283
        0.0023224285       -0.0007094985        0.0035877502
       -0.0001774212        0.0000889044       -0.0001066271
        0.0000063232        0.0009207523        0.0001875958
        0.0000679538       -0.0000319114        0.0000472066
        0.0005348598       -0.0009706423       -0.0004926153
       -0.0000264090        0.0000614032       -0.0000161454
       -0.0000175619        0.0001918382       -0.0001436031
       -0.0000386747        0.0000251640        0.0001109573
        0.0000006547        0.0005479804        0.0001083588
        0.0000183067        0.0000321950       -0.0000124680
       -0.0617953508        0.2854396027        0.0971925159
       -0.0000263824       -0.0000031971        0.0000361725
        0.0047085567       -0.0139057632       -0.0056332532
       -0.0000005623        0.0000011238       -0.0000016527
       -0.0016612960        0.0052941999        0.0022573155
        0.0000903604       -0.0009864879        0.0022895189
       -0.0002443487       -0.0000435844       -0.0001133707
       -0.0049525163        0.0220255206        0.0071843442
        0.0000497369        0.0000054999        0.0000693562
        0.0233244305       -0.0913900759       -0.0835894632
        0.0000230743        0.0000497213        0.0000203725
       -0.0019493241        0.0017497370       -0.0031699738
        0.0000749918       -0.0000182901        0.0000827118
        0.0007518095       -0.0006091661        0.0008958919
       -0.0000665361       -0.0000212701        0.0000356319
       -0.0005830675        0.0011965388        0.0005361909
        0.0000129213       -0.0000340311        0.0000305261
       -0.0002626526       -0.0000310438        0.0001560198
        0.0000379189       -0.0000214943       -0.0000862756
        0.0000837515        0.0000264381       -0.0001559825
       -0.0000106965       -0.0000124680        0.0000014900
       -0.0227405801        0.0971925159        0.0878339286
        0.0000062435        0.0000002268       -0.0000152493
        0.0015716747       -0.0035162083       -0.0027504539
       -0.0000132500       -0.0000131131        0.0000318417
        0.0047960586       -0.0255489653       -0.0092870556
        0.0017078148       -0.0002248617       -0.0012510444
       -0.0198488681        0.0115367669        0.0031235619
        0.0002794396       -0.0000022866       -0.0000925281
       -0.2341551970        0.1127773708        0.0359754158
        0.0000085399        0.0000304000        0.0000570529
        0.0005996958        0.0012129967       -0.0004394086
       -0.0000290353        0.0000931812       -0.0001067070
       -0.0011327647       -0.0027496107        0.0027436122
        0.0000695082        0.0000848329       -0.0001481816
        0.0005379010       -0.0001417567       -0.0000764589
        0.0000501403       -0.0001288486        0.0000115452
        0.0000284462       -0.0000417371        0.0000783679
        0.0000227879       -0.0000374904        0.0000273532
        0.0001639655       -0.0010159406       -0.0002121118
        0.0000310636       -0.0000113693        0.0000495327
        0.0073720800       -0.0047085567       -0.0015716747
        0.0000005256       -0.0000263824        0.0000062435
        0.2562255898       -0.1234117067       -0.0416953127
        0.0000027379       -0.0000106129        0.0000223468
       -0.0119385672        0.0067888379        0.0034874635
        0.0000041963       -0.0000132259        0.0000109323
        0.0002901973        0.0004133846       -0.0018792683
       -0.0158616212        0.0078542290        0.0033372240
       -0.0003255635       -0.0000913558       -0.0000206832
        0.1146799939       -0.1161226219       -0.0224535491
        0.0001222018        0.0000677667       -0.0000360483
       -0.0005747825        0.0017739505        0.0000096632
        0.0000251749        0.0000028969        0.0000278596
       -0.0021075882       -0.0009772777        0.0025428754
        0.0000644747        0.0000619252        0.0000776048
        0.0002254736        0.0000978491       -0.0000496363
       -0.0000419776       -0.0000635128        0.0000166976
       -0.0000576514       -0.0000561047       -0.0000534737
        0.0000177445        0.0000096706       -0.0000023684
        0.0003658938       -0.0000677495        0.0000646783
        0.0000271378        0.0000006869        0.0000272520
        0.0251931579       -0.0139057632       -0.0035162083
        0.0000042299       -0.0000031971        0.0000002268
       -0.1234117067        0.1235658330        0.0226843474
        0.0000106129       -0.0000289866        0.0000050631
        0.0013817918       -0.0025357342       -0.0007581174
       -0.0000271938        0.0000041107       -0.0000241394
       -0.0006948520       -0.0005333256        0.0024877489
        0.0212362583       -0.0117609044       -0.0055170249
        0.0001675137       -0.0000576587       -0.0002873009
        0.0343707774       -0.0217443157       -0.0524752884
       -0.0001118059       -0.0000285413        0.0000390649
       -0.0011167684       -0.0011014821        0.0002356329
       -0.0000167448       -0.0000538667        0.0001349575
        0.0024233629        0.0026868625       -0.0026512091
       -0.0002230186       -0.0001135131        0.0001000980
       -0.0002174726       -0.0000787276       -0.0000950909
       -0.0000770614        0.0001134566        0.0000263178
       -0.0000910346        0.0000455681        0.0000327064
       -0.0000473727        0.0000650766       -0.0000168285
       -0.0002272806        0.0004139914        0.0004669339
       -0.0000081203       -0.0000145878       -0.0000424864
        0.0106834072       -0.0056332532       -0.0027504539
        0.0000021639        0.0000361725       -0.0000152493
       -0.0416953127        0.0226843474        0.0544875541
       -0.0000223468        0.0000050631       -0.0000643724
       -0.0243303706        0.0150807967        0.0058615474
       -0.0000039214       -0.0000111587        0.0000427429
        0.0017078148        0.0002248617        0.0012510444
        0.0002794396        0.0000022866        0.0000925281
       -0.0198488681       -0.0115367669       -0.0031235619
        0.0000085399       -0.0000304000       -0.0000570529
       -0.2341551970       -0.1127773708       -0.0359754158
       -0.0000290353       -0.0000931812        0.0001067070
        0.0005996958       -0.0012129967        0.0004394086
        0.0000695082       -0.0000848329        0.0001481816
       -0.0011327647        0.0027496107       -0.0027436122
        0.0000501403        0.0001288486       -0.0000115452
        0.0005379010        0.0001417567        0.0000764589
        0.0000227879        0.0000374904       -0.0000273532
        0.0000284462        0.0000417371       -0.0000783679
        0.0000310636        0.0000113693       -0.0000495327
        0.0001639655        0.0010159406        0.0002121118
        0.0000005256        0.0000263824       -0.0000062435
        0.0073720800        0.0047085567        0.0015716747
        0.0000027379        0.0000106129       -0.0000223468
        0.2562255898        0.1234117067        0.0416953127
        0.0000041963        0.0000132259       -0.0000109323
       -0.0119385672       -0.0067888379       -0.0034874635
       -0.0002901973        0.0004133846       -0.0018792683
        0.0003255635       -0.0000913558       -0.0000206832
        0.0158616212        0.0078542290        0.0033372240
       -0.0001222018        0.0000677667       -0.0000360483
       -0.1146799939       -0.1161226219       -0.0224535491
       -0.0000251749        0.0000028969        0.0000278596
        0.0005747825        0.0017739505        0.0000096632
       -0.0000644747        0.0000619252        0.0000776048
        0.0021075882       -0.0009772777        0.0025428754
        0.0000419776       -0.0000635128        0.0000166976
       -0.0002254736        0.0000978491       -0.0000496363
       -0.0000177445        0.0000096706       -0.0000023684
        0.0000576514       -0.0000561047       -0.0000534737
       -0.0000271378        0.0000006869        0.0000272520
       -0.0003658938       -0.0000677495        0.0000646783
       -0.0000042299       -0.0000031971        0.0000002268
       -0.0251931579       -0.0139057632       -0.0035162083
       -0.0000106129       -0.0000289866        0.0000050631
        0.1234117067        0.1235658330        0.0226843474
        0.0000271938        0.0000041107       -0.0000241394
       -0.0013817918       -0.0025357342       -0.0007581174
        0.0006948520       -0.0005333256        0.0024877489
       -0.0001675137       -0.0000576587       -0.0002873009
       -0.0212362583       -0.0117609044       -0.0055170249
        0.0001118059       -0.0000285413        0.0000390649
       -0.0343707774       -0.0217443157       -0.0524752884
        0.0000167448       -0.0000538667        0.0001349575
        0.0011167684       -0.0011014821        0.0002356329
        0.0002230186       -0.0001135131        0.0001000980
       -0.0024233629        0.0026868625       -0.0026512091
        0.0000770614        0.0001134566        0.0000263178
        0.0002174726       -0.0000787276       -0.0000950909
        0.0000473727        0.0000650766       -0.0000168285
        0.0000910346        0.0000455681        0.0000327064
        0.0000081203       -0.0000145878       -0.0000424864
        0.0002272806        0.0004139914        0.0004669339
       -0.0000021639        0.0000361725       -0.0000152493
       -0.0106834072       -0.0056332532       -0.0027504539
        0.0000223468        0.0000050631       -0.0000643724
        0.0416953127        0.0226843474        0.0544875541
        0.0000039214       -0.0000111587        0.0000427429
        0.0243303706        0.0150807967        0.0058615474
       -0.0015661891       -0.0020526471        0.0041774988
        0.0098270372       -0.0010607274        0.0152470171
        0.0010697870       -0.0006057949        0.0005887334
       -0.1093270729        0.0141216896       -0.1115403316
       -0.0002867650       -0.0000064264        0.0003389203
        0.0001729856        0.0002489304       -0.0004292558
       -0.0000111287       -0.0000523716       -0.0000448469
        0.0004622223        0.0008187983       -0.0006894336
        0.0000002546       -0.0000144566       -0.0000821960
        0.0000738617        0.0003231253        0.0000959651
       -0.0000180378        0.0000364513       -0.0000103845
        0.0000638419       -0.0003961649        0.0001537530
       -0.0000025212        0.0000274861        0.0000043055
       -0.0000211962       -0.0000450894       -0.0001489618
        0.0000056821        0.0000122471        0.0000133216
       -0.0042819973        0.0016612960       -0.0047960586
       -0.0000149332       -0.0000005623       -0.0000132500
       -0.0119385672        0.0013817918       -0.0243303706
        0.0000041963        0.0000271938        0.0000039214
        0.1157000090       -0.0143581959        0.1213469285
        0.0000885309       -0.0000665732        0.0001147246
       -0.0025541706       -0.0004463069        0.0040576386
        0.0109001441       -0.0023228646        0.0108287166
        0.0008565426       -0.0001703104        0.0002032627
        0.0129799997       -0.0509790572        0.0253089645
       -0.0002334931        0.0000154904        0.0002609838
        0.0003486748        0.0003290045       -0.0002241642
       -0.0000664565       -0.0001309878        0.0000739860
       -0.0000705539        0.0003778348       -0.0003787485
       -0.0000943034       -0.0000253374       -0.0000018193
        0.0000617918        0.0002288767       -0.0002214231
       -0.0000409320        0.0000144502       -0.0000294103
       -0.0005840014       -0.0004848085        0.0000353965
       -0.0000059220        0.0000896967        0.0000261515
        0.0000922779       -0.0000692731        0.0000238969
        0.0000307641       -0.0000000401        0.0000391614
       -0.0141409555        0.0052941999       -0.0255489653
        0.0000101523        0.0000011238       -0.0000131131
        0.0067888379       -0.0025357342        0.0150807967
        0.0000132259        0.0000041107       -0.0000111587
       -0.0143581959        0.0508719390       -0.0296037417
        0.0000665732       -0.0000620064        0.0000935888
        0.0041980217        0.0023521508       -0.0052991174
       -0.0148162951       -0.0011318188       -0.0151855461
       -0.0016285879        0.0009951726        0.0007023831
       -0.1090729518        0.0270339409       -0.2449754705
        0.0004288390       -0.0000206295       -0.0004921278
       -0.0008883706       -0.0006767801        0.0003707699
        0.0000424498        0.0000461589       -0.0000890202
        0.0004312662       -0.0006754177        0.0003447276
        0.0002309583        0.0000866175       -0.0001716151
        0.0002795060       -0.0002329037        0.0002892888
       -0.0000098526       -0.0000370550        0.0000243550
        0.0004280643        0.0002985050        0.0006430609
        0.0000419338       -0.0000494831       -0.0000557619
        0.0001214446        0.0000573171       -0.0000060896
       -0.0000031629       -0.0000090281        0.0000372361
       -0.0044916775        0.0022573155       -0.0092870556
       -0.0000003202       -0.0000016527        0.0000318417
        0.0034874635       -0.0007581174        0.0058615474
       -0.0000109323       -0.0000241394        0.0000427429
        0.1213469285       -0.0296037417        0.2673906979
       -0.0001147246        0.0000935888       -0.0001768471
       -0.0015661891        0.0020526471       -0.0041774988
        0.0010697870        0.0006057949       -0.0005887334
        0.0098270372        0.0010607274       -0.0152470171
       -0.0002867650        0.0000064264       -0.0003389203
       -0.1093270729       -0.0141216896        0.1115403316
       -0.0000111287        0.0000523716        0.0000448469
        0.0001729856       -0.0002489304        0.0004292558
        0.0000002546        0.0000144566        0.0000821960
        0.0004622223       -0.0008187983        0.0006894336
       -0.0000180378       -0.0000364513        0.0000103845
        0.0000738617       -0.0003231253       -0.0000959651
       -0.0000025212       -0.0000274861       -0.0000043055
        0.0000638419        0.0003961649       -0.0001537530
        0.0000056821       -0.0000122471       -0.0000133216
       -0.0000211962        0.0000450894        0.0001489618
       -0.0000149332        0.0000005623        0.0000132500
       -0.0042819973       -0.0016612960        0.0047960586
        0.0000041963       -0.0000271938       -0.0000039214
       -0.0119385672       -0.0013817918        0.0243303706
        0.0000885309        0.0000665732       -0.0001147246
        0.1157000090        0.0143581959       -0.1213469285
        0.0025541706       -0.0004463069        0.0040576386
       -0.0008565426       -0.0001703104        0.0002032627
       -0.0109001441       -0.0023228646        0.0108287166
        0.0002334931        0.0000154904        0.0002609838
       -0.0129799997       -0.0509790572        0.0253089645
        0.0000664565       -0.0001309878        0.0000739860
       -0.0003486748        0.0003290045       -0.0002241642
        0.0000943034       -0.0000253374       -0.0000018193
        0.0000705539        0.0003778348       -0.0003787485
        0.0000409320        0.0000144502       -0.0000294103
       -0.0000617918        0.0002288767       -0.0002214231
        0.0000059220        0.0000896967        0.0000261515
        0.0005840014       -0.0004848085        0.0000353965
       -0.0000307641       -0.0000000401        0.0000391614
       -0.0000922779       -0.0000692731        0.0000238969
       -0.0000101523        0.0000011238       -0.0000131131
        0.0141409555        0.0052941999       -0.0255489653
       -0.0000132259        0.0000041107       -0.0000111587
       -0.0067888379       -0.0025357342        0.0150807967
       -0.0000665732       -0.0000620064        0.0000935888
        0.0143581959        0.0508719390       -0.0296037417
       -0.0041980217        0.0023521508       -0.0052991174
        0.0016285879        0.0009951726        0.0007023831
        0.0148162951       -0.0011318188       -0.0151855461
       -0.0004288390       -0.0000206295       -0.0004921278
        0.1090729518        0.0270339409       -0.2449754705
       -0.0000424498        0.0000461589       -0.0000890202
        0.0008883706       -0.0006767801        0.0003707699
       -0.0002309583        0.0000866175       -0.0001716151
       -0.0004312662       -0.0006754177        0.0003447276
        0.0000098526       -0.0000370550        0.0000243550
       -0.0002795060       -0.0002329037        0.0002892888
       -0.0000419338       -0.0000494831       -0.0000557619
       -0.0004280643        0.0002985050        0.0006430609
        0.0000031629       -0.0000090281        0.0000372361
       -0.0001214446        0.0000573171       -0.0000060896
        0.0000003202       -0.0000016527        0.0000318417
        0.0044916775        0.0022573155       -0.0092870556
        0.0000109323       -0.0000241394        0.0000427429
       -0.0034874635       -0.0007581174        0.0058615474
        0.0001147246        0.0000935888       -0.0001768471
       -0.1213469285       -0.0296037417        0.2673906979
