ZMAT begin
2 1
2 4
2 3

3 7

1 5
1 6

4 11
4 12
4 13

2 8

3 9
3 10

7 14
7 15
7 16

3 2 4
4 2 1
1 2 3

2 3 7

5 1 6
5 1 2
6 1 2

11 4 2
12 4 2
13 4 2
12 4 13
11 4 12
11 4 13

8 2 1
8 2 4
8 2 3

9 3 10
9 3 2
9 3 7
10 3 2
10 3 7

14 7 3
15 7 3
16 7 3
15 7 16
14 7 15
14 7 16

4 2 3 7 T

1 2 3 7 T

5 1 2 3 T
6 1 2 3 T

11 4 2 3 T
12 4 2 3 T
13 4 2 3 T

14 7 3 2 T
15 7 3 2 T
16 7 3 2 T
ZMAT end

cart begin
N          1.5379985227        0.7330544463        0.0169032413
C         -0.3492234915       -1.2359966942        0.8690799636
C         -2.8433012664       -0.7553653265       -0.4930236935
C          0.7516905064       -3.8378400788        0.3336132546
O          2.4109485447        2.1496808873        1.6274041360
O          2.0536814777        0.7863895391       -2.2414066369
C         -3.8979394557        1.8927548770       -0.0307893454
H         -0.5363564502       -0.8951635661        2.8902451469
H         -4.1753412758       -2.1846413765        0.1813683232
H         -2.5571696429       -1.0813982977       -2.5115531425
H          1.0310455418       -4.0864596357       -1.6924115120
H         -0.5623807752       -5.2761906700        1.0091439350
H          2.5559529210       -4.0970824049        1.2977731559
H         -4.1593819839        2.2460759464        1.9867895801
H         -5.7218190141        2.1227402495       -0.9632254635
H         -2.6262652652        3.3398388945       -0.7716343105
cart end