   11   33
        1.5047526450       -0.0002555825        0.0182476763
       -0.4160734087       -0.0000835588       -0.0047218662
       -1.0919773100       -0.0001660375       -0.0141171788
        0.0058817375       -0.0000004438       -0.0000699587
       -0.0019357212       -0.0000002237        0.0003352863
       -0.0003233137       -0.0003471425       -0.0000893950
       -0.0003233163        0.0003470950       -0.0000893912
        0.0000000000        0.0000000000        0.0000000000
        0.0000000000        0.0000000000        0.0000000000
        0.0000000000        0.0000000000        0.0000000000
        0.0000000000        0.0000000000        0.0000000000
       -0.0002555825        0.0977459750        0.0000134825
       -0.0000735788       -0.0384278313        0.0000052862
       -0.0001651525       -0.0654846600        0.0000076850
        0.0000007100        0.0048504337       -0.0000018088
       -0.0000001063        0.0017075888       -0.0000000500
       -0.0003887925       -0.0001943375       -0.0000643575
        0.0003887225       -0.0001943375        0.0000643512
        0.0000000000        0.0000000000        0.0000000000
        0.0000000000        0.0000000000        0.0000000000
       -0.0000000012        0.0000000000        0.0000000000
        0.0000000000        0.0000000000        0.0000000000
        0.0182476763        0.0000134825        0.0980770425
       -0.0048805250        0.0000052988       -0.0382362550
       -0.0141327900        0.0000077063       -0.0656361887
        0.0000332075       -0.0000018000        0.0047954800
        0.0005209350        0.0000000063        0.0010367438
       -0.0001404400       -0.0000000125       -0.0000169512
       -0.0001404400        0.0000000263       -0.0000169475
        0.0000000013        0.0000000013        0.0000000013
        0.0000000013        0.0000000013        0.0000000013
        0.0000000013        0.0000000013        0.0000000013
        0.0000000013        0.0000000013        0.0000000013
       -0.4160734087       -0.0000735788       -0.0048805250
        0.4070821250       -0.0000753562        0.0047197575
        0.0109265538        0.0000006575        0.0001135425
       -0.0000309737       -0.0000000063       -0.0000778612
       -0.0024705700        0.0000010300        0.0000936638
        0.0002841750        0.0011243650       -0.0000585700
        0.0002841750       -0.0011241987       -0.0000585687
        0.0000000000        0.0000000000        0.0000000000
        0.0000000000        0.0000000000        0.0000000000
        0.0000000000        0.0000000000        0.0000000000
        0.0000000000        0.0000000000        0.0000000000
       -0.0000835588       -0.0384278313        0.0000052988
       -0.0000753562        0.0287697850        0.0000078275
       -0.0000003275        0.0057225837       -0.0000018000
       -0.0000000038        0.0062356212       -0.0000002163
       -0.0000002725       -0.0031651350       -0.0000001287
        0.0012689013        0.0004339288        0.0000530188
       -0.0012690625        0.0004339313       -0.0000530675
        0.0000000000        0.0000000000        0.0000000000
        0.0000000000        0.0000000000        0.0000000000
        0.0000000000        0.0000000000        0.0000000000
        0.0000000000        0.0000000000        0.0000000000
       -0.0047218662        0.0000052862       -0.0382362550
        0.0047197575        0.0000078275        0.0276147425
       -0.0000811925       -0.0000017950        0.0057454325
       -0.0000775125       -0.0000002088        0.0062155463
       -0.0010671762       -0.0000001712       -0.0017303875
        0.0005341412       -0.0000286238        0.0001969250
        0.0005341413        0.0000285925        0.0001969250
       -0.0000000012       -0.0000000012       -0.0000000012
       -0.0000000012       -0.0000000012       -0.0000000012
       -0.0000000012       -0.0000000012       -0.0000000012
       -0.0000000012       -0.0000000012       -0.0000000012
       -1.0919773100       -0.0001651525       -0.0141327900
        0.0109265538       -0.0000003275       -0.0000811925
        1.5112680950       -0.0002570712        0.0186714562
       -0.4272835000       -0.0000855975       -0.0049679575
       -0.0026963837       -0.0000000212       -0.0000691575
       -0.0001180088       -0.0003188362        0.0000361088
       -0.0001180087        0.0003188300        0.0000361088
        0.0000000012        0.0000000012        0.0000000012
        0.0000000012        0.0000000012        0.0000000012
        0.0000000012        0.0000000012        0.0000000012
        0.0000000012        0.0000000012        0.0000000012
       -0.0001660375       -0.0654846600        0.0000077063
        0.0000006575        0.0057225837       -0.0000017950
       -0.0002570712        0.0931598075        0.0000141250
       -0.0000758312       -0.0335573100        0.0000057913
        0.0000000037        0.0003586100        0.0000000375
       -0.0001244850       -0.0000980737        0.0000050700
        0.0001245538       -0.0000980737       -0.0000050913
        0.0000000000        0.0000000000        0.0000000000
        0.0000000000        0.0000000000        0.0000000000
        0.0000000000        0.0000000000       -0.0000000013
        0.0000000000        0.0000000000        0.0000000000
       -0.0141171788        0.0000076850       -0.0656361887
        0.0001135425       -0.0000018000        0.0057454325
        0.0186714562        0.0000141250        0.0932695675
       -0.0050746925        0.0000058025       -0.0335090675
        0.0000428100        0.0000000825        0.0003299088
       -0.0000666738        0.0000004338       -0.0000983988
       -0.0000666750       -0.0000004263       -0.0000983975
        0.0000000000        0.0000000000        0.0000000000
        0.0000000000        0.0000000000        0.0000000000
        0.0000000000        0.0000000000       -0.0000000012
        0.0000000000        0.0000000000        0.0000000000
        0.0058817375        0.0000007100        0.0000332075
       -0.0000309737       -0.0000000038       -0.0000775125
       -0.4272835000       -0.0000758312       -0.0050746925
        0.4213807050       -0.0000782075        0.0049557863
        0.0001277713        0.0000000013        0.0000279525
       -0.0000376100        0.0000101475       -0.0000088962
       -0.0000376100       -0.0000101475       -0.0000088925
        0.0000000000        0.0000000000        0.0000000000
        0.0000000000        0.0000000000        0.0000000000
        0.0000000000        0.0000000000        0.0000000000
        0.0000000000        0.0000000000        0.0000000000
       -0.0000004438        0.0048504337       -0.0000018000
       -0.0000000063        0.0062356212       -0.0000002088
       -0.0000855975       -0.0335573100        0.0000058025
       -0.0000782075        0.0225829125        0.0000083887
        0.0000000075       -0.0001944462        0.0000000100
        0.0000517712        0.0000428263        0.0000025100
       -0.0000517500        0.0000428262       -0.0000025050
        0.0000000000        0.0000000000        0.0000000000
        0.0000000000        0.0000000000        0.0000000000
        0.0000000000        0.0000000000        0.0000000000
        0.0000000000        0.0000000000        0.0000000000
       -0.0000699587       -0.0000018088        0.0047954800
       -0.0000778612       -0.0000002163        0.0062155463
       -0.0049679575        0.0000057913       -0.0335090675
        0.0049557863        0.0000083887        0.0225833050
       -0.0000506250        0.0000000150       -0.0001460888
        0.0000231337       -0.0000012975        0.0000318275
        0.0000231350        0.0000013000        0.0000318288
        0.0000000000        0.0000000000        0.0000000000
        0.0000000000        0.0000000000        0.0000000000
        0.0000000000        0.0000000000        0.0000000000
        0.0000000000        0.0000000000        0.0000000000
       -0.0019357212       -0.0000001063        0.0005209350
       -0.0024705700       -0.0000002725       -0.0010671762
       -0.0026963837        0.0000000037        0.0000428100
        0.0001277713        0.0000000075       -0.0000506250
        0.3803580500        0.0002841438       -0.2024473937
       -0.1866909963        0.1693516588        0.1015100688
       -0.1866909938       -0.1690850075        0.1015100700
        0.0000000000        0.0000000000        0.0000000000
        0.0000000000        0.0000000000        0.0000000000
        0.0000000000        0.0000000000        0.0000000000
        0.0000000000        0.0000000000        0.0000000000
       -0.0000002237        0.0017075888        0.0000000063
        0.0000010300       -0.0031651350       -0.0000001712
       -0.0000000212        0.0003586100        0.0000000825
        0.0000000013       -0.0001944462        0.0000000150
        0.0002841438        0.6957018400       -0.0000057437
        0.2217181312       -0.3472041575       -0.1314039487
       -0.2214345500       -0.3472041587        0.1313957675
        0.0000000000        0.0000000000        0.0000000000
        0.0000000000        0.0000000000        0.0000000000
        0.0000000000        0.0000000000        0.0000000000
        0.0000000000        0.0000000000        0.0000000000
        0.0003352863       -0.0000000500        0.0010367438
        0.0000936638       -0.0000001287       -0.0017303875
       -0.0000691575        0.0000000375        0.0003299088
        0.0000279525        0.0000000100       -0.0001460888
       -0.2024473937       -0.0000057437        0.1475552425
        0.1010296350       -0.1001919662       -0.0735226050
        0.1010296362        0.1001848837       -0.0735226050
        0.0000000000        0.0000000000        0.0000000000
        0.0000000000        0.0000000000        0.0000000000
        0.0000000000        0.0000000000        0.0000000000
        0.0000000000        0.0000000000        0.0000000000
       -0.0003233137       -0.0003887925       -0.0001404400
        0.0002841750        0.0012689013        0.0005341412
       -0.0001180088       -0.0001244850       -0.0000666738
       -0.0000376100        0.0000517712        0.0000231337
       -0.1866909963        0.2217181312        0.1010296350
        0.1737548850       -0.1958962725       -0.0944818700
        0.0131312275       -0.0263561650       -0.0069047888
        0.0000000000        0.0000000000        0.0000000000
        0.0000000000        0.0000000000        0.0000000000
        0.0000000000        0.0000000000        0.0000000000
        0.0000000000        0.0000000000        0.0000000000
       -0.0003471425       -0.0001943375       -0.0000000125
        0.0011243650        0.0004339288       -0.0000286238
       -0.0003188362       -0.0000980737        0.0000004338
        0.0000101475        0.0000428263       -0.0000012975
        0.1693516588       -0.3472041575       -0.1001919662
       -0.1958962725        0.3804186350        0.1158020812
        0.0263477775       -0.0333988462       -0.0155979075
        0.0000000000        0.0000000000        0.0000000000
        0.0000000000        0.0000000000        0.0000000000
        0.0000000000        0.0000000000        0.0000000000
        0.0000000000        0.0000000000        0.0000000000
       -0.0000893950       -0.0000643575       -0.0000169512
       -0.0000585700        0.0000530188        0.0001969250
        0.0000361088        0.0000050700       -0.0000983988
       -0.0000088962        0.0000025100        0.0000318275
        0.1015100688       -0.1314039487       -0.0735226050
       -0.0944818700        0.1158020812        0.0680431675
       -0.0069047913        0.0155912950        0.0053660538
        0.0000000000        0.0000000000        0.0000000000
        0.0000000000        0.0000000000        0.0000000000
        0.0000000000        0.0000000000        0.0000000000
        0.0000000000        0.0000000000        0.0000000000
       -0.0003233163        0.0003887225       -0.0001404400
        0.0002841750       -0.0012690625        0.0005341413
       -0.0001180087        0.0001245538       -0.0000666750
       -0.0000376100       -0.0000517500        0.0000231350
       -0.1866909938       -0.2214345500        0.1010296362
        0.0131312275        0.0263477775       -0.0069047913
        0.1737548825        0.1961671737       -0.0944818650
        0.0000000000        0.0000000000        0.0000000000
        0.0000000000        0.0000000000        0.0000000000
        0.0000000000        0.0000000000        0.0000000000
        0.0000000000        0.0000000000        0.0000000000
        0.0003470950       -0.0001943375        0.0000000263
       -0.0011241987        0.0004339313        0.0000285925
        0.0003188300       -0.0000980737       -0.0000004263
       -0.0000101475        0.0000428262        0.0000013000
       -0.1690850075       -0.3472041587        0.1001848837
       -0.0263561650       -0.0333988462        0.0155912950
        0.1961671737        0.3804186325       -0.1158156512
        0.0000000000        0.0000000000        0.0000000000
        0.0000000000        0.0000000000        0.0000000000
        0.0000000000        0.0000000000        0.0000000000
        0.0000000000        0.0000000000        0.0000000000
       -0.0000893912        0.0000643512       -0.0000169475
       -0.0000585687       -0.0000530675        0.0001969250
        0.0000361088       -0.0000050913       -0.0000983975
       -0.0000088925       -0.0000025050        0.0000318288
        0.1015100700        0.1313957675       -0.0735226050
       -0.0069047888       -0.0155979075        0.0053660538
       -0.0944818650       -0.1158156512        0.0680431650
        0.0000000000        0.0000000000        0.0000000000
        0.0000000000        0.0000000000        0.0000000000
        0.0000000000        0.0000000000        0.0000000000
        0.0000000000        0.0000000000        0.0000000000
        0.0000000000        0.0000000000        0.0000000013
        0.0000000000        0.0000000000       -0.0000000012
        0.0000000012        0.0000000000        0.0000000000
        0.0000000000        0.0000000000        0.0000000000
        0.0000000000        0.0000000000        0.0000000000
        0.0000000000        0.0000000000        0.0000000000
        0.0000000000        0.0000000000        0.0000000000
        0.0000000000        0.0000000000        0.0000000000
        0.0000000000        0.0000000000        0.0000000000
        0.0000000000        0.0000000000        0.0000000000
        0.0000000000        0.0000000000        0.0000000000
        0.0000000000        0.0000000000        0.0000000013
        0.0000000000        0.0000000000       -0.0000000012
        0.0000000012        0.0000000000        0.0000000000
        0.0000000000        0.0000000000        0.0000000000
        0.0000000000        0.0000000000        0.0000000000
        0.0000000000        0.0000000000        0.0000000000
        0.0000000000        0.0000000000        0.0000000000
        0.0000000000        0.0000000000        0.0000000000
        0.0000000000        0.0000000000        0.0000000000
        0.0000000000        0.0000000000        0.0000000000
        0.0000000000        0.0000000000        0.0000000000
        0.0000000000        0.0000000000        0.0000000013
        0.0000000000        0.0000000000       -0.0000000012
        0.0000000012        0.0000000000        0.0000000000
        0.0000000000        0.0000000000        0.0000000000
        0.0000000000        0.0000000000        0.0000000000
        0.0000000000        0.0000000000        0.0000000000
        0.0000000000        0.0000000000        0.0000000000
        0.0000000000        0.0000000000        0.0000000000
        0.0000000000        0.0000000000        0.0000000000
        0.0000000000        0.0000000000        0.0000000000
        0.0000000000        0.0000000000        0.0000000000
        0.0000000000        0.0000000000        0.0000000013
        0.0000000000        0.0000000000       -0.0000000012
        0.0000000012        0.0000000000        0.0000000000
        0.0000000000        0.0000000000        0.0000000000
        0.0000000000        0.0000000000        0.0000000000
        0.0000000000        0.0000000000        0.0000000000
        0.0000000000        0.0000000000        0.0000000000
        0.0000000000        0.0000000000        0.0000000000
        0.0000000000        0.0000000000        0.0000000000
        0.0000000000        0.0000000000        0.0000000000
        0.0000000000        0.0000000000        0.0000000000
        0.0000000000        0.0000000000        0.0000000013
        0.0000000000        0.0000000000       -0.0000000012
        0.0000000012        0.0000000000        0.0000000000
        0.0000000000        0.0000000000        0.0000000000
        0.0000000000        0.0000000000        0.0000000000
        0.0000000000        0.0000000000        0.0000000000
        0.0000000000        0.0000000000        0.0000000000
        0.0000000000        0.0000000000        0.0000000000
        0.0000000000        0.0000000000        0.0000000000
        0.0000000000        0.0000000000        0.0000000000
        0.0000000000        0.0000000000        0.0000000000
        0.0000000000        0.0000000000        0.0000000013
        0.0000000000        0.0000000000       -0.0000000012
        0.0000000012        0.0000000000        0.0000000000
        0.0000000000        0.0000000000        0.0000000000
        0.0000000000        0.0000000000        0.0000000000
        0.0000000000        0.0000000000        0.0000000000
        0.0000000000        0.0000000000        0.0000000000
        0.0000000000        0.0000000000        0.0000000000
        0.0000000000        0.0000000000        0.0000000000
        0.0000000000        0.0000000000        0.0000000000
        0.0000000000        0.0000000000        0.0000000000
        0.0000000000       -0.0000000012        0.0000000013
        0.0000000000        0.0000000000       -0.0000000012
        0.0000000012        0.0000000000        0.0000000000
        0.0000000000        0.0000000000        0.0000000000
        0.0000000000        0.0000000000        0.0000000000
        0.0000000000        0.0000000000        0.0000000000
        0.0000000000        0.0000000000        0.0000000000
        0.0000000000        0.0000000000        0.0000000000
        0.0000000000        0.0000000000        0.0000000000
        0.0000000000        0.0000000000        0.0000000000
        0.0000000000        0.0000000000        0.0000000000
        0.0000000000        0.0000000000        0.0000000013
        0.0000000000        0.0000000000       -0.0000000012
        0.0000000012        0.0000000000        0.0000000000
        0.0000000000        0.0000000000        0.0000000000
        0.0000000000        0.0000000000        0.0000000000
        0.0000000000        0.0000000000        0.0000000000
        0.0000000000        0.0000000000        0.0000000000
        0.0000000000        0.0000000000        0.0000000000
        0.0000000000        0.0000000000        0.0000000000
        0.0000000000        0.0000000000        0.0000000000
        0.0000000000        0.0000000000        0.0000000000
        0.0000000000        0.0000000000        0.0000000013
        0.0000000000        0.0000000000       -0.0000000012
        0.0000000012       -0.0000000013       -0.0000000012
        0.0000000000        0.0000000000        0.0000000000
        0.0000000000        0.0000000000        0.0000000000
        0.0000000000        0.0000000000        0.0000000000
        0.0000000000        0.0000000000        0.0000000000
        0.0000000000        0.0000000000        0.0000000000
        0.0000000000        0.0000000000        0.0000000000
        0.0000000000        0.0000000000        0.0000000000
        0.0000000000        0.0000000000        0.0000000000
        0.0000000000        0.0000000000        0.0000000013
        0.0000000000        0.0000000000       -0.0000000012
        0.0000000012        0.0000000000        0.0000000000
        0.0000000000        0.0000000000        0.0000000000
        0.0000000000        0.0000000000        0.0000000000
        0.0000000000        0.0000000000        0.0000000000
        0.0000000000        0.0000000000        0.0000000000
        0.0000000000        0.0000000000        0.0000000000
        0.0000000000        0.0000000000        0.0000000000
        0.0000000000        0.0000000000        0.0000000000
        0.0000000000        0.0000000000        0.0000000000
        0.0000000000        0.0000000000        0.0000000013
        0.0000000000        0.0000000000       -0.0000000012
        0.0000000012        0.0000000000        0.0000000000
        0.0000000000        0.0000000000        0.0000000000
        0.0000000000        0.0000000000        0.0000000000
        0.0000000000        0.0000000000        0.0000000000
        0.0000000000        0.0000000000        0.0000000000
        0.0000000000        0.0000000000        0.0000000000
        0.0000000000        0.0000000000        0.0000000000
        0.0000000000        0.0000000000        0.0000000000
        0.0000000000        0.0000000000        0.0000000000
        0.0000000000        0.0000000000        0.0000000013
        0.0000000000        0.0000000000       -0.0000000012
        0.0000000012        0.0000000000        0.0000000000
        0.0000000000        0.0000000000        0.0000000000
        0.0000000000        0.0000000000        0.0000000000
        0.0000000000        0.0000000000        0.0000000000
        0.0000000000        0.0000000000        0.0000000000
        0.0000000000        0.0000000000        0.0000000000
        0.0000000000        0.0000000000        0.0000000000
        0.0000000000        0.0000000000        0.0000000000
        0.0000000000        0.0000000000        0.0000000000
