   14   42
        0.0727625297       -0.0658322949       -0.0383236899
       -0.0004650150        0.0002166101       -0.0005452299
       -0.0037717949       -0.0028809249        0.0008640802
       -0.0044534048        0.0012704051       -0.0001456998
       -0.0058783849        0.0247698851        0.0127930052
       -0.0684169898        0.0656606451        0.0367735750
        0.0064173851       -0.0196217898       -0.0076537899
        0.0000445402        0.0000229754        0.0000629700
        0.0009390851       -0.0007655049       -0.0001737999
       -0.0001098098        0.0008545751       -0.0000628300
       -0.0000154598        0.0010491652       -0.0000034500
       -0.0012765997        0.0002344451        0.0001423251
        0.0020106052       -0.0004783499        0.0000998351
        0.0022133152       -0.0045053898       -0.0038284549
       -0.0658322949        0.2581325299        0.1122588750
       -0.0002072200       -0.0005591200       -0.0006915950
       -0.0028505998       -0.0035641149        0.0018392400
       -0.0006895748       -0.0006921599        0.0001026001
       -0.0004297199       -0.0018474199       -0.0024545949
        0.0616652100       -0.2307329900       -0.1048109351
        0.0070290901       -0.0228055499       -0.0075735250
        0.0000583751       -0.0000738397       -0.0002761600
        0.0007654951       -0.0011661449       -0.0005736848
        0.0001234301       -0.0000749149        0.0000094549
        0.0001950151       -0.0000941348        0.0000511099
        0.0003984502       -0.0004472901        0.0003316950
       -0.0000458350        0.0006331599        0.0003666850
       -0.0001855500        0.0032926752        0.0014434951
       -0.0383236899        0.1122588750        0.1180955198
        0.0002170050       -0.0005567949        0.0001914002
        0.0001680401        0.0026388550        0.0003043300
       -0.0007978998        0.0018803202        0.0002575003
       -0.0026120999        0.0063870550        0.0021930752
        0.0376354352       -0.1119331199       -0.1142964000
       -0.0050585800        0.0136300100        0.0063894701
       -0.0001956649        0.0007788952        0.0004439450
       -0.0001738148        0.0005736950        0.0004546051
       -0.0000434449        0.0001526702       -0.0000385751
       -0.0000835648        0.0003181252       -0.0000003850
       -0.0000678098       -0.0001574350        0.0001246352
        0.0001443551        0.0004428001        0.0010189650
        0.0091903951       -0.0263946248       -0.0151376798
       -0.0004650150       -0.0002072200        0.0002170050
        0.4158419299       -0.0000208250        0.1127142451
       -0.0127891349       -0.0035512400       -0.0095603200
       -0.0018134399        0.0014164151        0.0024110201
       -0.0018134600       -0.0014164598        0.0024109701
       -0.0127891498        0.0035512251       -0.0095603450
       -0.3871892800       -0.0000223999       -0.0975417149
        0.0016255601       -0.0015178897       -0.0001289851
       -0.0004650249        0.0002072001        0.0002169951
       -0.0000571900        0.0000312802       -0.0000989900
       -0.0008267850       -0.0000259799       -0.0004278699
       -0.0008268148        0.0000259750       -0.0004279049
       -0.0000572099       -0.0000312851       -0.0000990049
        0.0016255552        0.0015179052       -0.0001289800
        0.0002166101       -0.0005591200       -0.0005567949
       -0.0000208250        0.0620517699       -0.0000003349
        0.0306721351        0.0010087751        0.0103009701
        0.0031537451       -0.0051772848       -0.0029720249
       -0.0031540449       -0.0051772750        0.0029720302
       -0.0306726848        0.0010087901       -0.0103014899
       -0.0000237200       -0.0555141550       -0.0000004749
       -0.0005556949        0.0009193201       -0.0005505501
       -0.0002164400       -0.0005591448        0.0005568400
       -0.0000391449        0.0000089352        0.0000708799
        0.0017158200        0.0005303701        0.0003132050
       -0.0017157947        0.0005303700       -0.0003131798
        0.0000391802        0.0000089251       -0.0000708150
        0.0005558550        0.0009193151        0.0005505950
       -0.0005452299       -0.0006915950        0.0001914002
        0.1127142451       -0.0000003349        0.0593655597
        0.0175068753       -0.0045270349       -0.0028600748
        0.0024033253       -0.0009120998        0.0001440552
        0.0024033201        0.0009120052        0.0001440453
        0.0175068853        0.0045270902       -0.0028600549
       -0.1539366249        0.0000001052       -0.0581720397
        0.0003926851        0.0007664754        0.0014209901
       -0.0005452648        0.0006916602        0.0001914152
        0.0004971501       -0.0000435448        0.0000583601
        0.0003525702        0.0000071203        0.0004485402
        0.0003525453       -0.0000071100        0.0004485152
        0.0004971352        0.0000435502        0.0000583502
        0.0003926901       -0.0007664198        0.0014209802
       -0.0037717949       -0.0028505998        0.0001680401
       -0.0127891349        0.0306721351        0.0175068753
        0.4408527897        0.0617285052        0.0075738451
       -0.1639459498       -0.0264290998       -0.0259075297
       -0.0046894699       -0.0198700349        0.0024849552
        0.0063360102       -0.0038908999       -0.0022278600
       -0.1132263699        0.0404857201        0.0091486702
       -0.0539225049       -0.0060181148       -0.0397091449
       -0.0684170199       -0.0616706349        0.0376354501
       -0.0095856349       -0.0052251998       -0.0000793199
       -0.0140110748       -0.0060608546       -0.0068451949
       -0.0009665499       -0.0003172799       -0.0005971849
       -0.0010860799        0.0014692651        0.0000424551
       -0.0007784847       -0.0020205248        0.0007750401
       -0.0028809249       -0.0035641149        0.0026388550
       -0.0035512400        0.0010087751       -0.0045270349
        0.0617285052        0.5880823198       -0.0530704649
       -0.0237395798       -0.0732502998       -0.0053876349
       -0.0256954750       -0.0188815899       -0.0058371950
        0.0038885901       -0.0545620649       -0.0143740749
        0.0379184750       -0.1531591400       -0.0204028298
       -0.0064295850       -0.0562285499       -0.0132385100
       -0.0656684000       -0.2307330000        0.1119541501
        0.0086750251        0.0010268602        0.0000830450
        0.0126357051        0.0033458502        0.0033225450
        0.0009843552       -0.0031047250       -0.0004707499
       -0.0000587549       -0.0038858299        0.0005121001
        0.0021950700        0.0039058601       -0.0012056849
        0.0008640802        0.0018392400        0.0003043300
       -0.0095603200        0.0103009701       -0.0028600748
        0.0075738451       -0.0530704649        0.5642763898
       -0.0247119098       -0.0023668899       -0.0839431497
        0.0010521251        0.0009503252       -0.0001647899
       -0.0022278648        0.0143724500        0.0008808600
        0.0356392900       -0.0646122099       -0.0859532850
       -0.0387172949       -0.0138002648       -0.2782015601
        0.0367735700        0.1048344701       -0.1142963899
       -0.0306410550       -0.0108806150       -0.0052470249
        0.0220729551        0.0071165501        0.0036674750
        0.0003723503        0.0010692051       -0.0002386550
        0.0004372551       -0.0000427448        0.0003700252
        0.0010390052        0.0042869652        0.0014060652
       -0.0044534048       -0.0006895748       -0.0007978998
       -0.0018134399        0.0031537451        0.0024033253
       -0.1639459498       -0.0237395798       -0.0247119098
        0.5080182297       -0.0825802347       -0.0240161148
       -0.0658234399        0.0036375401       -0.0005364447
       -0.0046894797        0.0256957701        0.0010521451
       -0.0381254499        0.0087215902        0.0009287201
       -0.0091488199       -0.0009572896        0.0000406301
       -0.0058784099        0.0004295602       -0.0026120948
       -0.0693843748        0.0289236702       -0.0676644449
       -0.1451449448        0.0624931351        0.1170789351
        0.0008553903       -0.0166663999       -0.0025479849
        0.0000814101       -0.0083165048        0.0014626802
       -0.0005478498       -0.0001209398       -0.0000592449
        0.0012704051       -0.0006921599        0.0018803202
        0.0014164151       -0.0051772848       -0.0009120998
       -0.0264290998       -0.0732502998       -0.0023668899
       -0.0825802347        0.4450719797       -0.0060550597
       -0.0036520449       -0.1609664199       -0.0046020398
        0.0198680601       -0.0188815899       -0.0009507200
        0.0191934100       -0.0014022748        0.0042418500
       -0.0005491898       -0.0000579948        0.0007896101
       -0.0247697949       -0.0018473749       -0.0063873448
        0.0287718350       -0.0748913249        0.0845625250
        0.0622418952       -0.0831778499       -0.0716027199
        0.0038123602       -0.0108075699       -0.0023348548
        0.0022597801       -0.0139712249        0.0035530751
       -0.0008711099        0.0000497403        0.0001803453
       -0.0001456998        0.0001026001        0.0002575003
        0.0024110201       -0.0029720249        0.0001440552
       -0.0259075297       -0.0053876349       -0.0839431497
       -0.0240161148       -0.0060550597        0.6064365996
       -0.0005364298        0.0045873901       -0.0746079999
        0.0024849753        0.0058367351       -0.0001647999
        0.0169138251       -0.0003064798        0.0043576603
       -0.0311395098       -0.0062548646       -0.0046499699
        0.0127930052        0.0024547101        0.0021930752
       -0.0655418698        0.0840258552       -0.2677839998
        0.1141506502       -0.0701873196       -0.1841873799
       -0.0026200648        0.0212476201        0.0007417201
        0.0015980451       -0.0266680298        0.0013682852
       -0.0004267298       -0.0004289447       -0.0001611947
       -0.0058783849       -0.0004297199       -0.0026120999
       -0.0018134600       -0.0031540449        0.0024033201
       -0.0046894699       -0.0256954750        0.0010521251
       -0.0658234399       -0.0036520449       -0.0005364298
        0.5080182498        0.0825673651       -0.0240161299
       -0.1639460049        0.0237328851       -0.0247119200
       -0.0381254300       -0.0087236999        0.0009287051
       -0.0005478449        0.0001210051       -0.0000592401
       -0.0044534350        0.0006895901       -0.0007979499
        0.0000813949        0.0083160052        0.0014627000
        0.0008553801        0.0166661052       -0.0025480001
       -0.1451449648       -0.0624895699        0.1170789200
       -0.0693843849       -0.0289239199       -0.0676644748
       -0.0091488249        0.0009571451        0.0000406200
        0.0247698851       -0.0018474199        0.0063870550
       -0.0014164598       -0.0051772750        0.0009120052
       -0.0198700349       -0.0188815899        0.0009503252
        0.0036375401       -0.1609664199        0.0045873901
        0.0825673651        0.4450720098        0.0060519501
        0.0264217751       -0.0732503250        0.0023662550
       -0.0191941400       -0.0014022399       -0.0042421800
        0.0008711150        0.0000497302       -0.0001801850
       -0.0012705549       -0.0006921749       -0.0018803550
       -0.0022601050       -0.0139712299       -0.0035536850
       -0.0038127749       -0.0108075699        0.0023343750
       -0.0622375349       -0.0831778800        0.0716086201
       -0.0287726048       -0.0748913200       -0.0845571950
        0.0005488651       -0.0000580049       -0.0007894099
        0.0127930052       -0.0024545949        0.0021930752
        0.0024109701        0.0029720302        0.0001440453
        0.0024849552       -0.0058371950       -0.0001647899
       -0.0005364447       -0.0046020398       -0.0746079999
       -0.0240161299        0.0060519501        0.6064366397
       -0.0259075598        0.0053877052       -0.0839431850
        0.0169138150        0.0003063901        0.0043576502
       -0.0004267548        0.0004290102       -0.0001611849
       -0.0001457349       -0.0001025548        0.0002574902
        0.0015980501        0.0266679451        0.0013682850
       -0.0026200949       -0.0212478399        0.0007417351
        0.1141506303        0.0701923901       -0.1841874048
       -0.0655418849       -0.0840227300       -0.2677840149
       -0.0311395398        0.0062545503       -0.0046499999
       -0.0684169898        0.0616652100        0.0376354352
       -0.0127891498       -0.0306726848        0.0175068853
        0.0063360102        0.0038885901       -0.0022278648
       -0.0046894797        0.0198680601        0.0024849753
       -0.1639460049        0.0264217751       -0.0259075598
        0.4408528096       -0.0617221048        0.0075738400
       -0.1132263648       -0.0404718497        0.0091486402
       -0.0007785049        0.0020205303        0.0007750052
       -0.0037718348        0.0028505352        0.0001680402
       -0.0010860899       -0.0014694447        0.0000424352
       -0.0009665547        0.0003171002       -0.0005971999
       -0.0140110846        0.0060601351       -0.0068452599
       -0.0095856599        0.0052249902       -0.0000793547
       -0.0539225297        0.0060189303       -0.0397091699
        0.0656606451       -0.2307329900       -0.1119331199
        0.0035512251        0.0010087901        0.0045270902
       -0.0038908999       -0.0545620649        0.0143724500
        0.0256957701       -0.0188815899        0.0058367351
        0.0237328851       -0.0732503250        0.0053877052
       -0.0617221048        0.5880823198        0.0530695850
       -0.0379023399       -0.1531591299        0.0204058401
       -0.0021949648        0.0039058402        0.0012057500
        0.0028807750       -0.0035641249       -0.0026390198
        0.0000587450       -0.0038858398       -0.0005121100
       -0.0009843298       -0.0031047247        0.0004707800
       -0.0126363548        0.0033458400       -0.0033222750
       -0.0086754349        0.0010268451       -0.0000830299
        0.0064306701       -0.0562285499        0.0132142200
        0.0367735750       -0.1048109351       -0.1142964000
       -0.0095603450       -0.0103014899       -0.0028600549
       -0.0022278600       -0.0143740749        0.0008808600
        0.0010521451       -0.0009507200       -0.0001647999
       -0.0247119200        0.0023662550       -0.0839431850
        0.0075738400        0.0530695850        0.5642764100
        0.0356393099        0.0646142701       -0.0859532901
        0.0010389900       -0.0042869598        0.0014060601
        0.0008640600       -0.0018392851        0.0003042851
        0.0004372599        0.0000427501        0.0003700750
        0.0003723351       -0.0010692699       -0.0002386301
        0.0220729100       -0.0071165201        0.0036674550
       -0.0306410500        0.0108802550       -0.0052470450
       -0.0387172750        0.0137727002       -0.2782015801
        0.0064173851        0.0070290901       -0.0050585800
       -0.3871892800       -0.0000237200       -0.1539366249
       -0.1132263699        0.0379184750        0.0356392900
       -0.0381254499        0.0191934100        0.0169138251
       -0.0381254300       -0.0191941400        0.0169138150
       -0.1132263648       -0.0379023399        0.0356393099
        0.6858364699       -0.0000074249        0.0482979850
        0.0011795001        0.0011361752        0.0062791300
        0.0064173800       -0.0070298151       -0.0050585899
        0.0009387550        0.0004065301        0.0002624950
       -0.0065071900       -0.0018078099       -0.0012201851
       -0.0065072199        0.0018076550       -0.0012201799
        0.0009387351       -0.0004064951        0.0002624701
        0.0011795051       -0.0011363448        0.0062791001
       -0.0196217898       -0.0228055499        0.0136300100
       -0.0000223999       -0.0555141550        0.0000001052
        0.0404857201       -0.1531591400       -0.0646122099
        0.0087215902       -0.0014022748       -0.0003064798
       -0.0087236999       -0.0014022399        0.0003063901
       -0.0404718497       -0.1531591299        0.0646142701
       -0.0000074249        0.4372610198        0.0000072900
        0.0105937050       -0.0125623598       -0.0103810849
        0.0196207651       -0.0228055650       -0.0136312448
        0.0000664851        0.0005297152        0.0007631651
       -0.0011636749       -0.0014745298        0.0002656850
        0.0011634602       -0.0014745250       -0.0002655999
       -0.0000665548        0.0005297200       -0.0007630548
       -0.0105937248       -0.0125623397        0.0103808351
       -0.0076537899       -0.0075735250        0.0063894701
       -0.0975417149       -0.0000004749       -0.0581720397
        0.0091486702       -0.0204028298       -0.0859532850
        0.0009287201        0.0042418500        0.0043576603
        0.0009287051       -0.0042421800        0.0043576502
        0.0091486402        0.0204058401       -0.0859532901
        0.0482979850        0.0000072900        0.2328977197
        0.0232316152       -0.0318106898       -0.0131045250
       -0.0076538149        0.0075728002        0.0063894451
        0.0004553802        0.0000135003        0.0004011351
       -0.0014894049       -0.0002424149        0.0005471901
       -0.0014894198        0.0002423950        0.0005471502
        0.0004553752       -0.0000135499        0.0004011152
        0.0232316002        0.0318110553       -0.0131045198
        0.0000445402        0.0000583751       -0.0001956649
        0.0016255601       -0.0005556949        0.0003926851
       -0.0539225049       -0.0064295850       -0.0387172949
       -0.0091488199       -0.0005491898       -0.0311395098
       -0.0005478449        0.0008711150       -0.0004267548
       -0.0007785049       -0.0021949648        0.0010389900
        0.0011795001        0.0105937050        0.0232316152
        0.0626664198        0.0008883453        0.0390372701
        0.0022132801        0.0001857651        0.0091904103
       -0.0055336699       -0.0029748298       -0.0014564399
        0.0017417202        0.0005808903       -0.0000404499
        0.0000129552       -0.0002668848       -0.0001332249
        0.0000828852       -0.0001619149        0.0002731051
        0.0003644352       -0.0000439698       -0.0010775199
        0.0000229754       -0.0000738397        0.0007788952
       -0.0015178897        0.0009193201        0.0007664754
       -0.0060181148       -0.0562285499       -0.0138002648
       -0.0009572896       -0.0000579948       -0.0062548646
        0.0001210051        0.0000497302        0.0004290102
        0.0020205303        0.0039058402       -0.0042869598
        0.0011361752       -0.0125623598       -0.0318106898
        0.0008883453        0.0589068395        0.0263050202
        0.0045052653        0.0032926653        0.0263943004
       -0.0006745599        0.0003791504       -0.0004314249
        0.0005287653        0.0007981403        0.0002179452
       -0.0001481497        0.0000342301       -0.0000181747
        0.0000495203        0.0000911953        0.0000575403
        0.0000440204        0.0005461203        0.0016273803
        0.0000629700       -0.0002761600        0.0004439450
       -0.0001289851       -0.0005505501        0.0014209901
       -0.0397091449       -0.0132385100       -0.2782015601
        0.0000406301        0.0007896101       -0.0046499699
       -0.0000592401       -0.0001801850       -0.0001611849
        0.0007750052        0.0012057500        0.0014060601
        0.0062791300       -0.0103810849       -0.0131045250
        0.0390372701        0.0263050202        0.3053967899
       -0.0038284850       -0.0014437499       -0.0151376749
       -0.0008718699       -0.0006385397        0.0012765099
       -0.0003909248        0.0001974651        0.0012018499
       -0.0001892398       -0.0001633150       -0.0001148899
        0.0000406001       -0.0000220651        0.0000535401
       -0.0010775149       -0.0016272949        0.0001708150
        0.0009390851        0.0007654951       -0.0001738148
       -0.0004650249       -0.0002164400       -0.0005452648
       -0.0684170199       -0.0656684000        0.0367735700
       -0.0058784099       -0.0247697949        0.0127930052
       -0.0044534350       -0.0012705549       -0.0001457349
       -0.0037718348        0.0028807750        0.0008640600
        0.0064173800        0.0196207651       -0.0076538149
        0.0022132801        0.0045052653       -0.0038284850
        0.0727625698        0.0658274101       -0.0383237099
        0.0020105901        0.0004785102        0.0000998250
       -0.0012766048       -0.0002343998        0.0001423450
       -0.0000154998       -0.0010491500       -0.0000034800
       -0.0001098299       -0.0008545699       -0.0000628199
        0.0000445102       -0.0000229248        0.0000629251
       -0.0007655049       -0.0011661449        0.0005736950
        0.0002072001       -0.0005591448        0.0006916602
       -0.0616706349       -0.2307330000        0.1048344701
        0.0004295602       -0.0018473749        0.0024547101
        0.0006895901       -0.0006921749       -0.0001025548
        0.0028505352       -0.0035641249       -0.0018392851
       -0.0070298151       -0.0228055650        0.0075728002
        0.0001857651        0.0032926653       -0.0014437499
        0.0658274101        0.2581325498       -0.1122366997
        0.0000458250        0.0006331602       -0.0003666550
       -0.0003983899       -0.0004472898       -0.0003317049
       -0.0001949648       -0.0000941449       -0.0000510998
       -0.0001234049       -0.0000749348       -0.0000094849
       -0.0000583148       -0.0000738197        0.0002762151
       -0.0001737999       -0.0005736848        0.0004546051
        0.0002169951        0.0005568400        0.0001914152
        0.0376354501        0.1119541501       -0.1142963899
       -0.0026120948       -0.0063873448        0.0021930752
       -0.0007979499       -0.0018803550        0.0002574902
        0.0001680402       -0.0026390198        0.0003042851
       -0.0050585899       -0.0136312448        0.0063894451
        0.0091904103        0.0263943004       -0.0151376749
       -0.0383237099       -0.1122366997        0.1180955397
        0.0001443750       -0.0004427747        0.0010189652
       -0.0000678197        0.0001573952        0.0001246352
       -0.0000835898       -0.0003181350       -0.0000004100
       -0.0000434748       -0.0001526899       -0.0000385999
       -0.0001956697       -0.0007788998        0.0004439201
       -0.0001098098        0.0001234301       -0.0000434449
       -0.0000571900       -0.0000391449        0.0004971501
       -0.0095856349        0.0086750251       -0.0306410550
       -0.0693843748        0.0287718350       -0.0655418698
        0.0000813949       -0.0022601050        0.0015980501
       -0.0010860899        0.0000587450        0.0004372599
        0.0009387550        0.0000664851        0.0004553802
       -0.0055336699       -0.0006745599       -0.0008718699
        0.0020105901        0.0000458250        0.0001443750
        0.0751237098       -0.0264122198        0.0749334650
        0.0062290000       -0.0076452048        0.0188760851
        0.0000823651       -0.0008289649        0.0000518651
        0.0012078951        0.0001669650        0.0000574650
        0.0000828652       -0.0000495149        0.0000406150
        0.0008545751       -0.0000749149        0.0001526702
        0.0000312802        0.0000089352       -0.0000435448
       -0.0052251998        0.0010268602       -0.0108806150
        0.0289236702       -0.0748913249        0.0840258552
        0.0083160052       -0.0139712299        0.0266679451
       -0.0014694447       -0.0038858398        0.0000427501
        0.0004065301        0.0005297152        0.0000135003
       -0.0029748298        0.0003791504       -0.0006385397
        0.0004785102        0.0006331602       -0.0004427747
       -0.0264122198        0.0881526796       -0.0883584200
       -0.0039768248        0.0040542052       -0.0113360549
        0.0010522902       -0.0039245349        0.0003579902
       -0.0001669947        0.0018715451        0.0004218403
        0.0001619352        0.0000912003        0.0000221301
       -0.0000628300        0.0000094549       -0.0000385751
       -0.0000989900        0.0000708799        0.0000583601
       -0.0000793199        0.0000830450       -0.0052470249
       -0.0676644449        0.0845625250       -0.2677839998
        0.0014627000       -0.0035536850        0.0013682850
        0.0000424352       -0.0005121100        0.0003700750
        0.0002624950        0.0007631651        0.0004011351
       -0.0014564399       -0.0004314249        0.0012765099
        0.0000998250       -0.0003666550        0.0010189652
        0.0749334650       -0.0883584200        0.2853266599
       -0.0073972549        0.0082016702       -0.0194408200
       -0.0003761248        0.0000152851        0.0007007351
        0.0000574600       -0.0004219100        0.0019361001
        0.0002731001       -0.0000575399        0.0000535550
       -0.0000154598        0.0001950151       -0.0000835648
       -0.0008267850        0.0017158200        0.0003525702
       -0.0140110748        0.0126357051        0.0220729551
       -0.1451449448        0.0622418952        0.1141506502
        0.0008553801       -0.0038127749       -0.0026200949
       -0.0009665547       -0.0009843298        0.0003723351
       -0.0065071900       -0.0011636749       -0.0014894049
        0.0017417202        0.0005287653       -0.0003909248
       -0.0012766048       -0.0003983899       -0.0000678197
        0.0062290000       -0.0039768248       -0.0073972549
        0.1587262997       -0.0662489248       -0.1240943499
        0.0011011052        0.0001754751       -0.0002046748
        0.0000823651       -0.0010522749       -0.0003761448
        0.0000129401        0.0001482152       -0.0001892198
        0.0010491652       -0.0000941348        0.0003181252
       -0.0000259799        0.0005303701        0.0000071203
       -0.0060608546        0.0033458502        0.0071165501
        0.0624931351       -0.0831778499       -0.0701873196
        0.0166661052       -0.0108075699       -0.0212478399
        0.0003171002       -0.0031047247       -0.0010692699
       -0.0018078099       -0.0014745298       -0.0002424149
        0.0005808903        0.0007981403        0.0001974651
       -0.0002343998       -0.0004472898        0.0001573952
       -0.0076452048        0.0040542052        0.0082016702
       -0.0662489248        0.0920271796        0.0766223251
       -0.0001754398        0.0022403351       -0.0000179098
        0.0008289003       -0.0039245498       -0.0000152848
        0.0002669253        0.0000342104        0.0001634102
       -0.0000034500        0.0000511099       -0.0000003850
       -0.0004278699        0.0003132050        0.0004485402
       -0.0068451949        0.0033225450        0.0036674750
        0.1170789351       -0.0716027199       -0.1841873799
       -0.0025480001        0.0023343750        0.0007417351
       -0.0005971999        0.0004707800       -0.0002386301
       -0.0012201851        0.0002656850        0.0005471901
       -0.0000404499        0.0002179452        0.0012018499
        0.0001423450       -0.0003317049        0.0001246352
        0.0188760851       -0.0113360549       -0.0194408200
       -0.1240943499        0.0766223251        0.1951583999
       -0.0002046799        0.0000179350        0.0013917899
        0.0000518649       -0.0003579801        0.0007007000
       -0.0001332148        0.0000181851       -0.0001148850
       -0.0012765997        0.0003984502       -0.0000678098
       -0.0008268148       -0.0017157947        0.0003525453
       -0.0009665499        0.0009843552        0.0003723503
        0.0008553903        0.0038123602       -0.0026200648
       -0.1451449648       -0.0622375349        0.1141506303
       -0.0140110846       -0.0126363548        0.0220729100
       -0.0065072199        0.0011634602       -0.0014894198
        0.0000129552       -0.0001481497       -0.0001892398
       -0.0000154998       -0.0001949648       -0.0000835898
        0.0000823651        0.0010522902       -0.0003761248
        0.0011011052       -0.0001754398       -0.0002046799
        0.1587263196        0.0662526351       -0.1240943749
        0.0062289602        0.0039771851       -0.0073972798
        0.0017417152       -0.0005287347       -0.0003909399
        0.0002344451       -0.0004472901       -0.0001574350
        0.0000259750        0.0005303700       -0.0000071100
       -0.0003172799       -0.0031047250        0.0010692051
       -0.0166663999       -0.0108075699        0.0212476201
       -0.0624895699       -0.0831778800        0.0701923901
        0.0060601351        0.0033458400       -0.0071165201
        0.0018076550       -0.0014745250        0.0002423950
       -0.0002668848        0.0000342301       -0.0001633150
       -0.0010491500       -0.0000941449       -0.0003181350
       -0.0008289649       -0.0039245349        0.0000152851
        0.0001754751        0.0022403351        0.0000179350
        0.0662526351        0.0920271799       -0.0766169998
        0.0076453301        0.0040542101       -0.0082021650
       -0.0005808249        0.0007981501       -0.0001974200
        0.0001423251        0.0003316950        0.0001246352
       -0.0004279049       -0.0003131798        0.0004485152
       -0.0005971849       -0.0004707499       -0.0002386550
       -0.0025479849       -0.0023348548        0.0007417201
        0.1170789200        0.0716086201       -0.1841874048
       -0.0068452599       -0.0033222750        0.0036674550
       -0.0012201799       -0.0002655999        0.0005471502
       -0.0001332249       -0.0000181747       -0.0001148899
       -0.0000034800       -0.0000510998       -0.0000004100
        0.0000518651        0.0003579902        0.0007007351
       -0.0002046748       -0.0000179098        0.0013917899
       -0.1240943749       -0.0766169998        0.1951584298
        0.0188760451        0.0113353651       -0.0194408349
       -0.0000404799       -0.0002178898        0.0012018552
        0.0020106052       -0.0000458350        0.0001443551
       -0.0000572099        0.0000391802        0.0004971352
       -0.0010860799       -0.0000587549        0.0004372551
        0.0000814101        0.0022597801        0.0015980451
       -0.0693843849       -0.0287726048       -0.0655418849
       -0.0095856599       -0.0086754349       -0.0306410500
        0.0009387351       -0.0000665548        0.0004553752
        0.0000828852        0.0000495203        0.0000406001
       -0.0001098299       -0.0001234049       -0.0000434748
        0.0012078951       -0.0001669947        0.0000574600
        0.0000823651        0.0008289003        0.0000518649
        0.0062289602        0.0076453301        0.0188760451
        0.0751237297        0.0264112101        0.0749334350
       -0.0055337048        0.0006745552       -0.0008718899
       -0.0004783499        0.0006331599        0.0004428001
       -0.0000312851        0.0000089251        0.0000435502
        0.0014692651       -0.0038858299       -0.0000427448
       -0.0083165048       -0.0139712249       -0.0266680298
       -0.0289239199       -0.0748913200       -0.0840227300
        0.0052249902        0.0010268451        0.0108802550
       -0.0004064951        0.0005297200       -0.0000135499
       -0.0001619149        0.0000911953       -0.0000220651
       -0.0008545699       -0.0000749348       -0.0001526899
        0.0001669650        0.0018715451       -0.0004219100
       -0.0010522749       -0.0039245498       -0.0003579801
        0.0039771851        0.0040542101        0.0113353651
        0.0264112101        0.0881526898        0.0883630351
        0.0029748351        0.0003791303        0.0006386252
        0.0000998351        0.0003666850        0.0010189650
       -0.0000990049       -0.0000708150        0.0000583502
        0.0000424551        0.0005121001        0.0003700252
        0.0014626802        0.0035530751        0.0013682852
       -0.0676644748       -0.0845571950       -0.2677840149
       -0.0000793547       -0.0000830299       -0.0052470450
        0.0002624701       -0.0007630548        0.0004011152
        0.0002731051        0.0000575403        0.0000535401
       -0.0000628199       -0.0000094849       -0.0000385999
        0.0000574650        0.0004218403        0.0019361001
       -0.0003761448       -0.0000152848        0.0007007000
       -0.0073972798       -0.0082021650       -0.0194408349
        0.0749334350        0.0883630351        0.2853266898
       -0.0014564748        0.0004314003        0.0012765102
        0.0022133152       -0.0001855500        0.0091903951
        0.0016255552        0.0005558550        0.0003926901
       -0.0007784847        0.0021950700        0.0010390052
       -0.0005478498       -0.0008711099       -0.0004267298
       -0.0091488249        0.0005488651       -0.0311395398
       -0.0539225297        0.0064306701       -0.0387172750
        0.0011795051       -0.0105937248        0.0232316002
        0.0003644352        0.0000440204       -0.0010775149
        0.0000445102       -0.0000583148       -0.0001956697
        0.0000828652        0.0001619352        0.0002731001
        0.0000129401        0.0002669253       -0.0001332148
        0.0017417152       -0.0005808249       -0.0000404799
       -0.0055337048        0.0029748351       -0.0014564748
        0.0626664297       -0.0008874797        0.0390372551
       -0.0045053898        0.0032926752       -0.0263946248
        0.0015179052        0.0009193151       -0.0007664198
       -0.0020205248        0.0039058601        0.0042869652
       -0.0001209398        0.0000497403       -0.0004289447
        0.0009571451       -0.0000580049        0.0062545503
        0.0060189303       -0.0562285499        0.0137727002
       -0.0011363448       -0.0125623397        0.0318110553
       -0.0000439698        0.0005461203       -0.0016272949
       -0.0000229248       -0.0000738197       -0.0007788998
       -0.0000495149        0.0000912003       -0.0000575399
        0.0001482152        0.0000342104        0.0000181851
       -0.0005287347        0.0007981501       -0.0002178898
        0.0006745552        0.0003791303        0.0004314003
       -0.0008874797        0.0589068296       -0.0263276448
       -0.0038284549        0.0014434951       -0.0151376798
       -0.0001289800        0.0005505950        0.0014209802
        0.0007750401       -0.0012056849        0.0014060652
       -0.0000592449        0.0001803453       -0.0001611947
        0.0000406200       -0.0007894099       -0.0046499999
       -0.0397091699        0.0132142200       -0.2782015801
        0.0062791001        0.0103808351       -0.0131045198
       -0.0010775199        0.0016273803        0.0001708150
        0.0000629251        0.0002762151        0.0004439201
        0.0000406150        0.0000221301        0.0000535550
       -0.0001892198        0.0001634102       -0.0001148850
       -0.0003909399       -0.0001974200        0.0012018552
       -0.0008718899        0.0006386252        0.0012765102
        0.0390372551       -0.0263276448        0.3053968098
