   15   45
        0.2121356595        0.0023216519       -0.0000000001
       -0.0829607876        0.0003197216        0.0006440176
       -0.0829607875        0.0003197216       -0.0006440177
        0.0064459129        0.0001594517       -0.0008124929
        0.0064459127        0.0001594516        0.0008124930
       -0.0069277351        0.0007093266        0.0000000002
       -0.0831794112       -0.0025389697        0.0000000001
        0.0041569255       -0.0354776651        0.0000000000
        0.0007495954        0.0170846488       -0.0017384486
        0.0007495955        0.0170846489        0.0017384485
        0.0084683544       -0.0000242165        0.0000070146
        0.0084683547       -0.0000242165       -0.0000070146
       -0.0008498270       -0.0000192391        0.0000000000
        0.0046270252       -0.0000372000       -0.0003091463
        0.0046270249       -0.0000372000        0.0003091463
        0.0023216519        0.7137139460        0.0000000002
        0.0004409416       -0.1983588683       -0.1172382527
        0.0004409415       -0.1983588687        0.1172382527
       -0.0001931220       -0.0248024656       -0.0329615682
       -0.0001931214       -0.0248024654        0.0329615683
       -0.0003682292        0.0010057709       -0.0000000003
        0.0010370445       -0.2417513407        0.0000000003
       -0.0007493207       -0.0141774729        0.0000000001
       -0.0024837019       -0.0124851309        0.0006668988
       -0.0024837025       -0.0124851313       -0.0006668988
        0.0002918253       -0.0066061810        0.0007008786
        0.0002918249       -0.0066061812       -0.0007008784
        0.0001355188        0.0007354346        0.0000000001
        0.0007561500        0.0124873514        0.0191344917
        0.0007561500        0.0124873515       -0.0191344920
       -0.0000000001        0.0000000002        0.6730559369
       -0.0021476448       -0.0042355540       -0.2681692410
        0.0021476437        0.0042355513       -0.2681692429
        0.0010388930       -0.1216949948        0.0644415537
       -0.0010388924        0.1216949946        0.0644415524
        0.0000000001        0.0000000004       -0.1243120865
       -0.0000000000        0.0000000002       -0.1056593843
        0.0000000001        0.0000000001        0.0012533899
       -0.0029453887       -0.0326194171        0.0007924012
        0.0029453870        0.0326194157        0.0007923990
        0.0001502175        0.0011962034        0.0020787041
       -0.0001502185       -0.0011961998        0.0020787047
        0.0000000000        0.0000000003       -0.0017966803
        0.0001432895       -0.0148796029       -0.0204025183
       -0.0001432908        0.0148796031       -0.0204025189
       -0.0829607876        0.0004409416       -0.0021476448
        0.1702965611       -0.0030218769        0.0033772933
        0.0090217272       -0.0019005802        0.0008449488
       -0.0773092461        0.0007343885        0.0007838260
       -0.0067625703        0.0015892801        0.0008628922
        0.0083062167        0.0003184357       -0.0018998668
        0.0053687399       -0.0001248183       -0.0011759700
        0.0004784316        0.0005662654        0.0004352296
        0.0005990256        0.0004353016        0.0004934823
        0.0006150812       -0.0007487069        0.0005304300
        0.0043345950       -0.0000585335       -0.0000064048
       -0.0008158670        0.0000200934        0.0000211854
        0.0081116923        0.0000461381       -0.0000510105
       -0.0468362036        0.0016041657       -0.0021279825
        0.0075513269        0.0000994756        0.0000601817
        0.0003197216       -0.1983588683       -0.0042355540
       -0.0030218769        0.7093145576       -0.0527586008
       -0.0019005793        0.1028600580       -0.0422453097
        0.0014062395       -0.3223217788       -0.0538283464
        0.0006214234       -0.0898111737       -0.0510376934
        0.0004623099       -0.0255160860        0.1181728779
        0.0007024046       -0.0201111086       -0.0332171863
        0.0001077356       -0.0008262495       -0.0025130748
        0.0002696608       -0.0068405799       -0.0006828197
       -0.0005377058        0.0022247111       -0.0018016422
        0.0000326611       -0.0090163365        0.0024378069
        0.0000930431       -0.0011134529       -0.0010556331
       -0.0000119367        0.0005953427        0.0028012704
        0.0015365564       -0.1401008842        0.1154412247
       -0.0000797327       -0.0009832562        0.0045024161
        0.0006440176       -0.1172382527       -0.2681692410
        0.0033772933       -0.0527586008        0.7456556070
       -0.0008449484        0.0422453112       -0.0679379729
       -0.0005116782        0.0542891583       -0.1637728874
        0.0003838501       -0.0495175168       -0.0323563595
       -0.0000511683        0.0308042803        0.0621474671
       -0.0002315357       -0.0025188268        0.0060307619
        0.0005417244        0.0009015798       -0.0006975143
        0.0000647112        0.0020615719        0.0001486538
       -0.0005591217        0.0014884984       -0.0000003951
        0.0000889186       -0.0329018035        0.0044935849
        0.0000478373       -0.0011206374        0.0002598569
       -0.0000814783        0.0036416237       -0.0052408825
       -0.0026494424        0.1165313207       -0.2766973068
       -0.0002190846        0.0040932373       -0.0038786408
       -0.0829607875        0.0004409415        0.0021476437
        0.0090217272       -0.0019005793       -0.0008449484
        0.1702965610       -0.0030218778       -0.0033772925
       -0.0067625702        0.0015892794       -0.0008628917
       -0.0773092462        0.0007343896       -0.0007838254
        0.0083062168        0.0003184357        0.0018998658
        0.0053687399       -0.0001248183        0.0011759703
        0.0004784315        0.0005662653       -0.0004352295
        0.0006150811       -0.0007487069       -0.0005304300
        0.0005990256        0.0004353016       -0.0004934823
       -0.0008158672        0.0000200933       -0.0000211852
        0.0043345952       -0.0000585336        0.0000064049
        0.0081116924        0.0000461379        0.0000510106
        0.0075513271        0.0000994755       -0.0000601818
       -0.0468362037        0.0016041658        0.0021279824
        0.0003197216       -0.1983588687        0.0042355513
       -0.0019005802        0.1028600580        0.0422453112
       -0.0030218778        0.7093145545        0.0527585995
        0.0006214231       -0.0898111738        0.0510376959
        0.0014062388       -0.3223217775        0.0538283466
        0.0004623099       -0.0255160857       -0.1181728784
        0.0007024046       -0.0201111083        0.0332171844
        0.0001077357       -0.0008262495        0.0025130750
       -0.0005377067        0.0022247098        0.0018016445
        0.0002696597       -0.0068405815        0.0006828184
        0.0000930444       -0.0011134498        0.0010556317
        0.0000326613       -0.0090163337       -0.0024378077
       -0.0000119367        0.0005953425       -0.0028012723
       -0.0000797324       -0.0009832554       -0.0045024142
        0.0015365573       -0.1401008850       -0.1154412238
       -0.0006440177        0.1172382527       -0.2681692429
        0.0008449488       -0.0422453097       -0.0679379729
       -0.0033772925        0.0527585995        0.7456556089
       -0.0003838498        0.0495175149       -0.0323563591
        0.0005116786       -0.0542891576       -0.1637728860
        0.0000511683       -0.0308042801        0.0621474661
        0.0002315356        0.0025188271        0.0060307640
       -0.0005417242       -0.0009015797       -0.0006975147
        0.0005591219       -0.0014884977       -0.0000003965
       -0.0000647103       -0.0020615707        0.0001486543
       -0.0000478393        0.0011206357        0.0002598582
       -0.0000889177        0.0329018022        0.0044935856
        0.0000814784       -0.0036416231       -0.0052408807
        0.0002190852       -0.0040932380       -0.0038786425
        0.0026494408       -0.1165313196       -0.2766973077
        0.0064459129       -0.0001931220        0.0010388930
       -0.0773092461        0.0014062395       -0.0005116782
       -0.0067625702        0.0006214231       -0.0003838498
        0.1730275290       -0.0031787158        0.0013094820
        0.0079161353       -0.0005707991       -0.0003735520
       -0.0782390784        0.0007879210       -0.0005811504
        0.0077311669        0.0005022345       -0.0012596743
        0.0000860389        0.0016904794        0.0003902358
        0.0000657783       -0.0010430913       -0.0000061112
       -0.0000647115       -0.0004237292        0.0006060725
       -0.0477205119        0.0002079906       -0.0001963207
        0.0081669995        0.0000498882        0.0000522900
        0.0036395078        0.0000440387       -0.0001203838
        0.0037932473        0.0000938137        0.0000483423
       -0.0007782929        0.0000053777       -0.0000128202
        0.0001594517       -0.0248024656       -0.1216949948
        0.0007343885       -0.3223217788        0.0542891583
        0.0015892794       -0.0898111738        0.0495175149
       -0.0031787158        0.6983875619        0.0506094132
       -0.0005708000        0.1050150752        0.0435453649
        0.0005683306       -0.2037533131        0.0151274742
        0.0013644621        0.0022077083       -0.0021597067
       -0.0004779111       -0.0001038741        0.0018283952
       -0.0012027557        0.0001383222        0.0003895331
        0.0005664120       -0.0002099792        0.0007995162
        0.0002091615       -0.1413285033       -0.1176798414
       -0.0000040274       -0.0009100207       -0.0045461729
        0.0001900737       -0.0118505108        0.0313829999
       -0.0000363529       -0.0096158143       -0.0025540396
        0.0000890992       -0.0010439612        0.0011657563
       -0.0008124929       -0.0329615682        0.0644415537
        0.0007838260       -0.0538283464       -0.1637728874
       -0.0008628917        0.0510376959       -0.0323563591
        0.0013094820        0.0506094132        0.7608586070
        0.0003735528       -0.0435453662       -0.0693737440
       -0.0010047827        0.1224136852       -0.2804490281
        0.0008377347       -0.0012103933       -0.0056885239
       -0.0000542346        0.0004592151       -0.0009217389
        0.0002334830       -0.0016377326       -0.0001759419
       -0.0001829999        0.0003660291        0.0002118060
       -0.0003209045       -0.1175820547       -0.2808654499
        0.0000662069       -0.0039549762       -0.0039351714
       -0.0000926186       -0.0041200723        0.0073796452
       -0.0002166568        0.0329580293        0.0044923430
       -0.0000566711        0.0009938668        0.0001402909
        0.0064459127       -0.0001931214       -0.0010388924
       -0.0067625703        0.0006214234        0.0003838501
       -0.0773092462        0.0014062388        0.0005116786
        0.0079161353       -0.0005708000        0.0003735528
        0.1730275293       -0.0031787158       -0.0013094825
       -0.0782390782        0.0007879206        0.0005811509
        0.0077311669        0.0005022346        0.0012596741
        0.0000860387        0.0016904791       -0.0003902358
       -0.0000647114       -0.0004237293       -0.0006060725
        0.0000657782       -0.0010430914        0.0000061111
        0.0081669999        0.0000498882       -0.0000522906
       -0.0477205121        0.0002079908        0.0001963202
        0.0036395080        0.0000440393        0.0001203834
       -0.0007782932        0.0000053784        0.0000128194
        0.0037932474        0.0000938138       -0.0000483422
        0.0001594516       -0.0248024654        0.1216949946
        0.0015892801       -0.0898111737       -0.0495175168
        0.0007343896       -0.3223217775       -0.0542891576
       -0.0005707991        0.1050150752       -0.0435453662
       -0.0031787158        0.6983875604       -0.0506094116
        0.0005683306       -0.2037533128       -0.0151274727
        0.0013644620        0.0022077085        0.0021597048
       -0.0004779109       -0.0001038740       -0.0018283955
        0.0005664126       -0.0002099779       -0.0007995178
       -0.0012027542        0.0001383241       -0.0003895310
       -0.0000040274       -0.0009100234        0.0045461724
        0.0002091602       -0.1413285058        0.1176798403
        0.0001900737       -0.0118505103       -0.0313830012
        0.0000890977       -0.0010439605       -0.0011657561
       -0.0000363523       -0.0096158148        0.0025540410
        0.0008124930        0.0329615683        0.0644415524
        0.0008628922       -0.0510376934       -0.0323563595
       -0.0007838254        0.0538283466       -0.1637728860
       -0.0003735520        0.0435453649       -0.0693737440
       -0.0013094825       -0.0506094116        0.7608586092
        0.0010047826       -0.1224136854       -0.2804490301
       -0.0008377347        0.0012103931       -0.0056885242
        0.0000542345       -0.0004592152       -0.0009217389
        0.0001830003       -0.0003660286        0.0002118049
       -0.0002334820        0.0016377337       -0.0001759407
       -0.0000662075        0.0039549743       -0.0039351713
        0.0003209045        0.1175820530       -0.2808654501
        0.0000926185        0.0041200717        0.0073796451
        0.0000566708       -0.0009938670        0.0001402907
        0.0002166567       -0.0329580297        0.0044923432
       -0.0069277351       -0.0003682292        0.0000000001
        0.0083062167        0.0004623099       -0.0000511683
        0.0083062168        0.0004623099        0.0000511683
       -0.0782390784        0.0005683306       -0.0010047827
       -0.0782390782        0.0005683306        0.0010047826
        0.1681891283       -0.0036139382       -0.0000000001
       -0.0009809619        0.0001790989       -0.0000000002
       -0.0000402997       -0.0002099366       -0.0000000000
       -0.0000044345        0.0001494058       -0.0000572924
       -0.0000044346        0.0001494057        0.0000572924
        0.0044466925       -0.0000028074        0.0000125482
        0.0044466922       -0.0000028074       -0.0000125483
       -0.0457640668        0.0014595761       -0.0000000001
        0.0082516998        0.0000994491       -0.0000621125
        0.0082517000        0.0000994489        0.0000621127
        0.0007093266        0.0010057709        0.0000000004
        0.0003184357       -0.0255160860        0.0308042803
        0.0003184357       -0.0255160857       -0.0308042801
        0.0007879210       -0.2037533131        0.1224136852
        0.0007879206       -0.2037533128       -0.1224136854
       -0.0036139382        0.7928085078       -0.0000000004
       -0.0013348225       -0.0008850452        0.0000000000
        0.0002919038       -0.0008667769       -0.0000000000
        0.0001920898       -0.0002275894        0.0001805014
        0.0001920900       -0.0002275892       -0.0001805015
       -0.0001241544        0.0144780513       -0.0191544881
       -0.0001241544        0.0144780514        0.0191544883
        0.0013507649       -0.3487427080        0.0000000002
        0.0001240536       -0.0066413994       -0.0004676759
        0.0001240539       -0.0066413993        0.0004676757
        0.0000000002       -0.0000000003       -0.1243120865
       -0.0018998668        0.1181728779        0.0621474671
        0.0018998658       -0.1181728784        0.0621474661
       -0.0005811504        0.0151274742       -0.2804490281
        0.0005811509       -0.0151274727       -0.2804490301
       -0.0000000001       -0.0000000004        0.6654862460
        0.0000000000       -0.0000000002       -0.0006054538
       -0.0000000001       -0.0000000001        0.0019253846
       -0.0008523493        0.0004711208        0.0005570152
        0.0008523478       -0.0004711225        0.0005570131
       -0.0000483848        0.0160194238       -0.0185910287
        0.0000483835       -0.0160194211       -0.0185910282
       -0.0000000001       -0.0000000004       -0.0739760227
       -0.0000881315       -0.0013295372        0.0020870474
        0.0000881300        0.0013295369        0.0020870465
       -0.0831794112        0.0010370445       -0.0000000000
        0.0053687399        0.0007024046       -0.0002315357
        0.0053687399        0.0007024046        0.0002315356
        0.0077311669        0.0013644621        0.0008377347
        0.0077311669        0.0013644620       -0.0008377347
       -0.0009809619       -0.0013348225        0.0000000000
        0.5756287385       -0.0090661435        0.0000000004
       -0.2843252679       -0.0805431524       -0.0000000000
       -0.1122753106        0.0428635271        0.0970180862
       -0.1122753105        0.0428635271       -0.0970180862
       -0.0001077999        0.0001329145       -0.0000171562
       -0.0001077992        0.0001329146        0.0000171565
       -0.0008599083        0.0000522774        0.0000000003
       -0.0038582264       -0.0001359379       -0.0006458477
       -0.0038582272       -0.0001359376        0.0006458473
       -0.0025389697       -0.2417513407        0.0000000002
       -0.0001248183       -0.0201111086       -0.0025188268
       -0.0001248183       -0.0201111083        0.0025188271
        0.0005022345        0.0022077083       -0.0012103933
        0.0005022346        0.0022077085        0.0012103931
        0.0001790989       -0.0008850452       -0.0000000002
       -0.0090661435        0.5423188863        0.0000000002
       -0.0785015961       -0.0834582221       -0.0000000001
        0.0453872595       -0.0912339094       -0.0762451126
        0.0453872595       -0.0912339093        0.0762451124
       -0.0001252745       -0.0000704691        0.0001792315
       -0.0001252748       -0.0000704691       -0.0001792312
       -0.0002053884        0.0000520775        0.0000000003
       -0.0005721503        0.0010664489        0.0016367155
       -0.0005721497        0.0010664491       -0.0016367159
        0.0000000001        0.0000000003       -0.1056593843
       -0.0011759700       -0.0332171863        0.0060307619
        0.0011759703        0.0332171844        0.0060307640
       -0.0012596743       -0.0021597067       -0.0056885239
        0.0012596741        0.0021597048       -0.0056885242
       -0.0000000002        0.0000000000       -0.0006054538
        0.0000000004        0.0000000002        0.6232018602
        0.0000000005        0.0000000003       -0.0568012542
        0.0974749539       -0.0714722644       -0.2313759726
       -0.0974749545        0.0714722647       -0.2313759735
        0.0000842858       -0.0015886147        0.0000387550
       -0.0000842862        0.0015886158        0.0000387543
       -0.0000000002        0.0000000009        0.0001585155
        0.0008853558       -0.0006067624        0.0008469688
       -0.0008853558        0.0006067633        0.0008469691
        0.0041569255       -0.0007493207        0.0000000001
        0.0004784316        0.0001077356        0.0005417244
        0.0004784315        0.0001077357       -0.0005417242
        0.0000860389       -0.0004779111       -0.0000542346
        0.0000860387       -0.0004779109        0.0000542345
       -0.0000402997        0.0002919038       -0.0000000001
       -0.2843252679       -0.0785015961        0.0000000005
        0.3102994320        0.0885971283        0.0000000000
       -0.0152533553       -0.0043012289        0.0001899594
       -0.0152533552       -0.0043012288       -0.0001899597
        0.0000241327       -0.0000632560       -0.0000087956
        0.0000241334       -0.0000632559        0.0000087961
       -0.0000944366       -0.0000284045        0.0000000004
       -0.0003343719       -0.0000698832        0.0000322419
       -0.0003343725       -0.0000698827       -0.0000322425
       -0.0354776651       -0.0141774729        0.0000000001
        0.0005662654       -0.0008262495        0.0009015798
        0.0005662653       -0.0008262495       -0.0009015797
        0.0016904794       -0.0001038741        0.0004592151
        0.0016904791       -0.0001038740       -0.0004592152
       -0.0002099366       -0.0008667769       -0.0000000001
       -0.0805431524       -0.0834582221        0.0000000003
        0.0885971283        0.0913440725        0.0000000000
        0.0124738678        0.0045992779        0.0013352195
        0.0124738679        0.0045992781       -0.0013352197
       -0.0000546858       -0.0001426491       -0.0000648167
       -0.0000546852       -0.0001426490        0.0000648169
       -0.0001605493       -0.0000125799        0.0000000002
       -0.0007804049        0.0000606335       -0.0003718686
       -0.0007804054        0.0000606338        0.0003718683
        0.0000000000        0.0000000001        0.0012533899
        0.0004352296       -0.0025130748       -0.0006975143
       -0.0004352295        0.0025130750       -0.0006975147
        0.0003902358        0.0018283952       -0.0009217389
       -0.0003902358       -0.0018283955       -0.0009217389
       -0.0000000000       -0.0000000000        0.0019253846
       -0.0000000000       -0.0000000001       -0.0568012542
        0.0000000000        0.0000000000        0.0540997396
        0.0291977203        0.0104409965        0.0014867232
       -0.0291977202       -0.0104409965        0.0014867234
       -0.0000532740        0.0000018885       -0.0000226079
        0.0000532740       -0.0000018885       -0.0000226079
       -0.0000000000        0.0000000001        0.0000189395
       -0.0003027776       -0.0000679492       -0.0000932701
        0.0003027777        0.0000679491       -0.0000932701
        0.0007495954       -0.0024837019       -0.0029453887
        0.0005990256        0.0002696608        0.0000647112
        0.0006150811       -0.0005377067        0.0005591219
        0.0000657783       -0.0012027557        0.0002334830
       -0.0000647114        0.0005664126        0.0001830003
       -0.0000044345        0.0001920898       -0.0008523493
       -0.1122753106        0.0453872595        0.0974749539
       -0.0152533553        0.0124738678        0.0291977203
        0.1161241899       -0.0469728447       -0.1096149216
        0.0095189567       -0.0078297219       -0.0140148718
       -0.0000747001       -0.0000257832       -0.0000039868
       -0.0000265093        0.0000449564       -0.0000003051
        0.0000025329       -0.0000114431       -0.0000275544
       -0.0000208533       -0.0000648372        0.0001728845
        0.0000469312        0.0001943455       -0.0004229450
        0.0170846488       -0.0124851309       -0.0326194171
        0.0004353016       -0.0068405799        0.0020615719
       -0.0007487069        0.0022247098       -0.0014884977
       -0.0010430913        0.0001383222       -0.0016377326
       -0.0004237293       -0.0002099779       -0.0003660286
        0.0001494058       -0.0002275894        0.0004711208
        0.0428635271       -0.0912339094       -0.0714722644
       -0.0043012289        0.0045992779        0.0104409965
       -0.0469728447        0.0994181596        0.0832645482
       -0.0078297218        0.0050491514        0.0101211983
       -0.0000278412       -0.0005182885       -0.0000167518
        0.0000238536        0.0000292110        0.0000317116
        0.0000479744        0.0000008916        0.0000905873
        0.0003381969        0.0001001143       -0.0000462727
        0.0004046447       -0.0000414985        0.0011622690
       -0.0017384486        0.0006668988        0.0007924012
        0.0004934823       -0.0006828197        0.0001486538
       -0.0005304300        0.0018016445       -0.0000003965
       -0.0000061112        0.0003895331       -0.0001759419
       -0.0006060725       -0.0007995178        0.0002118049
       -0.0000572924        0.0001805014        0.0005570152
        0.0970180862       -0.0762451126       -0.2313759726
        0.0001899594        0.0013352195        0.0014867232
       -0.1096149216        0.0832645482        0.2493477113
        0.0140148720       -0.0101211983       -0.0220971071
        0.0000005644       -0.0000549337       -0.0000079458
        0.0000350134       -0.0000785302        0.0000066889
        0.0001488386       -0.0000339999        0.0000590666
        0.0000904051        0.0001178293        0.0004855632
        0.0005622478        0.0002606999        0.0005629059
        0.0007495955       -0.0024837025        0.0029453870
        0.0006150812       -0.0005377058       -0.0005591217
        0.0005990256        0.0002696597       -0.0000647103
       -0.0000647115        0.0005664120       -0.0001829999
        0.0000657782       -0.0012027542       -0.0002334820
       -0.0000044346        0.0001920900        0.0008523478
       -0.1122753105        0.0453872595       -0.0974749545
       -0.0152533552        0.0124738679       -0.0291977202
        0.0095189567       -0.0078297218        0.0140148720
        0.1161241899       -0.0469728446        0.1096149216
       -0.0000265087        0.0000449564        0.0000003051
       -0.0000747004       -0.0000257834        0.0000039865
        0.0000025329       -0.0000114435        0.0000275539
        0.0000469308        0.0001943456        0.0004229458
       -0.0000208527       -0.0000648376       -0.0001728842
        0.0170846489       -0.0124851313        0.0326194157
       -0.0007487069        0.0022247111        0.0014884984
        0.0004353016       -0.0068405815       -0.0020615707
       -0.0004237292       -0.0002099792        0.0003660291
       -0.0010430914        0.0001383241        0.0016377337
        0.0001494057       -0.0002275892       -0.0004711225
        0.0428635271       -0.0912339093        0.0714722647
       -0.0043012288        0.0045992781       -0.0104409965
       -0.0078297219        0.0050491514       -0.0101211983
       -0.0469728446        0.0994181597       -0.0832645483
        0.0000238531        0.0000292110       -0.0000317115
       -0.0000278410       -0.0005182884        0.0000167518
        0.0000479743        0.0000008914       -0.0000905871
        0.0004046449       -0.0000414987       -0.0011622691
        0.0003381965        0.0001001143        0.0000462722
        0.0017384485       -0.0006668988        0.0007923990
        0.0005304300       -0.0018016422       -0.0000003951
       -0.0004934823        0.0006828184        0.0001486543
        0.0006060725        0.0007995162        0.0002118060
        0.0000061111       -0.0003895310       -0.0001759407
        0.0000572924       -0.0001805015        0.0005570131
       -0.0970180862        0.0762451124       -0.2313759735
       -0.0001899597       -0.0013352197        0.0014867234
       -0.0140148718        0.0101211983       -0.0220971071
        0.1096149216       -0.0832645483        0.2493477116
       -0.0000350124        0.0000785301        0.0000066883
       -0.0000005648        0.0000549334       -0.0000079461
       -0.0001488385        0.0000339997        0.0000590659
       -0.0005622483       -0.0002606996        0.0005629063
       -0.0000904041       -0.0001178299        0.0004855637
        0.0084683544        0.0002918253        0.0001502175
        0.0043345950        0.0000326611        0.0000889186
       -0.0008158672        0.0000930444       -0.0000478393
       -0.0477205119        0.0002091615       -0.0003209045
        0.0081669999       -0.0000040274       -0.0000662075
        0.0044466925       -0.0001241544       -0.0000483848
       -0.0001077999       -0.0001252745        0.0000842858
        0.0000241327       -0.0000546858       -0.0000532740
       -0.0000747001       -0.0000278412        0.0000005644
       -0.0000265087        0.0000238531       -0.0000350124
        0.0336737128       -0.0002083533        0.0002134466
       -0.0000239569       -0.0000119191       -0.0000159553
       -0.0045981360       -0.0000238118        0.0000162616
       -0.0046829858       -0.0000589929        0.0000446269
       -0.0010620920       -0.0000114678       -0.0000107792
       -0.0000242165       -0.0066061810        0.0011962034
       -0.0000585335       -0.0090163365       -0.0329018035
        0.0000200933       -0.0011134498        0.0011206357
        0.0002079906       -0.1413285033       -0.1175820547
        0.0000498882       -0.0009100234        0.0039549743
       -0.0000028074        0.0144780513        0.0160194238
        0.0001329145       -0.0000704691       -0.0015886147
       -0.0000632560       -0.0001426491        0.0000018885
       -0.0000257832       -0.0005182885       -0.0000549337
        0.0000449564        0.0000292110        0.0000785301
       -0.0002083533        0.1425842616        0.1291051298
       -0.0000119183        0.0005076835        0.0009049831
       -0.0000318080        0.0009260655       -0.0008997114
       -0.0000250455        0.0011246947        0.0007402367
       -0.0000041078        0.0000608221       -0.0000983815
        0.0000070146        0.0007008786        0.0020787041
       -0.0000064048        0.0024378069        0.0044935849
       -0.0000211852        0.0010556317        0.0002598582
       -0.0001963207       -0.1176798414       -0.2808654499
       -0.0000522906        0.0045461724       -0.0039351713
        0.0000125482       -0.0191544881       -0.0185910287
       -0.0000171562        0.0001792315        0.0000387550
       -0.0000087956       -0.0000648167       -0.0000226079
       -0.0000039868       -0.0000167518       -0.0000079458
        0.0000003051       -0.0000317115        0.0000066883
        0.0002134466        0.1291051298        0.2957198380
        0.0000159565       -0.0009049824       -0.0011749705
        0.0000207812        0.0006335318        0.0010892276
        0.0000294220       -0.0007176066        0.0009278465
        0.0000066757       -0.0000870845       -0.0000138427
        0.0084683547        0.0002918249       -0.0001502185
       -0.0008158670        0.0000930431        0.0000478373
        0.0043345952        0.0000326613       -0.0000889177
        0.0081669995       -0.0000040274        0.0000662069
       -0.0477205121        0.0002091602        0.0003209045
        0.0044466922       -0.0001241544        0.0000483835
       -0.0001077992       -0.0001252748       -0.0000842862
        0.0000241334       -0.0000546852        0.0000532740
       -0.0000265093        0.0000238536        0.0000350134
       -0.0000747004       -0.0000278410       -0.0000005648
       -0.0000239569       -0.0000119183        0.0000159565
        0.0336737124       -0.0002083531       -0.0002134463
       -0.0045981363       -0.0000238114       -0.0000162614
       -0.0010620920       -0.0000114678        0.0000107802
       -0.0046829855       -0.0000589925       -0.0000446262
       -0.0000242165       -0.0066061812       -0.0011961998
        0.0000200934       -0.0011134529       -0.0011206374
       -0.0000585336       -0.0090163337        0.0329018022
        0.0000498882       -0.0009100207       -0.0039549762
        0.0002079908       -0.1413285058        0.1175820530
       -0.0000028074        0.0144780514       -0.0160194211
        0.0001329146       -0.0000704691        0.0015886158
       -0.0000632559       -0.0001426490       -0.0000018885
        0.0000449564        0.0000292110       -0.0000785302
       -0.0000257834       -0.0005182884        0.0000549334
       -0.0000119191        0.0005076835       -0.0009049824
       -0.0002083531        0.1425842613       -0.1291051292
       -0.0000318080        0.0009260654        0.0008997123
       -0.0000041075        0.0000608217        0.0000983811
       -0.0000250463        0.0011246951       -0.0007402373
       -0.0000070146       -0.0007008784        0.0020787047
        0.0000211854       -0.0010556331        0.0002598569
        0.0000064049       -0.0024378077        0.0044935856
        0.0000522900       -0.0045461729       -0.0039351714
        0.0001963202        0.1176798403       -0.2808654501
       -0.0000125483        0.0191544883       -0.0185910282
        0.0000171565       -0.0001792312        0.0000387543
        0.0000087961        0.0000648169       -0.0000226079
       -0.0000003051        0.0000317116        0.0000066889
        0.0000039865        0.0000167518       -0.0000079461
       -0.0000159553        0.0009049831       -0.0011749705
       -0.0002134463       -0.1291051292        0.2957198371
       -0.0000207814       -0.0006335311        0.0010892269
       -0.0000066752        0.0000870853       -0.0000138425
       -0.0000294207        0.0007176067        0.0009278471
       -0.0008498270        0.0001355188        0.0000000000
        0.0081116923       -0.0000119367       -0.0000814783
        0.0081116924       -0.0000119367        0.0000814784
        0.0036395078        0.0001900737       -0.0000926186
        0.0036395080        0.0001900737        0.0000926185
       -0.0457640668        0.0013507649       -0.0000000001
       -0.0008599083       -0.0002053884       -0.0000000002
       -0.0000944366       -0.0001605493       -0.0000000000
        0.0000025329        0.0000479744        0.0001488386
        0.0000025329        0.0000479743       -0.0001488385
       -0.0045981360       -0.0000318080        0.0000207812
       -0.0045981363       -0.0000318080       -0.0000207814
        0.0330456122       -0.0015965384       -0.0000000001
        0.0001066725        0.0000438263       -0.0000071760
        0.0001066728        0.0000438262        0.0000071761
       -0.0000192391        0.0007354346        0.0000000003
        0.0000461381        0.0005953427        0.0036416237
        0.0000461379        0.0005953425       -0.0036416231
        0.0000440387       -0.0118505108       -0.0041200723
        0.0000440393       -0.0118505103        0.0041200717
        0.0014595761       -0.3487427080       -0.0000000004
        0.0000522774        0.0000520775        0.0000000009
       -0.0000284045       -0.0000125799        0.0000000001
       -0.0000114431        0.0000008916       -0.0000339999
       -0.0000114435        0.0000008914        0.0000339997
       -0.0000238118        0.0009260655        0.0006335318
       -0.0000238114        0.0009260654       -0.0006335311
       -0.0015965384        0.3701576777        0.0000000006
        0.0000112370       -0.0007672672       -0.0001613070
        0.0000112361       -0.0007672667        0.0001613061
        0.0000000000        0.0000000001       -0.0017966803
       -0.0000510105        0.0028012704       -0.0052408825
        0.0000510106       -0.0028012723       -0.0052408807
       -0.0001203838        0.0313829999        0.0073796452
        0.0001203834       -0.0313830012        0.0073796451
       -0.0000000001        0.0000000002       -0.0739760227
        0.0000000003        0.0000000003        0.0001585155
        0.0000000004        0.0000000002        0.0000189395
       -0.0000275544        0.0000905873        0.0000590666
        0.0000275539       -0.0000905871        0.0000590659
        0.0000162616       -0.0008997114        0.0010892276
       -0.0000162614        0.0008997123        0.0010892269
       -0.0000000001        0.0000000006        0.0688960715
       -0.0000220340        0.0016217485        0.0000632322
        0.0000220345       -0.0016217477        0.0000632324
        0.0046270252        0.0007561500        0.0001432895
       -0.0468362036        0.0015365564       -0.0026494424
        0.0075513271       -0.0000797324        0.0002190852
        0.0037932473       -0.0000363529       -0.0002166568
       -0.0007782932        0.0000890977        0.0000566708
        0.0082516998        0.0001240536       -0.0000881315
       -0.0038582264       -0.0005721503        0.0008853558
       -0.0003343719       -0.0007804049       -0.0003027776
       -0.0000208533        0.0003381969        0.0000904051
        0.0000469308        0.0004046449       -0.0005622483
       -0.0046829858       -0.0000250455        0.0000294220
       -0.0010620920       -0.0000041075       -0.0000066752
        0.0001066725        0.0000112370       -0.0000220340
        0.0331854202       -0.0017201791        0.0024457676
        0.0000127215       -0.0000419471       -0.0000220098
       -0.0000372000        0.0124873514       -0.0148796029
        0.0016041657       -0.1401008842        0.1165313207
        0.0000994755       -0.0009832554       -0.0040932380
        0.0000938137       -0.0096158143        0.0329580293
        0.0000053784       -0.0010439605       -0.0009938670
        0.0000994491       -0.0066413994       -0.0013295372
       -0.0001359379        0.0010664489       -0.0006067624
       -0.0000698832        0.0000606335       -0.0000679492
       -0.0000648372        0.0001001143        0.0001178293
        0.0001943456       -0.0000414987       -0.0002606996
       -0.0000589929        0.0011246947       -0.0007176066
       -0.0000114678        0.0000608217        0.0000870853
        0.0000438263       -0.0007672672        0.0016217485
       -0.0017201791        0.1436566054       -0.1274916983
       -0.0000419478        0.0006421061       -0.0008715204
       -0.0003091463        0.0191344917       -0.0204025183
       -0.0021279825        0.1154412247       -0.2766973068
       -0.0000601818       -0.0045024142       -0.0038786425
        0.0000483423       -0.0025540396        0.0044923430
        0.0000128194       -0.0011657561        0.0001402907
       -0.0000621125       -0.0004676759        0.0020870474
       -0.0006458477        0.0016367155        0.0008469688
        0.0000322419       -0.0003718686       -0.0000932701
        0.0001728845       -0.0000462727        0.0004855632
        0.0004229458       -0.0011622691        0.0005629063
        0.0000446269        0.0007402367        0.0009278465
        0.0000107802        0.0000983811       -0.0000138425
       -0.0000071760       -0.0001613070        0.0000632322
        0.0024457676       -0.1274916983        0.2927730097
        0.0000220107        0.0008715199       -0.0012899298
        0.0046270249        0.0007561500       -0.0001432908
        0.0075513269       -0.0000797327       -0.0002190846
       -0.0468362037        0.0015365573        0.0026494408
       -0.0007782929        0.0000890992       -0.0000566711
        0.0037932474       -0.0000363523        0.0002166567
        0.0082517000        0.0001240539        0.0000881300
       -0.0038582272       -0.0005721497       -0.0008853558
       -0.0003343725       -0.0007804054        0.0003027777
        0.0000469312        0.0004046447        0.0005622478
       -0.0000208527        0.0003381965       -0.0000904041
       -0.0010620920       -0.0000041078        0.0000066757
       -0.0046829855       -0.0000250463       -0.0000294207
        0.0001066728        0.0000112361        0.0000220345
        0.0000127215       -0.0000419478        0.0000220107
        0.0331854200       -0.0017201790       -0.0024457669
       -0.0000372000        0.0124873515        0.0148796031
        0.0000994756       -0.0009832562        0.0040932373
        0.0016041658       -0.1401008850       -0.1165313196
        0.0000053777       -0.0010439612        0.0009938668
        0.0000938138       -0.0096158148       -0.0329580297
        0.0000994489       -0.0066413993        0.0013295369
       -0.0001359376        0.0010664491        0.0006067633
       -0.0000698827        0.0000606338        0.0000679491
        0.0001943455       -0.0000414985        0.0002606999
       -0.0000648376        0.0001001143       -0.0001178299
       -0.0000114678        0.0000608221       -0.0000870845
       -0.0000589925        0.0011246951        0.0007176067
        0.0000438262       -0.0007672667       -0.0016217477
       -0.0000419471        0.0006421061        0.0008715199
       -0.0017201790        0.1436566061        0.1274916979
        0.0003091463       -0.0191344920       -0.0204025189
        0.0000601817        0.0045024161       -0.0038786408
        0.0021279824       -0.1154412238       -0.2766973077
       -0.0000128202        0.0011657563        0.0001402909
       -0.0000483422        0.0025540410        0.0044923432
        0.0000621127        0.0004676757        0.0020870465
        0.0006458473       -0.0016367159        0.0008469691
       -0.0000322425        0.0003718683       -0.0000932701
       -0.0004229450        0.0011622690        0.0005629059
       -0.0001728842        0.0000462722        0.0004855637
       -0.0000107792       -0.0000983815       -0.0000138427
       -0.0000446262       -0.0007402373        0.0009278471
        0.0000071761        0.0001613061        0.0000632324
       -0.0000220098       -0.0008715204       -0.0012899298
       -0.0024457669        0.1274916979        0.2927730095
