ZMAT begin
1 2
1 3

2 4
3 5

2 6
3 7

4 16
4 18
4 20
5 17
5 19
5 21

6 10
6 12
6 14
7 11
7 13
7 15

2 8
3 9

4 2 6
1 2 4
1 2 6
5 3 7
1 3 5
1 3 7

2 1 3

16 4 2
18 4 2
20 4 2
18 4 20
16 4 18
16 4 20
17 5 3
19 5 3
21 5 3
19 5 21
17 5 19
17 5 21

10 6 2
12 6 2
14 6 2
12 6 14
10 6 12
10 6 14
11 7 3
13 7 3
15 7 3
13 7 15
11 7 13
11 7 15

8 2 1
8 2 4
8 2 6
9 3 1
9 3 5
9 3 7

4 2 1 3 T
2 1 3 5 T

16 4 2 1 T
18 4 2 1 T
20 4 2 1 T
17 5 3 1 T
19 5 3 1 T
21 5 3 1 T

10 6 2 1 T
12 6 2 1 T
14 6 2 1 T
11 7 3 1 T
13 7 3 1 T
15 7 3 1 T
ZMAT end

cart begin
O          1.0036810123        0.0000000000        0.0000000000
C         -0.4607978699        0.2786102533       -2.2476476710
C         -0.4607978699       -0.2786102533        2.2476476710
C          1.1655203899        1.7267159446       -4.1214647310
C          1.1655203899       -1.7267159446        4.1214647310
C         -1.2327053258       -2.3040107473       -3.2743857403
C         -1.2327053258        2.3040107473        3.2743857403
H         -2.1645866084        1.3867786904       -1.8275867751
H         -2.1645866084       -1.3867786904        1.8275867751
H         -2.3227163568       -3.3694499017       -1.8832865322
H         -2.3227163568        3.3694499017        1.8832865322
H         -2.3885436283       -2.0999213632       -4.9739916274
H         -2.3885436283        2.0999213632        4.9739916274
H          0.4565776774       -3.3919637847       -3.7486157660
H          0.4565776774        3.3919637847        3.7486157660
H          1.6492287374        3.5854317316       -3.3726371828
H          1.6492287374       -3.5854317316        3.3726371828
H          2.9158513768        0.6874224826       -4.4652456987
H          2.9158513768       -0.6874224826        4.4652456987
H          0.1762166099        1.9635075010       -5.9176418044
H          0.1762166099       -1.9635075010        5.9176418044
cart end 