   15   45
        0.7589109299       -0.0544992051        0.0006972601
       -0.1649201198        0.0522292899       -0.0008194300
        0.0609443200        0.0326578001        0.0006129648
       -0.0307177299       -0.0497579302       -0.0004199899
       -0.0677413399        0.0416392950        0.0001127302
       -0.2800544598       -0.1187197702       -0.0007839350
       -0.2798006449        0.1186267201        0.0006985951
        0.0052787649       -0.0325474099        0.0000744001
       -0.0053971900        0.0035338900        0.0000225353
        0.0001860298       -0.0010611299        0.0000233652
       -0.0037455197        0.0039609003        0.0000306900
        0.0073593949        0.0037247901        0.0001001001
       -0.0000044699        0.0000946798        0.0003663050
        0.0000220652       -0.0005428552        0.0000941750
       -0.0003194299        0.0007013850       -0.0008576600
       -0.0544992051        0.6959541696       -0.0004394497
       -0.0522570949       -0.3184458947        0.0004107551
        0.1159363200       -0.0248463996        0.0002227000
       -0.0497579299       -0.0881687751        0.0002421200
       -0.0416382346        0.1038405003       -0.0006433149
       -0.0142308150       -0.2032920850        0.0004959952
        0.1186265453       -0.1428541049       -0.0004133949
        0.0025229454       -0.0092810197       -0.0000723148
        0.0030072303        0.0005818453       -0.0000230847
       -0.0010610498       -0.0010391548       -0.0000139246
        0.0044875407       -0.0010698898       -0.0000082596
       -0.0313454399       -0.0113620800       -0.0000287349
        0.0000946304        0.0001048551       -0.0002115851
       -0.0005428149       -0.0006047500       -0.0000544199
        0.0007014350        0.0004905053        0.0004952653
        0.0006972601       -0.0004394497        0.1773023195
       -0.0008194900       -0.0004359796       -0.0793012197
        0.0004994300        0.0004186151        0.0078340250
        0.0004197352       -0.0002425301       -0.0079971997
       -0.0001137295       -0.0006433547        0.0078340753
       -0.0000499196        0.0009196452       -0.0793013399
        0.0004567255       -0.0002732099       -0.0489405247
        0.0000172602        0.0000230253        0.0044056051
       -0.0000188848       -0.0000167998        0.0082805855
        0.0000011050       -0.0000006298       -0.0008381397
        0.0000047154        0.0000247255        0.0082806352
       -0.0000113747       -0.0000262497        0.0044055952
        0.0000969655       -0.0000560047       -0.0002364249
       -0.0012131596        0.0007004050       -0.0003695598
       -0.0000132047        0.0000075752       -0.0013543999
       -0.1649201198       -0.0522570949       -0.0008194900
        0.7589109697        0.0545410151        0.0006972701
       -0.2800544749        0.1187516904       -0.0007839552
       -0.0677413749       -0.0416382349        0.0001127552
       -0.0307177694        0.0497596051       -0.0004200396
        0.0609442904       -0.0326578848        0.0006129201
        0.0052787652        0.0325474701        0.0000743904
       -0.2798006898       -0.1185945945        0.0006985550
        0.0073594049       -0.0037257249        0.0001000953
       -0.0037454851       -0.0039611149        0.0000306551
        0.0001859902        0.0010610501        0.0000233703
       -0.0053972147       -0.0035340202        0.0000225052
       -0.0000045196       -0.0000947199        0.0003663101
        0.0000220501        0.0005427648        0.0000941549
       -0.0003194498       -0.0007015248       -0.0008576700
        0.0522292899       -0.3184458947       -0.0004359796
        0.0545410151        0.6959541497        0.0004004002
        0.0142766649       -0.2032920648       -0.0005027050
        0.0416393502        0.1038405151        0.0006418952
        0.0497596852       -0.0881687598       -0.0002425199
       -0.1159242447       -0.0248463650       -0.0002242800
       -0.0025241698       -0.0092809950        0.0000722252
       -0.1185925197       -0.1428540946        0.0004066450
        0.0313452000       -0.0113620450        0.0000277953
       -0.0044876799       -0.0010698648        0.0000080152
        0.0010610455       -0.0010391096        0.0000138752
       -0.0030072749        0.0005818652        0.0000226100
       -0.0000947199        0.0001048753        0.0002115249
        0.0005427751       -0.0006047401        0.0000543949
       -0.0007013600        0.0004905101       -0.0004952000
       -0.0008194300        0.0004107551       -0.0793012197
        0.0006972701        0.0004004002        0.1773022797
       -0.0000499250       -0.0009259398       -0.0793013299
       -0.0001136900        0.0006418750        0.0078340952
        0.0004198102        0.0002421251       -0.0079971798
        0.0004994604       -0.0004191949        0.0078340301
        0.0000173355       -0.0000234797        0.0044056503
        0.0004567102        0.0002666604       -0.0489405599
       -0.0000113249        0.0000263552        0.0044056102
        0.0000047501       -0.0000247249        0.0082806451
        0.0000011156        0.0000006554       -0.0008381147
       -0.0000188447        0.0000167051        0.0082806503
        0.0000970155        0.0000560652       -0.0002363601
       -0.0012131198       -0.0007004351       -0.0003695749
       -0.0000132047       -0.0000076699       -0.0013543951
        0.0609443200        0.1159363200        0.0004994300
       -0.2800544749        0.0142766649       -0.0000499250
        0.6644769400        0.0000154500       -0.0000176001
       -0.2800544550       -0.0142308102        0.0000307051
        0.0609443052       -0.1159242902       -0.0005012299
       -0.1168909449       -0.0000003200       -0.0000002902
        0.0019195500       -0.0012170500       -0.0000091151
       -0.0186420849        0.0163321550       -0.0000262099
       -0.0743918798       -0.0000161148        0.0000015351
       -0.0186420152       -0.0163338149        0.0000256099
        0.0019195602        0.0012169849        0.0000086501
       -0.0016517251       -0.0000000202       -0.0000000898
        0.0001594603       -0.0000000449       -0.0000000654
       -0.0009181699       -0.0000000603       -0.0000000651
        0.0008955951        0.0000000000       -0.0000000250
        0.0326578001       -0.0248463996        0.0004186151
        0.1187516904       -0.2032920648       -0.0009259398
        0.0000154500        0.7903919095        0.0008199152
       -0.1187197446       -0.2032920699       -0.0009259395
       -0.0326578547       -0.0248463797        0.0004186305
       -0.0000003146       -0.0019891050       -0.0004850349
       -0.0006904145       -0.0067350396        0.0000308904
       -0.0187371947        0.0146393302        0.0001011151
       -0.0000179099       -0.3482852097        0.0007961452
        0.0187363202        0.0146392952        0.0001010952
        0.0006903605       -0.0067350598        0.0000308805
       -0.0000000045        0.0007986452        0.0000270953
       -0.0000000597       -0.0000591149        0.0004229798
       -0.0000000196        0.0003353750        0.0001087852
        0.0000000054       -0.0007244000       -0.0009903198
        0.0006129648        0.0002227000        0.0078340250
       -0.0007839552       -0.0005027050       -0.0793013299
       -0.0000176001        0.0008199152        0.1773022200
        0.0007651451       -0.0005027402       -0.0793013348
       -0.0006137697        0.0002227151        0.0078340199
       -0.0000002649        0.0004849397       -0.0079972051
       -0.0000237350       -0.0000081801        0.0082806352
        0.0000285800        0.0000032051        0.0044056401
        0.0000008149        0.0005182750       -0.0489404547
       -0.0000287804        0.0000031750        0.0044056551
        0.0000237054       -0.0000081801        0.0082806102
       -0.0000000048        0.0000012699       -0.0008381102
       -0.0000000398        0.0001120398       -0.0002363802
        0.0000000398       -0.0014007753       -0.0003695351
        0.0000000051       -0.0000152500       -0.0013544002
       -0.0307177299       -0.0497579299        0.0004197352
       -0.0677413749        0.0416393502       -0.0001136900
       -0.2800544550       -0.1187197446        0.0007651451
        0.7589109197       -0.0544992000       -0.0007441298
       -0.1649201099        0.0522292453        0.0008191751
        0.0609443001        0.0326577700       -0.0006137651
        0.0001860505       -0.0010610998       -0.0000233996
       -0.0037454848        0.0039609054       -0.0000309950
        0.0073594202        0.0037247750       -0.0001001396
       -0.2798006398        0.1186267002       -0.0007253198
        0.0052787806       -0.0325474699       -0.0000750950
       -0.0053971849        0.0035339048       -0.0000227146
       -0.0000044895        0.0000947000       -0.0003663948
        0.0000220703       -0.0005428601       -0.0000942549
       -0.0003194296        0.0007014199        0.0008578351
       -0.0497579302       -0.0881687751       -0.0002425301
       -0.0416382349        0.1038405151        0.0006418750
       -0.0142308102       -0.2032920699       -0.0005027402
       -0.0544992000        0.6959541599        0.0004003800
       -0.0522570750       -0.3184458848       -0.0004359848
        0.1159363251       -0.0248464053       -0.0002242700
       -0.0010610648       -0.0010391301        0.0000139050
        0.0044875603       -0.0010698898        0.0000079899
       -0.0313454748       -0.0113620800        0.0000277652
        0.1186265649       -0.1428541049        0.0004066200
        0.0025229801       -0.0092810549        0.0000722099
        0.0030072601        0.0005818549        0.0000226149
        0.0000946702        0.0001048451        0.0002115098
       -0.0005428450       -0.0006047503        0.0000543650
        0.0007014299        0.0004905050       -0.0004952400
       -0.0004199899        0.0002421200       -0.0079971997
        0.0001127552        0.0006418952        0.0078340952
        0.0000307051       -0.0009259395       -0.0793013348
       -0.0007441298        0.0004003800        0.1773022996
        0.0008191753        0.0004107355       -0.0793012197
       -0.0005012296       -0.0004192350        0.0078340253
       -0.0000010496        0.0000006503       -0.0008381096
       -0.0000047348       -0.0000247098        0.0082806253
        0.0000109353        0.0000263304        0.0044056054
       -0.0004797701        0.0002666150       -0.0489405696
       -0.0000171397       -0.0000235099        0.0044056051
        0.0000188902        0.0000167401        0.0082806253
       -0.0000970746        0.0000560300       -0.0002364098
        0.0012132253       -0.0007003950       -0.0003696249
        0.0000132303       -0.0000076599       -0.0013543698
       -0.0677413399       -0.0416382346       -0.0001137295
       -0.0307177694        0.0497596852        0.0004198102
        0.0609443052       -0.0326578547       -0.0006137697
       -0.1649201099       -0.0522570750        0.0008191753
        0.7589109293        0.0545410205       -0.0007441446
       -0.2800544897        0.1187517103        0.0007651252
       -0.0037454447       -0.0039610796       -0.0000309396
        0.0001860704        0.0010610654       -0.0000234246
       -0.0053971749       -0.0035340346       -0.0000227394
        0.0052787601        0.0325474753       -0.0000751095
       -0.2798006642       -0.1185945547       -0.0007253294
        0.0073594606       -0.0037256848       -0.0001001197
       -0.0000044895       -0.0000946847       -0.0003664047
        0.0000220655        0.0005427501       -0.0000942498
       -0.0003194347       -0.0007014899        0.0008578053
        0.0416392950        0.1038405003       -0.0006433547
        0.0497596051       -0.0881687598        0.0002421251
       -0.1159242902       -0.0248463797        0.0002227151
        0.0522292453       -0.3184458848        0.0004107355
        0.0545410205        0.6959541696       -0.0004394349
        0.0142766453       -0.2032920949        0.0004959952
       -0.0044876694       -0.0010698747       -0.0000082147
        0.0010609904       -0.0010391096       -0.0000139497
       -0.0030073147        0.0005818353       -0.0000230898
       -0.0025241800       -0.0092810600       -0.0000723148
       -0.1185925146       -0.1428541199       -0.0004134097
        0.0313451551       -0.0113620700       -0.0000287147
       -0.0000947347        0.0001048653       -0.0002115348
        0.0005427853       -0.0006047298       -0.0000544100
       -0.0007013296        0.0004905053        0.0004952952
        0.0001127302       -0.0006433149        0.0078340753
       -0.0004200396       -0.0002425199       -0.0079971798
       -0.0005012299        0.0004186305        0.0078340199
        0.0008191751       -0.0004359848       -0.0793012197
       -0.0007441446       -0.0004394349        0.1773022996
        0.0000307253        0.0009196452       -0.0793013251
       -0.0000047245        0.0000247252        0.0082806503
       -0.0000010496       -0.0000006247       -0.0008381298
        0.0000189050       -0.0000167796        0.0082806105
       -0.0000171050        0.0000229801        0.0044056304
       -0.0004797747       -0.0002731898       -0.0489405346
        0.0000108952       -0.0000262349        0.0044055903
       -0.0000970397       -0.0000559896       -0.0002364152
        0.0012132301        0.0007004400       -0.0003696150
        0.0000132252        0.0000075951       -0.0013543848
       -0.2800544598       -0.0142308150       -0.0000499196
        0.0609442904       -0.1159242447        0.0004994604
       -0.1168909449       -0.0000003146       -0.0000002649
        0.0609443001        0.1159363251       -0.0005012296
       -0.2800544897        0.0142766453        0.0000307253
        0.6644769195        0.0000154401       -0.0000175848
       -0.0186420294       -0.0163337398       -0.0000261898
        0.0019195252        0.0012169855       -0.0000091399
       -0.0016516947       -0.0000000097       -0.0000000296
        0.0019195801       -0.0012170048        0.0000087152
       -0.0186420445        0.0163321704        0.0000256003
       -0.0743918798       -0.0000161151        0.0000015302
        0.0001595154        0.0000000401       -0.0000000449
       -0.0009181795       -0.0000000452       -0.0000000048
        0.0008955951        0.0000000151       -0.0000000099
       -0.1187197702       -0.2032920850        0.0009196452
       -0.0326578848       -0.0248463650       -0.0004191949
       -0.0000003200       -0.0019891050        0.0004849397
        0.0326577700       -0.0248464053       -0.0004192350
        0.1187517103       -0.2032920949        0.0009196452
        0.0000154401        0.7903918998       -0.0008707102
        0.0187363202        0.0146393401       -0.0001013800
        0.0006903201       -0.0067350550       -0.0000310300
        0.0000000099        0.0007986199       -0.0000271297
       -0.0006904551       -0.0067350550       -0.0000310197
       -0.0187371646        0.0146393151       -0.0001014197
       -0.0000179398       -0.3482852102       -0.0008329050
       -0.0000000350       -0.0000591101       -0.0004230850
       -0.0000000301        0.0003353898       -0.0001087801
        0.0000000000       -0.0007243901        0.0009905051
       -0.0007839350        0.0004959952       -0.0793013399
        0.0006129201       -0.0002242800        0.0078340301
       -0.0000002902       -0.0004850349       -0.0079972051
       -0.0006137651       -0.0002242700        0.0078340253
        0.0007651252        0.0004959952       -0.0793013251
       -0.0000175848       -0.0008707102        0.1773022399
        0.0000285652       -0.0000033199        0.0044056802
       -0.0000238001        0.0000082105        0.0082806000
       -0.0000000199       -0.0000011701       -0.0008381448
        0.0000237151        0.0000081852        0.0082806201
       -0.0000287750       -0.0000033299        0.0044056600
        0.0000008399       -0.0005496000       -0.0489404349
       -0.0000000398       -0.0001120151       -0.0002364251
        0.0000000301        0.0014008097       -0.0003695848
        0.0000000603        0.0000151752       -0.0013544201
       -0.2798006449        0.1186265453        0.0004567255
        0.0052787652       -0.0025241698        0.0000173355
        0.0019195500       -0.0006904145       -0.0000237350
        0.0001860505       -0.0010610648       -0.0000010496
       -0.0037454447       -0.0044876694       -0.0000047245
       -0.0186420294        0.0187363202        0.0000285652
        0.2939681593       -0.1295323347       -0.0006163296
        0.0008244353        0.0006800755       -0.0000111248
        0.0001202852       -0.0001984947       -0.0000040845
        0.0000063400        0.0000787603       -0.0000017397
       -0.0011032694        0.0009049205        0.0000072055
        0.0010736053       -0.0005360698       -0.0000065896
        0.0000430205       -0.0000405245       -0.0000566948
       -0.0000134347        0.0000415952       -0.0000424598
       -0.0001144446        0.0000349453        0.0002354602
        0.1186267201       -0.1428541049       -0.0002732099
        0.0325474701       -0.0092809950       -0.0000234797
       -0.0012170500       -0.0067350396       -0.0000081801
       -0.0010610998       -0.0010391301        0.0000006503
       -0.0039610796       -0.0010698747        0.0000247252
       -0.0163337398        0.0146393401       -0.0000033199
       -0.1295323347        0.1443897696        0.0003454352
       -0.0006799647        0.0011566155        0.0000011102
        0.0016113103       -0.0006954397       -0.0000106647
        0.0000787401        0.0000971451        0.0000010201
       -0.0009048546        0.0005281100        0.0000087704
        0.0008237853        0.0009074651        0.0000091103
       -0.0000406297       -0.0000038446        0.0000326850
        0.0000415750        0.0000345401        0.0000245251
        0.0000349704       -0.0000741298       -0.0001358998
        0.0006985951       -0.0004133949       -0.0489405247
        0.0000743904        0.0000722252        0.0044056503
       -0.0000091151        0.0000308904        0.0082806352
       -0.0000233996        0.0000139050       -0.0008381096
       -0.0000309396       -0.0000082147        0.0082806503
       -0.0000261898       -0.0001013800        0.0044056802
       -0.0006163296        0.0003454352        0.0344903594
       -0.0000111748       -0.0000010846       -0.0046165846
       -0.0000112198        0.0000018252       -0.0000129995
        0.0000018201       -0.0000009797       -0.0011329448
       -0.0000070995        0.0000088002       -0.0000129646
       -0.0000045799        0.0000101451       -0.0046165948
        0.0000715752       -0.0000412800       -0.0000165750
       -0.0000117547        0.0000068448       -0.0000451797
       -0.0001204697        0.0000695752        0.0003707751
        0.0052787649        0.0025229454        0.0000172602
       -0.2798006898       -0.1185925197        0.0004567102
       -0.0186420849       -0.0187371947        0.0000285800
       -0.0037454848        0.0044875603       -0.0000047348
        0.0001860704        0.0010609904       -0.0000010496
        0.0019195252        0.0006903201       -0.0000238001
        0.0008244353       -0.0006799647       -0.0000111748
        0.2939682196        0.1295655855       -0.0006163799
        0.0010735653        0.0005361352       -0.0000066248
       -0.0011032850       -0.0009048949        0.0000071105
        0.0000063054       -0.0000787097       -0.0000017798
        0.0001202403        0.0001984952       -0.0000040995
        0.0000430154        0.0000405953       -0.0000567150
       -0.0000134597       -0.0000416151       -0.0000425149
       -0.0001144650       -0.0000349797        0.0002354452
       -0.0325474099       -0.0092810197        0.0000230253
       -0.1185945945       -0.1428540946        0.0002666604
        0.0163321550        0.0146393302        0.0000032051
        0.0039609054       -0.0010698898       -0.0000247098
        0.0010610654       -0.0010391096       -0.0000006247
        0.0012169855       -0.0067350550        0.0000082105
        0.0006800755        0.0011566155       -0.0000010846
        0.1295655855        0.1443897793       -0.0003518198
       -0.0008234994        0.0009074603       -0.0000090893
        0.0009049654        0.0005281154       -0.0000087846
       -0.0000787145        0.0000971505       -0.0000009996
       -0.0016112693       -0.0006953999        0.0000106155
        0.0000405805       -0.0000038347       -0.0000327398
       -0.0000415594        0.0000345150       -0.0000245348
       -0.0000349249       -0.0000741397        0.0001359405
        0.0000744001       -0.0000723148        0.0044056051
        0.0006985550        0.0004066450       -0.0489405599
       -0.0000262099        0.0001011151        0.0044056401
       -0.0000309950        0.0000079899        0.0082806253
       -0.0000234246       -0.0000139497       -0.0008381298
       -0.0000091399       -0.0000310300        0.0082806000
       -0.0000111248        0.0000011102       -0.0046165846
       -0.0006163799       -0.0003518198        0.0344904197
       -0.0000046251       -0.0000101249       -0.0046166596
       -0.0000070997       -0.0000087951       -0.0000129998
        0.0000017954        0.0000010203       -0.0011329698
       -0.0000112448       -0.0000017749       -0.0000130350
        0.0000715505        0.0000413252       -0.0000166298
       -0.0000118249       -0.0000068550       -0.0000452201
       -0.0001205149       -0.0000696349        0.0003707200
       -0.0053971900        0.0030072303       -0.0000188848
        0.0073594049        0.0313452000       -0.0000113249
       -0.0743918798       -0.0000179099        0.0000008149
        0.0073594202       -0.0313454748        0.0000109353
       -0.0053971749       -0.0030073147        0.0000189050
       -0.0016516947        0.0000000099       -0.0000000199
        0.0001202852        0.0016113103       -0.0000112198
        0.0010735653       -0.0008234994       -0.0000046251
        0.0696111397       -0.0000151650        0.0000011403
        0.0010735999        0.0008237652        0.0000046452
        0.0001202756       -0.0016112648        0.0000112701
        0.0001426400       -0.0000000151        0.0000000051
       -0.0000272797        0.0000000449       -0.0000000099
        0.0000585854       -0.0000000051        0.0000000099
       -0.0000538998       -0.0000000401        0.0000000401
        0.0035338900        0.0005818453       -0.0000167998
       -0.0037257249       -0.0113620450        0.0000263552
       -0.0000161148       -0.3482852097        0.0005182750
        0.0037247750       -0.0113620800        0.0000263304
       -0.0035340346        0.0005818353       -0.0000167796
       -0.0000000097        0.0007986199       -0.0000011701
       -0.0001984947       -0.0006954397        0.0000018252
        0.0005361352        0.0009074603       -0.0000101249
       -0.0000151650        0.3687679896       -0.0007068996
       -0.0005360599        0.0009074253       -0.0000101247
        0.0001984955       -0.0006954446        0.0000017903
        0.0000000452       -0.0000391549       -0.0000019898
       -0.0000000347        0.0000664701       -0.0000654748
        0.0000000102       -0.0000375201       -0.0000490448
       -0.0000000048       -0.0001346550        0.0002718701
        0.0000225353       -0.0000230847        0.0082805855
        0.0001000953        0.0000277953        0.0044056102
        0.0000015351        0.0007961452       -0.0489404547
       -0.0001001396        0.0000277652        0.0044056054
       -0.0000227394       -0.0000230898        0.0082806105
       -0.0000000296       -0.0000271297       -0.0008381448
       -0.0000040845       -0.0000106647       -0.0000129995
       -0.0000066248       -0.0000090893       -0.0046166596
        0.0000011403       -0.0007068996        0.0344903992
        0.0000065904       -0.0000090998       -0.0046166394
        0.0000040507       -0.0000106795       -0.0000129745
       -0.0000000097        0.0000019702       -0.0011330295
       -0.0000000347        0.0000826253       -0.0000166148
       -0.0000000247       -0.0000136899       -0.0000452047
       -0.0000000296       -0.0001392297        0.0003707552
        0.0001860298       -0.0010610498        0.0000011050
       -0.0037454851       -0.0044876799        0.0000047501
       -0.0186420152        0.0187363202       -0.0000287804
       -0.2798006398        0.1186265649       -0.0004797701
        0.0052787601       -0.0025241800       -0.0000171050
        0.0019195801       -0.0006904551        0.0000237151
        0.0000063400        0.0000787401        0.0000018201
       -0.0011032850        0.0009049654       -0.0000070997
        0.0010735999       -0.0005360599        0.0000065904
        0.2939681599       -0.1295323551        0.0005925102
        0.0008244652        0.0006800499        0.0000112652
        0.0001202901       -0.0001984552        0.0000040501
        0.0000430452       -0.0000405700        0.0000566897
       -0.0000134798        0.0000416097        0.0000424748
       -0.0001144500        0.0000349348       -0.0002353599
       -0.0010611299       -0.0010391548       -0.0000006298
       -0.0039611149       -0.0010698648       -0.0000247249
       -0.0163338149        0.0146392952        0.0000031750
        0.1186267002       -0.1428541049        0.0002666150
        0.0325474753       -0.0092810600        0.0000229801
       -0.0012170048       -0.0067350550        0.0000081852
        0.0000787603        0.0000971451       -0.0000009797
       -0.0009048949        0.0005281154       -0.0000087951
        0.0008237652        0.0009074253       -0.0000090998
       -0.1295323551        0.1443897997       -0.0003517900
       -0.0006799547        0.0011566203       -0.0000010999
        0.0016112952       -0.0006954352        0.0000106351
       -0.0000406297       -0.0000038548       -0.0000327401
        0.0000415753        0.0000345099       -0.0000245450
        0.0000349803       -0.0000741647        0.0001359450
        0.0000233652       -0.0000139246       -0.0008381397
        0.0000306551        0.0000080152        0.0082806451
        0.0000256099        0.0001010952        0.0044056551
       -0.0007253198        0.0004066200       -0.0489405696
       -0.0000751095       -0.0000723148        0.0044056304
        0.0000087152       -0.0000310197        0.0082806201
       -0.0000017397        0.0000010201       -0.0011329448
        0.0000071105       -0.0000087846       -0.0000129998
        0.0000046452       -0.0000101247       -0.0046166394
        0.0005925102       -0.0003517900        0.0344904095
        0.0000112556        0.0000011005       -0.0046165945
        0.0000112703       -0.0000017798       -0.0000130348
       -0.0000715798        0.0000413402       -0.0000166349
        0.0000118155       -0.0000068550       -0.0000452047
        0.0001205501       -0.0000696051        0.0003707549
       -0.0037455197        0.0044875407        0.0000047154
        0.0001859902        0.0010610455        0.0000011156
        0.0019195602        0.0006903605        0.0000237054
        0.0052787806        0.0025229801       -0.0000171397
       -0.2798006642       -0.1185925146       -0.0004797747
       -0.0186420445       -0.0187371646       -0.0000287750
       -0.0011032694       -0.0009048546       -0.0000070995
        0.0000063054       -0.0000787145        0.0000017954
        0.0001202756        0.0001984955        0.0000040507
        0.0008244652       -0.0006799547        0.0000112556
        0.2939681792        0.1295655704        0.0005924653
        0.0010736005        0.0005361252        0.0000065504
        0.0000430356        0.0000406155        0.0000566453
       -0.0000134898       -0.0000415798        0.0000424802
       -0.0001144446       -0.0000349496       -0.0002353846
        0.0039609003       -0.0010698898        0.0000247255
        0.0010610501       -0.0010391096        0.0000006554
        0.0012169849       -0.0067350598       -0.0000081801
       -0.0325474699       -0.0092810549       -0.0000235099
       -0.1185945547       -0.1428541199       -0.0002731898
        0.0163321704        0.0146393151       -0.0000033299
        0.0009049205        0.0005281100        0.0000088002
       -0.0000787097        0.0000971505        0.0000010203
       -0.0016112648       -0.0006954446       -0.0000106795
        0.0006800499        0.0011566203        0.0000011005
        0.1295655704        0.1443897895        0.0003453803
       -0.0008235349        0.0009074751        0.0000090853
        0.0000405504       -0.0000038796        0.0000326699
       -0.0000415898        0.0000345301        0.0000244953
       -0.0000349249       -0.0000741497       -0.0001358796
        0.0000306900       -0.0000082596        0.0082806352
        0.0000233703        0.0000138752       -0.0008381147
        0.0000086501        0.0000308805        0.0082806102
       -0.0000750950        0.0000722099        0.0044056051
       -0.0007253294       -0.0004134097       -0.0489405346
        0.0000256003       -0.0001014197        0.0044056600
        0.0000072055        0.0000087704       -0.0000129646
       -0.0000017798       -0.0000009996       -0.0011329698
        0.0000112701        0.0000017903       -0.0000129745
        0.0000112652       -0.0000010999       -0.0046165945
        0.0005924653        0.0003453803        0.0344904095
        0.0000046501        0.0000100999       -0.0046166147
       -0.0000715798       -0.0000413246       -0.0000166099
        0.0000118402        0.0000068198       -0.0000451848
        0.0001205152        0.0000695303        0.0003707703
        0.0073593949       -0.0313454399       -0.0000113747
       -0.0053972147       -0.0030072749       -0.0000188447
       -0.0016517251       -0.0000000045       -0.0000000048
       -0.0053971849        0.0030072601        0.0000188902
        0.0073594606        0.0313451551        0.0000108952
       -0.0743918798       -0.0000179398        0.0000008399
        0.0010736053        0.0008237853       -0.0000045799
        0.0001202403       -0.0016112693       -0.0000112448
        0.0001426400        0.0000000452       -0.0000000097
        0.0001202901        0.0016112952        0.0000112703
        0.0010736005       -0.0008235349        0.0000046501
        0.0696111596       -0.0000151249        0.0000011505
       -0.0000272945        0.0000000401       -0.0000000350
        0.0000585803        0.0000000000       -0.0000000099
       -0.0000539200       -0.0000000199        0.0000000202
        0.0037247901       -0.0113620800       -0.0000262497
       -0.0035340202        0.0005818652        0.0000167051
       -0.0000000202        0.0007986452        0.0000012699
        0.0035339048        0.0005818549        0.0000167401
       -0.0037256848       -0.0113620700       -0.0000262349
       -0.0000161151       -0.3482852102       -0.0005496000
       -0.0005360698        0.0009074651        0.0000101451
        0.0001984952       -0.0006953999       -0.0000017749
       -0.0000000151       -0.0000391549        0.0000019702
       -0.0001984552       -0.0006954352       -0.0000017798
        0.0005361252        0.0009074751        0.0000100999
       -0.0000151249        0.3687679799        0.0006741999
       -0.0000000097        0.0000664400        0.0000654001
        0.0000000048       -0.0000375252        0.0000490252
        0.0000000102       -0.0001346550       -0.0002717948
        0.0001001001       -0.0000287349        0.0044055952
        0.0000225052        0.0000226100        0.0082806503
       -0.0000000898        0.0000270953       -0.0008381102
       -0.0000227146        0.0000226149        0.0082806253
       -0.0001001197       -0.0000287147        0.0044055903
        0.0000015302       -0.0008329050       -0.0489404349
       -0.0000065896        0.0000091103       -0.0046165948
       -0.0000040995        0.0000106155       -0.0000130350
        0.0000000051       -0.0000019898       -0.0011330295
        0.0000040501        0.0000106351       -0.0000130348
        0.0000065504        0.0000090853       -0.0046166147
        0.0000011505        0.0006741999        0.0344903896
       -0.0000000247       -0.0000826296       -0.0000166099
        0.0000000003        0.0000136350       -0.0000451999
       -0.0000000500        0.0001391351        0.0003707652
       -0.0000044699        0.0000946304        0.0000969655
       -0.0000045196       -0.0000947199        0.0000970155
        0.0001594603       -0.0000000597       -0.0000000398
       -0.0000044895        0.0000946702       -0.0000970746
       -0.0000044895       -0.0000947347       -0.0000970397
        0.0001595154       -0.0000000350       -0.0000000398
        0.0000430205       -0.0000406297        0.0000715752
        0.0000430154        0.0000405805        0.0000715505
       -0.0000272797       -0.0000000347       -0.0000000347
        0.0000430452       -0.0000406297       -0.0000715798
        0.0000430356        0.0000405504       -0.0000715798
       -0.0000272945       -0.0000000097       -0.0000000247
        0.0590697493        0.0000055854       -0.0000586897
       -0.0777222246        0.0000045151       -0.0000591348
        0.0182337155       -0.0000005048        0.0000000901
        0.0000946798        0.0001048551       -0.0000560047
       -0.0000947199        0.0001048753        0.0000560652
       -0.0000000449       -0.0000591149        0.0001120398
        0.0000947000        0.0001048451        0.0000560300
       -0.0000946847        0.0001048653       -0.0000559896
        0.0000000401       -0.0000591101       -0.0001120151
       -0.0000405245       -0.0000038446       -0.0000412800
        0.0000405953       -0.0000038347        0.0000413252
        0.0000000449        0.0000664701        0.0000826253
       -0.0000405700       -0.0000038548        0.0000413402
        0.0000406155       -0.0000038796       -0.0000413246
        0.0000000401        0.0000664400       -0.0000826296
        0.0000055854        0.0590696897       -0.0000586650
        0.0000045850       -0.0777221902       -0.0000591197
       -0.0000004448        0.0182337553        0.0000001552
        0.0003663050       -0.0002115851       -0.0002364249
        0.0003663101        0.0002115249       -0.0002363601
       -0.0000000654        0.0004229798       -0.0002363802
       -0.0003663948        0.0002115098       -0.0002364098
       -0.0003664047       -0.0002115348       -0.0002364152
       -0.0000000449       -0.0004230850       -0.0002364251
       -0.0000566948        0.0000326850       -0.0000165750
       -0.0000567150       -0.0000327398       -0.0000166298
       -0.0000000099       -0.0000654748       -0.0000166148
        0.0000566897       -0.0000327401       -0.0000166349
        0.0000566453        0.0000326699       -0.0000166099
       -0.0000000350        0.0000654001       -0.0000166099
       -0.0000586897       -0.0000586650        1.2398763999
       -0.0000576247       -0.0000576853       -1.2539959903
       -0.0000000401       -0.0000001103        0.0156373201
        0.0000220652       -0.0005428149       -0.0012131596
        0.0000220501        0.0005427751       -0.0012131198
       -0.0009181699       -0.0000000196        0.0000000398
        0.0000220703       -0.0005428450        0.0012132253
        0.0000220655        0.0005427853        0.0012132301
       -0.0009181795       -0.0000000301        0.0000000301
       -0.0000134347        0.0000415750       -0.0000117547
       -0.0000134597       -0.0000415594       -0.0000118249
        0.0000585854        0.0000000102       -0.0000000247
       -0.0000134798        0.0000415753        0.0000118155
       -0.0000134898       -0.0000415898        0.0000118402
        0.0000585803        0.0000000048        0.0000000003
       -0.0777222246        0.0000045850       -0.0000576247
        0.1221315296        0.0000048948       -0.0000795151
       -0.0427243549        0.0000010803       -0.0000176951
       -0.0005428552       -0.0006047500        0.0007004050
        0.0005427648       -0.0006047401       -0.0007004351
       -0.0000000603        0.0003353750       -0.0014007753
       -0.0005428601       -0.0006047503       -0.0007003950
        0.0005427501       -0.0006047298        0.0007004400
       -0.0000000452        0.0003353898        0.0014008097
        0.0000415952        0.0000345401        0.0000068448
       -0.0000416151        0.0000345150       -0.0000068550
       -0.0000000051       -0.0000375201       -0.0000136899
        0.0000416097        0.0000345099       -0.0000068550
       -0.0000415798        0.0000345301        0.0000068198
        0.0000000000       -0.0000375252        0.0000136350
        0.0000045151       -0.0777221902       -0.0000576853
        0.0000048948        0.1221315802       -0.0000795453
        0.0000011300       -0.0427244453       -0.0000177050
        0.0000941750       -0.0000544199       -0.0003695598
        0.0000941549        0.0000543949       -0.0003695749
       -0.0000000651        0.0001087852       -0.0003695351
       -0.0000942549        0.0000543650       -0.0003696249
       -0.0000942498       -0.0000544100       -0.0003696150
       -0.0000000048       -0.0001087801       -0.0003695848
       -0.0000424598        0.0000245251       -0.0000451797
       -0.0000425149       -0.0000245348       -0.0000452201
        0.0000000099       -0.0000490448       -0.0000452047
        0.0000424748       -0.0000245450       -0.0000452047
        0.0000424802        0.0000244953       -0.0000451848
       -0.0000000099        0.0000490252       -0.0000451999
       -0.0000591348       -0.0000591197       -1.2539959903
       -0.0000795151       -0.0000795453        1.6713192298
       -0.0000201649       -0.0000202351       -0.4148344999
       -0.0003194299        0.0007014350       -0.0000132047
       -0.0003194498       -0.0007013600       -0.0000132047
        0.0008955951        0.0000000054        0.0000000051
       -0.0003194296        0.0007014299        0.0000132303
       -0.0003194347       -0.0007013296        0.0000132252
        0.0008955951        0.0000000000        0.0000000603
       -0.0001144446        0.0000349704       -0.0001204697
       -0.0001144650       -0.0000349249       -0.0001205149
       -0.0000538998       -0.0000000048       -0.0000000296
       -0.0001144500        0.0000349803        0.0001205501
       -0.0001144446       -0.0000349249        0.0001205152
       -0.0000539200        0.0000000102       -0.0000000500
        0.0182337155       -0.0000004448       -0.0000000401
       -0.0427243549        0.0000011300       -0.0000201649
        0.0245428896        0.0000019753       -0.0000187947
        0.0007013850        0.0004905053        0.0000075752
       -0.0007015248        0.0004905101       -0.0000076699
        0.0000000000       -0.0007244000       -0.0000152500
        0.0007014199        0.0004905050       -0.0000076599
       -0.0007014899        0.0004905053        0.0000075951
        0.0000000151       -0.0007243901        0.0000151752
        0.0000349453       -0.0000741298        0.0000695752
       -0.0000349797       -0.0000741397       -0.0000696349
       -0.0000000401       -0.0001346550       -0.0001392297
        0.0000349348       -0.0000741647       -0.0000696051
       -0.0000349496       -0.0000741497        0.0000695303
       -0.0000000199       -0.0001346550        0.0001391351
       -0.0000005048        0.0182337553       -0.0000001103
        0.0000010803       -0.0427244453       -0.0000202351
        0.0000019753        0.0245429698       -0.0000188450
       -0.0008576600        0.0004952653       -0.0013543999
       -0.0008576700       -0.0004952000       -0.0013543951
       -0.0000000250       -0.0009903198       -0.0013544002
        0.0008578351       -0.0004952400       -0.0013543698
        0.0008578053        0.0004952952       -0.0013543848
       -0.0000000099        0.0009905051       -0.0013544201
        0.0002354602       -0.0001358998        0.0003707751
        0.0002354452        0.0001359405        0.0003707200
        0.0000000401        0.0002718701        0.0003707552
       -0.0002353599        0.0001359450        0.0003707549
       -0.0002353846       -0.0001358796        0.0003707703
        0.0000000202       -0.0002717948        0.0003707652
        0.0000000901        0.0000001552        0.0156373201
       -0.0000176951       -0.0000177050       -0.4148344999
       -0.0000187947       -0.0000188450        0.4050998598
