   18   54
        0.1408056801       -0.0000166401       -0.0000151249
       -0.0567922649       -0.0000110754        0.0000022050
       -0.0542996304       -0.0000020000       -0.0000088903
       -0.0542994951       -0.0000019449       -0.0000085552
       -0.0009250749        0.0000009300       -0.0000001299
       -0.0009247904        0.0000005400        0.0000001802
       -0.0000857705        0.0000001202        0.0000006699
       -0.0000858500        0.0000001000        0.0000004999
        0.0008807649        0.0000000901       -0.0000000449
        0.0008807950        0.0000001052       -0.0000001251
       -0.0020208103        0.0000002049        0.0000004698
       -0.0020214301        0.0000004249        0.0000003547
        0.0059367750       -0.0000004650       -0.0000002402
        0.0059369597        0.0000011147       -0.0000000699
        0.0098685300        0.0000001796       -0.0000002350
        0.0098685052        0.0000004849        0.0000002902
       -0.0012600702        0.0000005352       -0.0000001549
       -0.0012601254        0.0000000651       -0.0000002052
       -0.0000166401        0.6456779499        0.0000170800
       -0.0000111851       -0.2771516600       -0.0000105251
       -0.0000031002       -0.1647809350        0.0740296500
       -0.0000030653       -0.1647810296       -0.0740009551
       -0.0000004746       -0.0209145298       -0.0352438596
       -0.0000000603       -0.0209148101        0.0352455453
       -0.0000000452        0.0352447802        0.0001320001
        0.0000001498        0.0352447549       -0.0001334951
       -0.0000008450       -0.0123018950        0.0269534451
       -0.0000005949       -0.0123022647       -0.0269541400
        0.0000006747       -0.0205211597       -0.0128222203
        0.0000001350       -0.0205208698        0.0128224949
       -0.0000001748        0.0010401402       -0.0018375499
       -0.0000006250        0.0010407649        0.0018364000
       -0.0000004050       -0.0015174652        0.0038732901
       -0.0000001549       -0.0015174152       -0.0038731250
        0.0000000847       -0.0005093750       -0.0010611149
       -0.0000000702       -0.0005098602        0.0010611998
       -0.0000151249        0.0000170800        0.6857467400
        0.0000005949       -0.0000112104       -0.1213304699
       -0.0000075252        0.0975431200       -0.2367051650
       -0.0000079402       -0.0975161501       -0.2367048651
        0.0000002603       -0.0293509001        0.0218119604
       -0.0000001000        0.0293517147        0.0218120002
       -0.0000001802        0.0171887802       -0.0526328398
       -0.0000010650       -0.0171914499       -0.0526328802
       -0.0000005002       -0.0034392846        0.0034656151
       -0.0000000298        0.0034390550        0.0034654400
        0.0000008001       -0.0243715448       -0.0103751302
        0.0000002197        0.0243702848       -0.0103751051
        0.0000000151       -0.0028381899       -0.0045646652
       -0.0000000603        0.0028395900       -0.0045651601
       -0.0000007702        0.0035393748       -0.0031606100
       -0.0000002700       -0.0035386154       -0.0031606348
       -0.0000000051       -0.0014259402       -0.0000516502
       -0.0000001000        0.0014263102       -0.0000514950
       -0.0567922649       -0.0000111851        0.0000005949
        0.1408058000       -0.0000167051       -0.0000147398
       -0.0009248302        0.0000006651       -0.0000005701
       -0.0009247901        0.0000005753       -0.0000002603
       -0.0542998347       -0.0000016900       -0.0000084501
       -0.0542994951       -0.0000017351       -0.0000083747
       -0.0020210103        0.0000003200        0.0000003749
       -0.0020214100        0.0000002899        0.0000001350
        0.0059366948        0.0000005551       -0.0000001799
        0.0059369199        0.0000000352       -0.0000001199
       -0.0000857750       -0.0000001751        0.0000004698
       -0.0000857651        0.0000000648        0.0000003499
        0.0008806751        0.0000005349       -0.0000004152
        0.0008805998        0.0000012898       -0.0000004951
       -0.0012602501        0.0000001799        0.0000000099
       -0.0012603900        0.0000002700        0.0000000952
        0.0098684296        0.0000003200       -0.0000001401
        0.0098683549       -0.0000001000        0.0000002399
       -0.0000110754       -0.2771516600       -0.0000112104
       -0.0000167051        0.6456778601        0.0000176601
       -0.0000002154       -0.0209146850        0.0352451698
        0.0000000250       -0.0209148200       -0.0352438300
       -0.0000033450       -0.1647807349       -0.0740007749
       -0.0000029701       -0.1647808853        0.0740301448
        0.0000005048       -0.0205209147        0.0128225449
       -0.0000005650       -0.0205209048       -0.0128221600
       -0.0000001450        0.0010402999        0.0018370298
       -0.0000004252        0.0010397753       -0.0018370400
        0.0000005747        0.0352449251       -0.0001333453
       -0.0000000551        0.0352452150        0.0001320348
       -0.0000009899       -0.0123017952       -0.0269541053
       -0.0000004403       -0.0123012052        0.0269533749
       -0.0000002203       -0.0005093503        0.0010612149
       -0.0000000199       -0.0005092551       -0.0010608750
       -0.0000002601       -0.0015173850       -0.0038733251
        0.0000000298       -0.0015176801        0.0038733901
        0.0000022050       -0.0000105251       -0.1213304699
       -0.0000147398        0.0000176601        0.6857457299
        0.0000002646        0.0293522251        0.0218121500
        0.0000009700       -0.0293505849        0.0218124498
       -0.0000076949       -0.0975154248       -0.2367043749
       -0.0000074152        0.0975436299       -0.2367042600
        0.0000011497        0.0243709800       -0.0103746152
        0.0000001700       -0.0243709249       -0.0103746751
        0.0000004800        0.0028397702       -0.0045639149
        0.0000005249       -0.0028379799       -0.0045639649
        0.0000011798       -0.0171913948       -0.0526323151
        0.0000006102        0.0171892651       -0.0526322250
        0.0000005053        0.0034400452        0.0034661147
        0.0000005048       -0.0034381750        0.0034660499
        0.0000004297        0.0014272197       -0.0000510948
        0.0000003951       -0.0014255303       -0.0000509948
       -0.0000001853       -0.0035380648       -0.0031602750
        0.0000002950        0.0035393251       -0.0031600999
       -0.0542996304       -0.0000031002       -0.0000075252
       -0.0009248302       -0.0000002154        0.0000002646
        0.1189548004       -0.0000235900       -0.0000185554
        0.0001323545       -0.0000000051       -0.0000005855
        0.0011538449        0.0000006898        0.0000000048
        0.0060912996       -0.0000001603       -0.0000002052
        0.0063922548       -0.0000002100       -0.0000002052
       -0.0472517354       -0.0000031602       -0.0000098902
       -0.0327468601       -0.0000157502        0.0000009899
       -0.0024520051       -0.0000002152       -0.0000002302
       -0.0010302105       -0.0000003851       -0.0000001054
        0.0004371196        0.0000000350        0.0000005446
       -0.0013145851        0.0000003749       -0.0000002956
        0.0001088395        0.0000009598       -0.0000005355
        0.0003823897       -0.0000000955       -0.0000000554
        0.0011517599        0.0000001594        0.0000000600
       -0.0009487354        0.0000002248       -0.0000005252
        0.0062837896       -0.0000001702        0.0000000850
       -0.0000020000       -0.1647809350        0.0975431200
        0.0000006651       -0.0209146850        0.0293522251
       -0.0000235900        0.7294525699        0.0482446001
        0.0000001350        0.0149987503       -0.0108418701
        0.0000004653        0.0003947500       -0.0021676149
        0.0000002350       -0.0051633651       -0.0016098898
        0.0000003996       -0.0007093547       -0.0071094948
       -0.0000019850       -0.1881028498       -0.1399702302
       -0.0000181350       -0.3393618448        0.0001080852
       -0.0000000199        0.0009695350       -0.0015759051
        0.0000005400       -0.0028598899       -0.0001762703
        0.0000007350       -0.0297244000       -0.0295627200
       -0.0000001296        0.0008460600       -0.0000223102
       -0.0000002802       -0.0007405600        0.0015736552
       -0.0000001600        0.0007200450       -0.0012728552
       -0.0000002450        0.0108769848        0.0168397202
        0.0000000998        0.0001135950        0.0000750552
       -0.0000001450       -0.0060108198        0.0006020301
       -0.0000088903        0.0740296500       -0.2367051650
       -0.0000005701        0.0352451698        0.0218121500
       -0.0000185554        0.0482446001        0.6791021701
       -0.0000008401        0.0108395051       -0.0540097403
       -0.0000004050        0.0021671300       -0.0375024649
       -0.0000005252       -0.0016102604       -0.0064088502
       -0.0000001103       -0.0160805749        0.0074679448
       -0.0000111001       -0.0957098652       -0.3259026701
        0.0000013497       -0.0012480200       -0.0571225550
       -0.0000002601        0.0011992552        0.0015813001
       -0.0000000352        0.0102944799        0.0037448498
       -0.0000007302       -0.0526167202        0.0210198399
       -0.0000002649        0.0000169649       -0.0016250252
       -0.0000004451       -0.0004581904        0.0002001201
       -0.0000003101        0.0000579348       -0.0003758052
       -0.0000005400       -0.0161846754       -0.0172346799
       -0.0000004204        0.0006281400        0.0002105000
       -0.0000004101        0.0012111749        0.0017381899
       -0.0542994951       -0.0000030653       -0.0000079402
       -0.0009247901        0.0000000250        0.0000009700
        0.0001323545        0.0000001350       -0.0000008401
        0.1189543900       -0.0000232748       -0.0000180503
        0.0060910452        0.0000000199        0.0000000099
        0.0011542997        0.0000007498        0.0000002902
       -0.0472510601       -0.0000027549       -0.0000097401
        0.0063920299        0.0000000799       -0.0000001501
       -0.0024518550        0.0000003652       -0.0000002549
       -0.0327466350       -0.0000156598        0.0000009450
        0.0004380297       -0.0000002100        0.0000006247
       -0.0010310401        0.0000000799        0.0000000949
        0.0001091649        0.0000004701       -0.0000001052
       -0.0013144205        0.0000012750       -0.0000000153
        0.0011520498        0.0000000946        0.0000003399
        0.0003826298        0.0000002549        0.0000002652
        0.0062841795        0.0000001302       -0.0000000401
       -0.0009492052       -0.0000003448        0.0000000449
       -0.0000019449       -0.1647810296       -0.0975161501
        0.0000005753       -0.0209148200       -0.0293505849
       -0.0000000051        0.0149987503        0.0108395051
       -0.0000232748        0.7294525597       -0.0482149099
       -0.0000000645       -0.0051629451        0.0016094953
        0.0000007199        0.0003946198        0.0021672352
       -0.0000015550       -0.1881026745        0.1400080203
       -0.0000001697       -0.0007093749        0.0071091051
        0.0000000949        0.0009700253        0.0015761452
       -0.0000181549       -0.3393622146       -0.0001440600
        0.0000012750       -0.0297245347        0.0295636650
        0.0000001052       -0.0028597447        0.0001761848
       -0.0000000597       -0.0007412595       -0.0015740500
        0.0000000250        0.0008467103        0.0000220052
       -0.0000000651        0.0108772949       -0.0168398302
       -0.0000000048        0.0007200350        0.0012732954
        0.0000000898       -0.0060103199       -0.0006017399
       -0.0000000301        0.0001131204       -0.0000748500
       -0.0000085552       -0.0740009551       -0.2367048651
       -0.0000002603       -0.0352438300        0.0218124498
       -0.0000005855       -0.0108418701       -0.0540097403
       -0.0000180503       -0.0482149099        0.6791014602
       -0.0000003499        0.0016097198       -0.0064085998
        0.0000002098       -0.0021676001       -0.0375021250
       -0.0000104453        0.0957488751       -0.3259022500
        0.0000001097        0.0160771751        0.0074680747
        0.0000000401       -0.0011990150        0.0015817599
        0.0000016249        0.0012154402       -0.0571223200
        0.0000005446        0.0526179150        0.0210202248
       -0.0000002902       -0.0102978200        0.0037455547
       -0.0000000898        0.0004592499        0.0002006698
        0.0000000847       -0.0000160503       -0.0016246599
       -0.0000002751        0.0161837647       -0.0172342502
       -0.0000000051       -0.0000577853       -0.0003752950
        0.0000000048       -0.0012115203        0.0017384900
        0.0000000696       -0.0006283750        0.0002112048
       -0.0009250749       -0.0000004746        0.0000002603
       -0.0542998347       -0.0000033450       -0.0000076949
        0.0011538449        0.0000004653       -0.0000004050
        0.0060910452       -0.0000000645       -0.0000003499
        0.1189549795       -0.0000233348       -0.0000182746
        0.0001320950       -0.0000002200       -0.0000006898
       -0.0010306351       -0.0000001245       -0.0000001896
        0.0004370852       -0.0000003348        0.0000003052
       -0.0013147749       -0.0000002296       -0.0000001597
        0.0001087602       -0.0000007998       -0.0000003448
        0.0063923198       -0.0000004798       -0.0000004050
       -0.0472519298       -0.0000031946       -0.0000099999
       -0.0327470843       -0.0000159596        0.0000007603
       -0.0024522149        0.0000008052       -0.0000006651
       -0.0009492550        0.0000001853       -0.0000000648
        0.0062837003       -0.0000001450       -0.0000001245
        0.0003822848        0.0000000952       -0.0000003496
        0.0011515351       -0.0000001995        0.0000000352
        0.0000009300       -0.0209145298       -0.0293509001
       -0.0000016900       -0.1647807349       -0.0975154248
        0.0000006898        0.0003947500        0.0021671300
        0.0000000199       -0.0051629451        0.0016097198
       -0.0000233348        0.7294521498       -0.0482144799
        0.0000000398        0.0149989251        0.0108401153
        0.0000007549       -0.0028594945        0.0001763701
        0.0000010252       -0.0297244350        0.0295637150
        0.0000003399        0.0008460603        0.0000226251
        0.0000002703       -0.0007414297       -0.0015737649
        0.0000008248       -0.0007094852        0.0071094499
       -0.0000018150       -0.1881023499        0.1400083548
       -0.0000181046       -0.3393617848       -0.0001437652
        0.0000001148        0.0009708953        0.0015761600
        0.0000002598        0.0001136897       -0.0000748150
        0.0000002851       -0.0060102801       -0.0006013147
        0.0000003897        0.0007203099        0.0012732602
        0.0000001998        0.0108769200       -0.0168395900
       -0.0000001299       -0.0352438596        0.0218119604
       -0.0000084501       -0.0740007749       -0.2367043749
        0.0000000048       -0.0021676149       -0.0375024649
        0.0000000099        0.0016094953       -0.0064085998
       -0.0000182746       -0.0482144799        0.6791013396
       -0.0000001751       -0.0108417899       -0.0540096548
        0.0000001350       -0.0102977998        0.0037458102
       -0.0000001549        0.0526181401        0.0210202901
        0.0000000750       -0.0000165747       -0.0016245497
       -0.0000000199        0.0004588452        0.0002005504
        0.0000005400        0.0160769451        0.0074681398
       -0.0000107249        0.0957489951       -0.3259021298
        0.0000017153        0.0012158753       -0.0571222651
       -0.0000000250       -0.0011983647        0.0015815752
       -0.0000000801       -0.0006277048        0.0002112651
        0.0000000853       -0.0012115601        0.0017386054
        0.0000000847       -0.0000576000       -0.0003754246
       -0.0000002049        0.0161832904       -0.0172341899
       -0.0009247904       -0.0000000603       -0.0000001000
       -0.0542994951       -0.0000029701       -0.0000074152
        0.0060912996        0.0000002350       -0.0000005252
        0.0011542997        0.0000007199        0.0000002098
        0.0001320950        0.0000000398       -0.0000001751
        0.1189545202       -0.0000231904       -0.0000179051
        0.0004375747       -0.0000001450        0.0000005551
       -0.0010310350       -0.0000001052        0.0000002100
        0.0001088799        0.0000004601        0.0000000350
       -0.0013146700        0.0000000551        0.0000000199
       -0.0472509853       -0.0000031352       -0.0000097404
        0.0063919299        0.0000000600       -0.0000000401
       -0.0024517900       -0.0000005952       -0.0000003953
       -0.0327468354       -0.0000151104        0.0000008947
        0.0062839797        0.0000004147        0.0000001847
       -0.0009489850        0.0000002495        0.0000001251
        0.0011519046        0.0000003448       -0.0000000253
        0.0003824746       -0.0000001302       -0.0000000901
        0.0000005400       -0.0209148101        0.0293517147
       -0.0000017351       -0.1647808853        0.0975436299
       -0.0000001603       -0.0051633651       -0.0016102604
        0.0000007498        0.0003946198       -0.0021676001
       -0.0000002200        0.0149989251       -0.0108417899
       -0.0000231904        0.7294525602        0.0482449249
        0.0000011846       -0.0297243548       -0.0295627152
       -0.0000000102       -0.0028597552       -0.0001762254
        0.0000000747       -0.0007411799        0.0015740798
       -0.0000001600        0.0008456050       -0.0000223153
       -0.0000013353       -0.1881029800       -0.1399701404
       -0.0000000202       -0.0007091901       -0.0071098603
        0.0000000000        0.0009699301       -0.0015759403
       -0.0000182553       -0.3393610803        0.0001080349
        0.0000000298       -0.0060104452        0.0006020497
       -0.0000000301        0.0001133597        0.0000753349
       -0.0000001202        0.0108772500        0.0168394450
        0.0000000398        0.0007196400       -0.0012727301
        0.0000001802        0.0352455453        0.0218120002
       -0.0000083747        0.0740301448       -0.2367042600
       -0.0000002052       -0.0016098898       -0.0064088502
        0.0000002902        0.0021672352       -0.0375021250
       -0.0000006898        0.0108401153       -0.0540096548
       -0.0000179051        0.0482449249        0.6791013197
        0.0000001597       -0.0526163399        0.0210204851
       -0.0000000549        0.0102948852        0.0037456101
        0.0000000651       -0.0004583947        0.0002008301
        0.0000002001        0.0000170405       -0.0016245698
       -0.0000100499       -0.0957097350       -0.3259019951
       -0.0000002751       -0.0160799848        0.0074684249
        0.0000000404        0.0012001200        0.0015816897
        0.0000016948       -0.0012469451       -0.0571222250
        0.0000002149        0.0012121299        0.0017386802
        0.0000001151        0.0006286101        0.0002112202
       -0.0000002800       -0.0161842146       -0.0172345099
        0.0000000099        0.0000579303       -0.0003750949
       -0.0000857705       -0.0000000452       -0.0000001802
       -0.0020210103        0.0000005048        0.0000011497
        0.0063922548        0.0000003996       -0.0000001103
       -0.0472510601       -0.0000015550       -0.0000104453
       -0.0010306351        0.0000007549        0.0000001350
        0.0004375747        0.0000011846        0.0000001597
        0.1179823903       -0.0000170752       -0.0000230301
        0.0003555999        0.0000003701        0.0000004496
       -0.0002503305        0.0000007850        0.0000003399
        0.0016443397        0.0000005898        0.0000002498
       -0.0511739154       -0.0000103603        0.0000013347
       -0.0000280102        0.0000006000        0.0000002646
       -0.0000762748        0.0000002348       -0.0000000102
        0.0090974848        0.0000016249        0.0000002848
       -0.0336754601       -0.0000021754       -0.0000113553
       -0.0007397352        0.0000003149        0.0000005051
        0.0003608395        0.0000006750        0.0000004948
        0.0001684896        0.0000003701        0.0000005150
        0.0000001202        0.0352447802        0.0171887802
        0.0000003200       -0.0205209147        0.0243709800
       -0.0000002100       -0.0007093547       -0.0160805749
       -0.0000027549       -0.1881026745        0.0957488751
       -0.0000001245       -0.0028594945       -0.0102977998
       -0.0000001450       -0.0297243548       -0.0526163399
       -0.0000170752        0.6527169995        0.0091793254
       -0.0000000298        0.0102180553        0.0047306403
        0.0000002353        0.0001991904       -0.0007360097
       -0.0000003197       -0.0104739846        0.0281870402
       -0.0000100948       -0.3007752147        0.0233707550
       -0.0000001097       -0.0085651996        0.0054542650
        0.0000000404        0.0000498852       -0.0003207049
       -0.0000002549        0.0004795652       -0.0025071100
       -0.0000027799       -0.1278169148       -0.1221443398
       -0.0000000799        0.0002346448       -0.0001805097
        0.0000001847       -0.0091822949       -0.0035916949
       -0.0000000347       -0.0004102048        0.0002896601
        0.0000006699        0.0001320001       -0.0526328398
        0.0000003749        0.0128225449       -0.0103746152
       -0.0000002052       -0.0071094948        0.0074679448
       -0.0000097401        0.1400080203       -0.3259022500
       -0.0000001896        0.0001763701        0.0037458102
        0.0000005551       -0.0295627152        0.0210204851
       -0.0000230301        0.0091793254        0.7538787298
        0.0000001802       -0.0047315399       -0.0053135599
       -0.0000000901        0.0001437652        0.0001896001
       -0.0000001299       -0.0046737247        0.0043264851
        0.0000016101       -0.0233983300       -0.1198214002
       -0.0000002447        0.0054542502       -0.0017901402
        0.0000000202        0.0001212450        0.0003610248
       -0.0000000551       -0.0031540549       -0.0046533302
       -0.0000135202       -0.1234643949       -0.2736768451
       -0.0000001899       -0.0004119653       -0.0005309849
       -0.0000002049        0.0282882900        0.0036830451
       -0.0000001401        0.0002254501        0.0000212501
       -0.0000858500        0.0000001498       -0.0000010650
       -0.0020214100       -0.0000005650        0.0000001700
       -0.0472517354       -0.0000019850       -0.0000111001
        0.0063920299       -0.0000001697        0.0000001097
        0.0004370852        0.0000010252       -0.0000001549
       -0.0010310350       -0.0000000102       -0.0000000549
        0.0003555999       -0.0000000298        0.0000001802
        0.1179831798       -0.0000175351       -0.0000232851
        0.0016439751        0.0000006352       -0.0000006750
       -0.0002505149       -0.0000000597       -0.0000003899
       -0.0000276901       -0.0000001100        0.0000000048
       -0.0511748300       -0.0000106300        0.0000009848
        0.0090970153        0.0000000301        0.0000000099
       -0.0000766249        0.0000009251       -0.0000002248
       -0.0007396400        0.0000003448        0.0000001697
       -0.0336759049       -0.0000030101       -0.0000114449
        0.0001683898        0.0000003101       -0.0000001401
        0.0003602997       -0.0000001299        0.0000003450
        0.0000001000        0.0352447549       -0.0171914499
        0.0000002899       -0.0205209048       -0.0243709249
       -0.0000031602       -0.1881028498       -0.0957098652
        0.0000000799       -0.0007093749        0.0160771751
       -0.0000003348       -0.0297244350        0.0526181401
       -0.0000001052       -0.0028597552        0.0102948852
        0.0000003701        0.0102180553       -0.0047315399
       -0.0000175351        0.6527170399       -0.0091320550
       -0.0000004249       -0.0104734397       -0.0281869447
        0.0000000600        0.0001987652        0.0007360751
        0.0000005900       -0.0085654398       -0.0054547650
       -0.0000105598       -0.3007749899       -0.0233981902
       -0.0000002098        0.0004788100        0.0025070099
        0.0000000298        0.0000507049        0.0003207899
       -0.0000000853        0.0002346997        0.0001808698
       -0.0000029698       -0.1278169850        0.1221783953
       -0.0000000151       -0.0004098348       -0.0002893552
        0.0000000847       -0.0091828900        0.0035909349
        0.0000004999       -0.0001334951       -0.0526328802
        0.0000001350       -0.0128221600       -0.0103746751
       -0.0000098902       -0.1399702302       -0.3259026701
       -0.0000001501        0.0071091051        0.0074680747
        0.0000003052        0.0295637150        0.0210202901
        0.0000002100       -0.0001762254        0.0037456101
        0.0000004496        0.0047306403       -0.0053135599
       -0.0000232851       -0.0091320550        0.7538787901
       -0.0000000449        0.0046732700        0.0043267551
        0.0000000401       -0.0001432201        0.0001894500
        0.0000004448       -0.0054550949       -0.0017900501
        0.0000008498        0.0233708650       -0.1198213653
       -0.0000000199        0.0031555649       -0.0046533000
       -0.0000001253       -0.0001197000        0.0003609597
        0.0000000099        0.0004128097       -0.0005309704
       -0.0000136049        0.1234971347       -0.2736768948
        0.0000000696       -0.0002250550        0.0000210500
       -0.0000004252       -0.0282877352        0.0036830647
        0.0008807649       -0.0000008450       -0.0000005002
        0.0059366948       -0.0000001450        0.0000004800
       -0.0327468601       -0.0000181350        0.0000013497
       -0.0024518550        0.0000000949        0.0000000401
       -0.0013147749        0.0000003399        0.0000000750
        0.0001088799        0.0000000747        0.0000000651
       -0.0002503305        0.0000002353       -0.0000000901
        0.0016439751       -0.0000004249       -0.0000000449
        0.0241616300       -0.0000164499        0.0000013600
        0.0001932750       -0.0000005798       -0.0000003951
       -0.0000759903       -0.0000001148        0.0000000298
        0.0090968197       -0.0000000702       -0.0000000352
       -0.0011905800       -0.0000000699        0.0000000199
        0.0001931247        0.0000004451       -0.0000001151
        0.0001595296        0.0000000546       -0.0000000901
       -0.0045889152        0.0000003496        0.0000002453
        0.0000413650        0.0000004448        0.0000000298
        0.0002119199       -0.0000000847        0.0000002601
        0.0000000901       -0.0123018950       -0.0034392846
        0.0000005551        0.0010402999        0.0028397702
       -0.0000157502       -0.3393618448       -0.0012480200
        0.0000003652        0.0009700253       -0.0011990150
       -0.0000002296        0.0008460603       -0.0000165747
        0.0000004601       -0.0007411799       -0.0004583947
        0.0000007850        0.0001991904        0.0001437652
        0.0000006352       -0.0104734397        0.0046732700
       -0.0000164499        0.3588519496        0.0007393854
        0.0000004152        0.0003692904        0.0008747304
        0.0000009999        0.0000498903       -0.0001199649
        0.0000000151        0.0004789101       -0.0031547700
       -0.0000002046       -0.0001281447       -0.0000054851
        0.0000004351       -0.0001180447        0.0002390451
        0.0000004400        0.0000002399        0.0000495049
        0.0000003405        0.0009277201       -0.0002380546
       -0.0000000202        0.0000522053        0.0000385151
        0.0000004201       -0.0006514546        0.0002580552
       -0.0000000449        0.0269534451        0.0034656151
       -0.0000001799        0.0018370298       -0.0045639149
        0.0000009899        0.0001080852       -0.0571225550
       -0.0000002549        0.0015761452        0.0015817599
       -0.0000001597        0.0000226251       -0.0016245497
        0.0000000350        0.0015740798        0.0002008301
        0.0000003399       -0.0007360097        0.0001896001
       -0.0000006750       -0.0281869447        0.0043267551
        0.0000013600        0.0007393854        0.0571043398
        0.0000000750       -0.0008746548       -0.0001975448
        0.0000005747        0.0003208953        0.0003611498
       -0.0000003499       -0.0025067550       -0.0046531301
        0.0000000051        0.0000065154        0.0001851100
       -0.0000003402        0.0002404050       -0.0004189900
        0.0000001251       -0.0000162851       -0.0000195399
        0.0000000051        0.0004790749        0.0010863303
        0.0000001398       -0.0000628549       -0.0000205901
       -0.0000000301       -0.0015023750        0.0001191600
        0.0008807950       -0.0000005949       -0.0000000298
        0.0059369199       -0.0000004252        0.0000005249
       -0.0024520051       -0.0000000199       -0.0000002601
       -0.0327466350       -0.0000181549        0.0000016249
        0.0001087602        0.0000002703       -0.0000000199
       -0.0013146700       -0.0000001600        0.0000002001
        0.0016443397       -0.0000003197       -0.0000001299
       -0.0002505149        0.0000000600        0.0000000401
        0.0001932750        0.0000004152        0.0000000750
        0.0241615999       -0.0000169749        0.0000009351
        0.0090974697       -0.0000003499        0.0000000699
       -0.0000766650        0.0000001103       -0.0000001052
        0.0001930852        0.0000003951        0.0000000350
       -0.0011907301        0.0000007000       -0.0000000799
       -0.0045887600        0.0000004900        0.0000002049
        0.0001595401        0.0000003550       -0.0000001197
        0.0002119896        0.0000000503        0.0000000151
        0.0000413800       -0.0000001097       -0.0000000949
        0.0000001052       -0.0123022647        0.0034390550
        0.0000000352        0.0010397753       -0.0028379799
       -0.0000002152        0.0009695350        0.0011992552
       -0.0000156598       -0.3393622146        0.0012154402
       -0.0000007998       -0.0007414297        0.0004588452
        0.0000000551        0.0008456050        0.0000170405
        0.0000005898       -0.0104739846       -0.0046737247
       -0.0000000597        0.0001987652       -0.0001432201
       -0.0000005798        0.0003692904       -0.0008746548
       -0.0000169749        0.3588529296       -0.0007695948
        0.0000006250        0.0004783502        0.0031549951
       -0.0000001850        0.0000496553        0.0001205152
        0.0000000554       -0.0001192998       -0.0002391101
       -0.0000005599       -0.0001280299        0.0000057952
       -0.0000005352        0.0009273799        0.0002391801
       -0.0000000898       -0.0000002800       -0.0000490647
        0.0000000600       -0.0006518749       -0.0002573549
       -0.0000000799        0.0000513552       -0.0000379399
       -0.0000001251       -0.0269541400        0.0034654400
       -0.0000001199       -0.0018370400       -0.0045639649
       -0.0000002302       -0.0015759051        0.0015813001
        0.0000009450       -0.0001440600       -0.0571223200
       -0.0000003448       -0.0015737649        0.0002005504
        0.0000000199       -0.0000223153       -0.0016245698
        0.0000002498        0.0281870402        0.0043264851
       -0.0000003899        0.0007360751        0.0001894500
       -0.0000003951        0.0008747304       -0.0001975448
        0.0000009351       -0.0007695948        0.0571044899
        0.0000006949        0.0025069252       -0.0046531252
       -0.0000001398       -0.0003208001        0.0003610148
       -0.0000003197       -0.0002387449       -0.0004195800
       -0.0000001504       -0.0000053652        0.0001849000
        0.0000000449       -0.0004779201        0.0010864798
       -0.0000003899        0.0000166747       -0.0000196147
        0.0000000148        0.0015023102        0.0001188653
        0.0000000247        0.0000627952       -0.0000199202
       -0.0020208103        0.0000006747        0.0000008001
       -0.0000857750        0.0000005747        0.0000011798
       -0.0010302105        0.0000005400       -0.0000000352
        0.0004380297        0.0000012750        0.0000005446
        0.0063923198        0.0000008248        0.0000005400
       -0.0472509853       -0.0000013353       -0.0000100499
       -0.0511739154       -0.0000100948        0.0000016101
       -0.0000276901        0.0000005900        0.0000004448
       -0.0000759903        0.0000009999        0.0000005747
        0.0090974697        0.0000006250        0.0000006949
        0.1179819702       -0.0000170502       -0.0000227152
        0.0003557798        0.0000006798        0.0000006847
       -0.0002499249        0.0000009001        0.0000002049
        0.0016445946        0.0000014498        0.0000001097
        0.0003610248        0.0000011346        0.0000007196
        0.0001687349        0.0000005249        0.0000007250
       -0.0336751953       -0.0000023201       -0.0000110700
       -0.0007391751        0.0000001049        0.0000007847
        0.0000002049       -0.0205211597       -0.0243715448
       -0.0000001751        0.0352449251       -0.0171913948
       -0.0000003851       -0.0028598899        0.0102944799
       -0.0000002100       -0.0297245347        0.0526179150
       -0.0000004798       -0.0007094852        0.0160769451
       -0.0000031352       -0.1881029800       -0.0957097350
       -0.0000103603       -0.3007752147       -0.0233983300
       -0.0000001100       -0.0085654398       -0.0054550949
       -0.0000001148        0.0000498903        0.0003208953
       -0.0000003499        0.0004783502        0.0025069252
       -0.0000170502        0.6527173099       -0.0091319902
       -0.0000002552        0.0102179951       -0.0047316701
       -0.0000000347        0.0001991052        0.0007361450
       -0.0000006202       -0.0104730000       -0.0281872900
        0.0000000549       -0.0091824751        0.0035908249
       -0.0000002450       -0.0004099851       -0.0002897499
       -0.0000032949       -0.1278170447        0.1221780050
       -0.0000001501        0.0002341599        0.0001807152
        0.0000004698       -0.0128222203       -0.0103751302
        0.0000004698       -0.0001333453       -0.0526323151
       -0.0000001054       -0.0001762703        0.0037448498
        0.0000006247        0.0295636650        0.0210202248
       -0.0000004050        0.0071094499        0.0074681398
       -0.0000097404       -0.1399701404       -0.3259019951
        0.0000013347        0.0233707550       -0.1198214002
        0.0000000048       -0.0054547650       -0.0017900501
        0.0000000298       -0.0001199649        0.0003611498
        0.0000000699        0.0031549951       -0.0046531252
       -0.0000227152       -0.0091319902        0.7538787503
       -0.0000000401        0.0047306949       -0.0053136304
       -0.0000000048       -0.0001429700        0.0001894247
        0.0000000796        0.0046739950        0.0043265547
       -0.0000003502       -0.0282871804        0.0036829695
       -0.0000001199       -0.0002252904        0.0000211753
       -0.0000135503        0.1234972098       -0.2736772001
       -0.0000000702        0.0004123999       -0.0005308550
       -0.0020214301        0.0000001350        0.0000002197
       -0.0000857651       -0.0000000551        0.0000006102
        0.0004371196        0.0000007350       -0.0000007302
       -0.0010310401        0.0000001052       -0.0000002902
       -0.0472519298       -0.0000018150       -0.0000107249
        0.0063919299       -0.0000000202       -0.0000002751
       -0.0000280102       -0.0000001097       -0.0000002447
       -0.0511748300       -0.0000105598        0.0000008498
        0.0090968197        0.0000000151       -0.0000003499
       -0.0000766650       -0.0000001850       -0.0000001398
        0.0003557798       -0.0000002552       -0.0000000401
        0.1179832600       -0.0000174748       -0.0000234755
        0.0016440251        0.0000004951       -0.0000001702
       -0.0002506252        0.0000005551       -0.0000009700
        0.0001682696        0.0000003649        0.0000001248
        0.0003600252        0.0000002899        0.0000003203
       -0.0007399350       -0.0000000850       -0.0000001899
       -0.0336764401       -0.0000034251       -0.0000117149
        0.0000004249       -0.0205208698        0.0243702848
        0.0000000648        0.0352452150        0.0171892651
        0.0000000350       -0.0297244000       -0.0526167202
        0.0000000799       -0.0028597447       -0.0102978200
       -0.0000031946       -0.1881023499        0.0957489951
        0.0000000600       -0.0007091901       -0.0160799848
        0.0000006000       -0.0085651996        0.0054542502
       -0.0000106300       -0.3007749899        0.0233708650
       -0.0000000702        0.0004789101       -0.0025067550
        0.0000001103        0.0000496553       -0.0003208001
        0.0000006798        0.0102179951        0.0047306949
       -0.0000174748        0.6527168699        0.0091795050
       -0.0000002697       -0.0104735699        0.0281871448
        0.0000000850        0.0001999149       -0.0007360100
        0.0000001796       -0.0004096901        0.0002895501
        0.0000000750       -0.0091824052       -0.0035918896
       -0.0000000301        0.0002349600       -0.0001806200
       -0.0000029502       -0.1278172851       -0.1221441349
        0.0000003547        0.0128224949       -0.0103751051
        0.0000003499        0.0001320348       -0.0526322250
        0.0000005446       -0.0295627200        0.0210198399
        0.0000000949        0.0001761848        0.0037455547
       -0.0000099999        0.1400083548       -0.3259021298
       -0.0000000401       -0.0071098603        0.0074684249
        0.0000002646        0.0054542650       -0.0017901402
        0.0000009848       -0.0233981902       -0.1198213653
       -0.0000000352       -0.0031547700       -0.0046531301
       -0.0000001052        0.0001205152        0.0003610148
        0.0000006847       -0.0047316701       -0.0053136304
       -0.0000234755        0.0091795050        0.7538787503
       -0.0000001549       -0.0046733049        0.0043265399
       -0.0000001151        0.0001443948        0.0001895597
       -0.0000000452        0.0002260145        0.0000211398
       -0.0000004252        0.0282881598        0.0036831003
        0.0000000148       -0.0004120201       -0.0005312202
       -0.0000135353       -0.1234647800       -0.2736769801
        0.0059367750       -0.0000001748        0.0000000151
        0.0008806751       -0.0000009899        0.0000005053
       -0.0013145851       -0.0000001296       -0.0000002649
        0.0001091649       -0.0000000597       -0.0000000898
       -0.0327470843       -0.0000181046        0.0000017153
       -0.0024517900        0.0000000000        0.0000000404
       -0.0000762748        0.0000000404        0.0000000202
        0.0090970153       -0.0000002098       -0.0000000199
       -0.0011905800       -0.0000002046        0.0000000051
        0.0001930852        0.0000000554       -0.0000003197
       -0.0002499249       -0.0000000347       -0.0000000048
        0.0016440251       -0.0000002697       -0.0000001549
        0.0241616596       -0.0000160045        0.0000011701
        0.0001930201        0.0000011102       -0.0000000600
        0.0000412049        0.0000004150        0.0000001600
        0.0002119353       -0.0000001100       -0.0000000895
        0.0001595799        0.0000004601       -0.0000000696
       -0.0045889098        0.0000000202        0.0000001603
       -0.0000004650        0.0010401402       -0.0028381899
        0.0000005349       -0.0123017952        0.0034400452
        0.0000003749        0.0008460600        0.0000169649
        0.0000004701       -0.0007412595        0.0004592499
       -0.0000159596       -0.3393617848        0.0012158753
       -0.0000005952        0.0009699301        0.0012001200
        0.0000002348        0.0000498852        0.0001212450
        0.0000000301        0.0004788100        0.0031555649
       -0.0000000699       -0.0001281447        0.0000065154
        0.0000003951       -0.0001192998       -0.0002387449
        0.0000009001        0.0001991052       -0.0001429700
        0.0000004951       -0.0104735699       -0.0046733049
       -0.0000160045        0.3588520298       -0.0007690900
        0.0000003649        0.0003703801       -0.0008743700
        0.0000002902        0.0000521848       -0.0000374300
        0.0000003800       -0.0006510851       -0.0002565997
        0.0000004297        0.0000001950       -0.0000483197
        0.0000001901        0.0009276002        0.0002395851
       -0.0000002402       -0.0018375499       -0.0045646652
       -0.0000004152       -0.0269541053        0.0034661147
       -0.0000002956       -0.0000223102       -0.0016250252
       -0.0000001052       -0.0015740500        0.0002006698
        0.0000007603       -0.0001437652       -0.0571222651
       -0.0000003953       -0.0015759403        0.0015816897
       -0.0000000102       -0.0003207049        0.0003610248
        0.0000000099        0.0025070099       -0.0046533000
        0.0000000199       -0.0000054851        0.0001851100
        0.0000000350       -0.0002391101       -0.0004195800
        0.0000002049        0.0007361450        0.0001894247
       -0.0000001702        0.0281871448        0.0043265399
        0.0000011701       -0.0007690900        0.0571045001
       -0.0000004553        0.0008754199       -0.0001977301
        0.0000000048        0.0000636248       -0.0000199651
       -0.0000000801        0.0015026797        0.0001190352
        0.0000000097        0.0000172051       -0.0000200052
       -0.0000000551       -0.0004783351        0.0010864150
        0.0059369597       -0.0000006250       -0.0000000603
        0.0008805998       -0.0000004403        0.0000005048
        0.0001088395       -0.0000002802       -0.0000004451
       -0.0013144205        0.0000000250        0.0000000847
       -0.0024522149        0.0000001148       -0.0000000250
       -0.0327468354       -0.0000182553        0.0000016948
        0.0090974848       -0.0000002549       -0.0000000551
       -0.0000766249        0.0000000298       -0.0000001253
        0.0001931247        0.0000004351       -0.0000003402
       -0.0011907301       -0.0000005599       -0.0000001504
        0.0016445946       -0.0000006202        0.0000000796
       -0.0002506252        0.0000000850       -0.0000001151
        0.0001930201        0.0000003649       -0.0000004553
        0.0241616704       -0.0000158352        0.0000009496
        0.0002119845        0.0000005195        0.0000000645
        0.0000411799        0.0000002797        0.0000002200
       -0.0045886904        0.0000001197       -0.0000000801
        0.0001594597       -0.0000000051        0.0000001648
        0.0000011147        0.0010407649        0.0028395900
        0.0000012898       -0.0123012052       -0.0034381750
        0.0000009598       -0.0007405600       -0.0004581904
        0.0000012750        0.0008467103       -0.0000160503
        0.0000008052        0.0009708953       -0.0011983647
       -0.0000151104       -0.3393610803       -0.0012469451
        0.0000016249        0.0004795652       -0.0031540549
        0.0000009251        0.0000507049       -0.0001197000
        0.0000004451       -0.0001180447        0.0002404050
        0.0000007000       -0.0001280299       -0.0000053652
        0.0000014498       -0.0104730000        0.0046739950
        0.0000005551        0.0001999149        0.0001443948
        0.0000011102        0.0003703801        0.0008754199
       -0.0000158352        0.3588506701        0.0007398998
        0.0000010547       -0.0006503953        0.0002586899
        0.0000010598        0.0000528348        0.0000394252
        0.0000011497        0.0009286001       -0.0002377101
        0.0000006247        0.0000004749        0.0000502249
       -0.0000000699        0.0018364000       -0.0045651601
       -0.0000004951        0.0269533749        0.0034660499
       -0.0000005355        0.0015736552        0.0002001201
       -0.0000000153        0.0000220052       -0.0016246599
       -0.0000006651        0.0015761600        0.0015815752
        0.0000008947        0.0001080349       -0.0571222250
        0.0000002848       -0.0025071100       -0.0046533302
       -0.0000002248        0.0003207899        0.0003609597
       -0.0000001151        0.0002390451       -0.0004189900
       -0.0000000799        0.0000057952        0.0001849000
        0.0000001097       -0.0281872900        0.0043265547
       -0.0000009700       -0.0007360100        0.0001895597
       -0.0000000600       -0.0008743700       -0.0001977301
        0.0000009496        0.0007398998        0.0571046201
       -0.0000001052       -0.0015020902        0.0001191850
       -0.0000003701       -0.0000633801       -0.0000199850
        0.0000000247        0.0004786349        0.0010860751
       -0.0000005102       -0.0000168600       -0.0000199250
        0.0098685300       -0.0000004050       -0.0000007702
       -0.0012602501       -0.0000002203        0.0000004297
        0.0003823897       -0.0000001600       -0.0000003101
        0.0011520498       -0.0000000651       -0.0000002751
       -0.0009492550        0.0000002598       -0.0000000801
        0.0062839797        0.0000000298        0.0000002149
       -0.0336754601       -0.0000027799       -0.0000135202
       -0.0007396400       -0.0000000853        0.0000000099
        0.0001595296        0.0000004400        0.0000001251
       -0.0045887600       -0.0000005352        0.0000000449
        0.0003610248        0.0000000549       -0.0000003502
        0.0001682696        0.0000001796       -0.0000000452
        0.0000412049        0.0000002902        0.0000000048
        0.0002119845        0.0000010547       -0.0000001052
        0.0250356203       -0.0000026554       -0.0000120454
       -0.0000452201        0.0000004295        0.0000002100
       -0.0024884105        0.0000003951       -0.0000000054
        0.0000906147       -0.0000000452        0.0000002899
        0.0000001796       -0.0015174652        0.0035393748
        0.0000001799       -0.0005093503        0.0014272197
       -0.0000000955        0.0007200450        0.0000579348
        0.0000000946        0.0108772949        0.0161837647
        0.0000001853        0.0001136897       -0.0006277048
        0.0000004147       -0.0060104452        0.0012121299
       -0.0000021754       -0.1278169148       -0.1234643949
        0.0000003448        0.0002346997        0.0004128097
        0.0000000546        0.0000002399       -0.0000162851
        0.0000004900        0.0009273799       -0.0004779201
        0.0000011346       -0.0091824751       -0.0282871804
        0.0000003649       -0.0004096901        0.0002260145
        0.0000004150        0.0000521848        0.0000636248
        0.0000005195       -0.0006503953       -0.0015020902
       -0.0000026554        0.1319799503        0.1307889798
        0.0000003848        0.0000620398        0.0000900400
        0.0000005247        0.0011379399        0.0004243597
       -0.0000000003        0.0000008200       -0.0000126650
       -0.0000002350        0.0038732901       -0.0031606100
        0.0000000099        0.0010612149       -0.0000510948
       -0.0000000554       -0.0012728552       -0.0003758052
        0.0000003399       -0.0168398302       -0.0172342502
       -0.0000000648       -0.0000748150        0.0002112651
        0.0000001847        0.0006020497        0.0017386802
       -0.0000113553       -0.1221443398       -0.2736768451
        0.0000001697        0.0001808698       -0.0005309704
       -0.0000000901        0.0000495049       -0.0000195399
        0.0000002049        0.0002391801        0.0010864798
        0.0000007196        0.0035908249        0.0036829695
        0.0000001248        0.0002895501        0.0000211398
        0.0000001600       -0.0000374300       -0.0000199651
        0.0000000645        0.0002586899        0.0001191850
       -0.0000120454        0.1307889798        0.2877163502
        0.0000001151       -0.0000886104       -0.0001306600
       -0.0000000205       -0.0004231151        0.0006475497
       -0.0000001052       -0.0000126101       -0.0000200052
        0.0098685052       -0.0000001549       -0.0000002700
       -0.0012603900       -0.0000000199        0.0000003951
        0.0011517599       -0.0000002450       -0.0000005400
        0.0003826298       -0.0000000048       -0.0000000051
        0.0062837003        0.0000002851        0.0000000853
       -0.0009489850       -0.0000000301        0.0000001151
       -0.0007397352       -0.0000000799       -0.0000001899
       -0.0336759049       -0.0000029698       -0.0000136049
       -0.0045889152        0.0000003405        0.0000000051
        0.0001595401       -0.0000000898       -0.0000003899
        0.0001687349       -0.0000002450       -0.0000001199
        0.0003600252        0.0000000750       -0.0000004252
        0.0002119353        0.0000003800       -0.0000000801
        0.0000411799        0.0000010598       -0.0000003701
       -0.0000452201        0.0000003848        0.0000001151
        0.0250357698       -0.0000031602       -0.0000120596
        0.0000907448       -0.0000000901       -0.0000000350
       -0.0024886100       -0.0000000350        0.0000001651
        0.0000004849       -0.0015174152       -0.0035386154
        0.0000002700       -0.0005092551       -0.0014255303
        0.0000001594        0.0108769848       -0.0161846754
        0.0000002549        0.0007200350       -0.0000577853
       -0.0000001450       -0.0060102801       -0.0012115601
        0.0000002495        0.0001133597        0.0006286101
        0.0000003149        0.0002346448       -0.0004119653
       -0.0000030101       -0.1278169850        0.1234971347
        0.0000003496        0.0009277201        0.0004790749
        0.0000003550       -0.0000002800        0.0000166747
        0.0000005249       -0.0004099851       -0.0002252904
        0.0000002899       -0.0091824052        0.0282881598
       -0.0000001100       -0.0006510851        0.0015026797
        0.0000002797        0.0000528348       -0.0000633801
        0.0000004295        0.0000620398       -0.0000886104
       -0.0000031602        0.1319801203       -0.1307550747
        0.0000003547        0.0000007401        0.0000132849
        0.0000004798        0.0011371799       -0.0004234002
        0.0000002902       -0.0038731250       -0.0031606348
        0.0000000952       -0.0010608750       -0.0000509948
        0.0000000600        0.0168397202       -0.0172346799
        0.0000002652        0.0012732954       -0.0003752950
       -0.0000001245       -0.0006013147        0.0017386054
        0.0000001251        0.0000753349        0.0002112202
        0.0000005051       -0.0001805097       -0.0005309849
       -0.0000114449        0.1221783953       -0.2736768948
        0.0000002453       -0.0002380546        0.0010863303
       -0.0000001197       -0.0000490647       -0.0000196147
        0.0000007250       -0.0002897499        0.0000211753
        0.0000003203       -0.0035918896        0.0036831003
       -0.0000000895       -0.0002565997        0.0001190352
        0.0000002200        0.0000394252       -0.0000199850
        0.0000002100        0.0000900400       -0.0001306600
       -0.0000120596       -0.1307550747        0.2877163195
        0.0000002751        0.0000134602       -0.0000206398
        0.0000002552        0.0004240604        0.0006479601
       -0.0012600702        0.0000000847       -0.0000000051
        0.0098684296       -0.0000002601       -0.0000001853
       -0.0009487354        0.0000000998       -0.0000004204
        0.0062841795        0.0000000898        0.0000000048
        0.0003822848        0.0000003897        0.0000000847
        0.0011519046       -0.0000001202       -0.0000002800
        0.0003608395        0.0000001847       -0.0000002049
        0.0001683898       -0.0000000151        0.0000000696
        0.0000413650       -0.0000000202        0.0000001398
        0.0002119896        0.0000000600        0.0000000148
       -0.0336751953       -0.0000032949       -0.0000135503
       -0.0007399350       -0.0000000301        0.0000000148
        0.0001595799        0.0000004297        0.0000000097
       -0.0045886904        0.0000011497        0.0000000247
       -0.0024884105        0.0000005247       -0.0000000205
        0.0000907448        0.0000003547        0.0000002751
        0.0250355504       -0.0000029354       -0.0000124851
       -0.0000451553        0.0000000648        0.0000002947
        0.0000005352       -0.0005093750       -0.0014259402
        0.0000003200       -0.0015173850       -0.0035380648
        0.0000002248        0.0001135950        0.0006281400
        0.0000001302       -0.0060103199       -0.0012115203
        0.0000000952        0.0007203099       -0.0000576000
        0.0000003448        0.0108772500       -0.0161842146
        0.0000006750       -0.0091822949        0.0282882900
        0.0000003101       -0.0004098348       -0.0002250550
        0.0000004448        0.0000522053       -0.0000628549
        0.0000000503       -0.0006518749        0.0015023102
       -0.0000023201       -0.1278170447        0.1234972098
       -0.0000000850        0.0002349600       -0.0004120201
        0.0000004601        0.0000001950        0.0000172051
        0.0000001197        0.0009286001        0.0004786349
        0.0000003951        0.0011379399       -0.0004231151
       -0.0000000901        0.0000007401        0.0000134602
       -0.0000029354        0.1319799799       -0.1307552449
        0.0000003448        0.0000617101       -0.0000886948
       -0.0000001549       -0.0010611149       -0.0000516502
       -0.0000001401       -0.0038733251       -0.0031602750
       -0.0000005252        0.0000750552        0.0002105000
       -0.0000000401       -0.0006017399        0.0017384900
       -0.0000003496        0.0012732602       -0.0003754246
       -0.0000000253        0.0168394450       -0.0172345099
        0.0000004948       -0.0035916949        0.0036830451
       -0.0000001401       -0.0002893552        0.0000210500
        0.0000000298        0.0000385151       -0.0000205901
        0.0000000151       -0.0002573549        0.0001188653
       -0.0000110700        0.1221780050       -0.2736772001
       -0.0000001899       -0.0001806200       -0.0005312202
       -0.0000000696       -0.0000483197       -0.0000200052
       -0.0000000801       -0.0002377101        0.0010860751
       -0.0000000054        0.0004243597        0.0006475497
       -0.0000000350        0.0000132849       -0.0000206398
       -0.0000124851       -0.1307552449        0.2877168299
       -0.0000000352        0.0000893348       -0.0001307799
       -0.0012601254       -0.0000000702       -0.0000001000
        0.0098683549        0.0000000298        0.0000002950
        0.0062837896       -0.0000001450       -0.0000004101
       -0.0009492052       -0.0000000301        0.0000000696
        0.0011515351        0.0000001998       -0.0000002049
        0.0003824746        0.0000000398        0.0000000099
        0.0001684896       -0.0000000347       -0.0000001401
        0.0003602997        0.0000000847       -0.0000004252
        0.0002119199        0.0000004201       -0.0000000301
        0.0000413800       -0.0000000799        0.0000000247
       -0.0007391751       -0.0000001501       -0.0000000702
       -0.0336764401       -0.0000029502       -0.0000135353
       -0.0045889098        0.0000001901       -0.0000000551
        0.0001594597        0.0000006247       -0.0000005102
        0.0000906147       -0.0000000003       -0.0000001052
       -0.0024886100        0.0000004798        0.0000002552
       -0.0000451553        0.0000003448       -0.0000000352
        0.0250356902       -0.0000031250       -0.0000120153
        0.0000000651       -0.0005098602        0.0014263102
       -0.0000001000       -0.0015176801        0.0035393251
       -0.0000001702       -0.0060108198        0.0012111749
       -0.0000003448        0.0001131204       -0.0006283750
       -0.0000001995        0.0108769200        0.0161832904
       -0.0000001302        0.0007196400        0.0000579303
        0.0000003701       -0.0004102048        0.0002254501
       -0.0000001299       -0.0091828900       -0.0282877352
       -0.0000000847       -0.0006514546       -0.0015023750
       -0.0000001097        0.0000513552        0.0000627952
        0.0000001049        0.0002341599        0.0004123999
       -0.0000034251       -0.1278172851       -0.1234647800
        0.0000000202        0.0009276002       -0.0004783351
       -0.0000000051        0.0000004749       -0.0000168600
       -0.0000000452        0.0000008200       -0.0000126101
       -0.0000000350        0.0011371799        0.0004240604
        0.0000000648        0.0000617101        0.0000893348
       -0.0000031250        0.1319808598        0.1307886001
       -0.0000002052        0.0010611998       -0.0000514950
        0.0000002399        0.0038733901       -0.0031600999
        0.0000000850        0.0006020301        0.0017381899
        0.0000000449       -0.0000748500        0.0002112048
        0.0000000352       -0.0168395900       -0.0172341899
       -0.0000000901       -0.0012727301       -0.0003750949
        0.0000005150        0.0002896601        0.0000212501
        0.0000003450        0.0035909349        0.0036830647
        0.0000002601        0.0002580552        0.0001191600
       -0.0000000949       -0.0000379399       -0.0000199202
        0.0000007847        0.0001807152       -0.0005308550
       -0.0000117149       -0.1221441349       -0.2736769801
        0.0000001603        0.0002395851        0.0010864150
        0.0000001648        0.0000502249       -0.0000199250
        0.0000002899       -0.0000126650       -0.0000200052
        0.0000001651       -0.0004234002        0.0006479601
        0.0000002947       -0.0000886948       -0.0001307799
       -0.0000120153        0.1307886001        0.2877162899
