    9   27
        0.1389578000        0.0384069619       -0.1268611722
       -0.1284091961       -0.0330493358        0.1176807198
       -0.0025447316       -0.0008332184        0.0029766881
       -0.0154408791       -0.0140785435        0.0301278450
        0.0128175402        0.0052893098       -0.0163037172
       -0.0061703818        0.0035893887       -0.0045856060
        0.0005963542        0.0003350415       -0.0031076462
        0.0002220361        0.0003093711       -0.0000936748
       -0.0000252739        0.0000323404        0.0001703160
        0.0384069619        0.0751081701       -0.0625459229
       -0.0338437443       -0.0785882210        0.0557301956
       -0.0178078382       -0.0048722118        0.0290201469
        0.0054506374        0.0072288252       -0.0188610971
        0.0052893097        0.0021609154       -0.0073926417
        0.0028440401        0.0000218218        0.0026376608
       -0.0004959405       -0.0014380600        0.0015224460
        0.0000722957        0.0004109896        0.0000203832
        0.0000822560       -0.0000312867       -0.0001297780
       -0.1268611722       -0.0625459229        0.2447269781
        0.1153315529        0.0556186635       -0.2244388118
       -0.0022184971        0.0001335823        0.0023994322
       -0.0020374090       -0.0000118153        0.0015225410
        0.0163037173        0.0073926416       -0.0235578835
       -0.0006528765       -0.0002487340       -0.0009038758
        0.0005193017        0.0000163952        0.0000910331
       -0.0003732672       -0.0003178538        0.0001345571
       -0.0000102772       -0.0000372296        0.0000277401
       -0.1284091961       -0.0338437443        0.1153315529
        0.5463588314        0.0429885206        0.0000000003
       -0.0683950436       -0.0430781836       -0.0000000001
       -0.1768431332        0.0566749034        0.0000000000
       -0.1284091961       -0.0338437455       -0.1153315518
       -0.0498528443        0.0106436405        0.0000000007
        0.0081910796        0.0050993490        0.0000000000
       -0.0020911452       -0.0047732470       -0.0000000007
       -0.0005539983        0.0001347375        0.0000000006
       -0.0330493358       -0.0785882210        0.0556186635
        0.0429885206        0.6345216259       -0.0000000000
       -0.0516256294       -0.3232071337        0.0000000000
        0.0707983947       -0.1493002225        0.0000000000
       -0.0330493358       -0.0785882213       -0.0556186632
       -0.0256000014        0.0208871977        0.0000000002
        0.0316264061       -0.0219474009        0.0000000000
       -0.0010340709       -0.0039859942       -0.0000000002
       -0.0010557206        0.0002145269        0.0000000001
        0.1176807198        0.0557301956       -0.2244388118
        0.0000000003       -0.0000000000        0.5640577815
       -0.0000000000        0.0000000000       -0.0597033806
       -0.0000000000        0.0000000002       -0.1040090133
       -0.1176807199       -0.0557301957       -0.2244388122
       -0.0000000002       -0.0000000002        0.0298511838
        0.0000000001        0.0000000002        0.0200595749
       -0.0000000000       -0.0000000003       -0.0004535821
       -0.0000000000        0.0000000001       -0.0009269819
       -0.0025447316       -0.0178078382       -0.0022184971
       -0.0683950436       -0.0516256294       -0.0000000000
        0.0679971440        0.0495747422        0.0000000000
        0.0070839163        0.0375792079        0.0000000000
       -0.0025447316       -0.0178078383        0.0022184972
        0.0033970844       -0.0038563382        0.0000000000
       -0.0060344721        0.0023204479        0.0000000000
        0.0007961126        0.0016826267       -0.0000000000
        0.0002453983       -0.0000631128        0.0000000000
       -0.0008332184       -0.0048722118        0.0001335823
       -0.0430781836       -0.3232071337        0.0000000000
        0.0495747422        0.3503598064       -0.0000000000
       -0.0073778238       -0.0204338069        0.0000000000
       -0.0008332184       -0.0048722115       -0.0001335826
       -0.0008493286        0.0050886979       -0.0000000002
        0.0036185673       -0.0015361284        0.0000000000
       -0.0000711740       -0.0006082895        0.0000000002
       -0.0001517913        0.0000788450       -0.0000000002
        0.0029766881        0.0290201469        0.0023994322
       -0.0000000001        0.0000000000       -0.0597033806
        0.0000000000       -0.0000000000        0.0550799333
       -0.0000000002       -0.0000000003       -0.0011641768
       -0.0029766880       -0.0290201469        0.0023994322
        0.0000000003        0.0000000002       -0.0009534526
       -0.0000000001       -0.0000000001        0.0019026534
        0.0000000000        0.0000000002        0.0001299464
        0.0000000000       -0.0000000001       -0.0000900903
       -0.0154408791        0.0054506374       -0.0020374090
       -0.1768431332        0.0707983947       -0.0000000000
        0.0070839163       -0.0073778238       -0.0000000002
        0.8897630467        0.1386273791        0.0000000000
       -0.0154408791        0.0054506429        0.0020374033
       -0.6158873047       -0.2461101828       -0.0000000033
       -0.0861308659        0.0337337065        0.0000000000
        0.0053152841       -0.0001704016        0.0000000032
        0.0075719777       -0.0004099625       -0.0000000027
       -0.0140785435        0.0072288252       -0.0000118153
        0.0566749034       -0.1493002225        0.0000000002
        0.0375792079       -0.0204338069       -0.0000000003
        0.1386273791        0.6556174463        0.0000000000
       -0.0140785435        0.0072288265        0.0000118138
       -0.2121906671       -0.2455668672       -0.0000000008
        0.0103551331       -0.2619638533        0.0000000000
       -0.0012199857        0.0081797211        0.0000000007
       -0.0016590634       -0.0009990115       -0.0000000006
        0.0301278450       -0.0188610971        0.0015225410
        0.0000000000        0.0000000000       -0.1040090133
        0.0000000000        0.0000000000       -0.0011641768
        0.0000000000        0.0000000000        0.2731289329
       -0.0301278450        0.0188610971        0.0015225410
        0.0000000000        0.0000000000       -0.0996203555
        0.0000000000        0.0000000000       -0.0803660968
        0.0000000000        0.0000000000        0.0023561625
        0.0000000000        0.0000000000        0.0066240441
        0.0128175402        0.0052893097        0.0163037173
       -0.1284091961       -0.0330493358       -0.1176807199
       -0.0025447316       -0.0008332184       -0.0029766880
       -0.0154408791       -0.0140785435       -0.0301278450
        0.1389578000        0.0384069619        0.1268611722
       -0.0061703818        0.0035893887        0.0045856060
        0.0005963542        0.0003350415        0.0031076462
        0.0002220361        0.0003093711        0.0000936749
       -0.0000252739        0.0000323404       -0.0001703161
        0.0052893098        0.0021609154        0.0073926416
       -0.0338437455       -0.0785882213       -0.0557301957
       -0.0178078383       -0.0048722115       -0.0290201469
        0.0054506429        0.0072288265        0.0188610971
        0.0384069619        0.0751081704        0.0625459228
        0.0028440366        0.0000218202       -0.0026376609
       -0.0004959409       -0.0014380600       -0.0015224460
        0.0000722955        0.0004109896       -0.0000203831
        0.0000822559       -0.0000312869        0.0001297779
       -0.0163037172       -0.0073926417       -0.0235578835
       -0.1153315518       -0.0556186632       -0.2244388122
        0.0022184972       -0.0001335826        0.0023994322
        0.0020374033        0.0000118138        0.0015225410
        0.1268611722        0.0625459228        0.2447269783
        0.0006528803        0.0002487357       -0.0009038757
       -0.0005193013       -0.0000163953        0.0000910333
        0.0003732673        0.0003178540        0.0001345571
        0.0000102774        0.0000372296        0.0000277401
       -0.0061703818        0.0028440401       -0.0006528765
       -0.0498528443       -0.0256000014       -0.0000000002
        0.0033970844       -0.0008493286        0.0000000003
       -0.6158873047       -0.2121906671        0.0000000000
       -0.0061703818        0.0028440366        0.0006528803
        0.6842449395        0.2873572312        0.0000000021
       -0.0103764541       -0.0541728627        0.0000000000
        0.0010179896       -0.0002639077       -0.0000000020
       -0.0001937708        0.0000384958        0.0000000018
        0.0035893887        0.0000218218       -0.0002487340
        0.0106436405        0.0208871977       -0.0000000002
       -0.0038563382        0.0050886979        0.0000000002
       -0.2461101828       -0.2455668672        0.0000000000
        0.0035893887        0.0000218202        0.0002487357
        0.2873572312        0.2698460411        0.0000000009
       -0.0579589862       -0.0457082470        0.0000000000
        0.0004403177       -0.0050378223       -0.0000000009
        0.0023069567        0.0004533509        0.0000000008
       -0.0045856060        0.0026376608       -0.0009038758
        0.0000000007        0.0000000002        0.0298511838
        0.0000000000       -0.0000000002       -0.0009534526
       -0.0000000033       -0.0000000008       -0.0996203555
        0.0045856060       -0.0026376609       -0.0009038757
        0.0000000021        0.0000000009        0.0514170509
        0.0000000003        0.0000000001        0.0213906024
        0.0000000000       -0.0000000001        0.0008685073
        0.0000000001        0.0000000001       -0.0011404522
        0.0005963542       -0.0004959405        0.0005193017
        0.0081910796        0.0316264061        0.0000000001
       -0.0060344721        0.0036185673       -0.0000000001
       -0.0861308659        0.0103551331        0.0000000000
        0.0005963542       -0.0004959409       -0.0005193013
       -0.0103764541       -0.0579589862        0.0000000003
        0.1651694634        0.1056679474        0.0000000000
       -0.0749036500       -0.0929189125       -0.0000000003
        0.0028895112        0.0006004553        0.0000000002
        0.0003350415       -0.0014380600        0.0000163952
        0.0050993490       -0.0219474009        0.0000000002
        0.0023204479       -0.0015361284       -0.0000000001
        0.0337337065       -0.2619638533        0.0000000000
        0.0003350415       -0.0014380600       -0.0000163953
       -0.0541728627       -0.0457082470        0.0000000001
        0.1056679474        1.3848473250       -0.0000000000
       -0.0915502609       -1.0592856002        0.0000000000
       -0.0017731676        0.0084614058       -0.0000000000
       -0.0031076462        0.0015224460        0.0000910331
        0.0000000000        0.0000000000        0.0200595749
        0.0000000000        0.0000000000        0.0019026534
        0.0000000000        0.0000000000       -0.0803660968
        0.0031076462       -0.0015224460        0.0000910333
        0.0000000000        0.0000000000        0.0213906024
        0.0000000000       -0.0000000000        0.0952590801
        0.0000000000        0.0000000000       -0.0675486592
        0.0000000000        0.0000000000        0.0091188758
        0.0002220361        0.0000722957       -0.0003732672
       -0.0020911452       -0.0010340709       -0.0000000000
        0.0007961126       -0.0000711740        0.0000000000
        0.0053152841       -0.0012199857        0.0000000000
        0.0002220361        0.0000722955        0.0003732673
        0.0010179896        0.0004403177        0.0000000000
       -0.0749036500       -0.0915502609        0.0000000000
        0.1029203697        0.1237273428       -0.0000000001
       -0.0335024039       -0.0304354360        0.0000000001
        0.0003093711        0.0004109896       -0.0003178538
       -0.0047732470       -0.0039859942       -0.0000000003
        0.0016826267       -0.0006082895        0.0000000002
       -0.0001704016        0.0081797211        0.0000000000
        0.0003093711        0.0004109896        0.0003178540
       -0.0002639077       -0.0050378223       -0.0000000001
       -0.0929189125       -1.0592856002        0.0000000000
        0.1237273428        1.4883533014        0.0000000000
       -0.0279030779       -0.4284320920        0.0000000000
       -0.0000936748        0.0000203832        0.0001345571
       -0.0000000007       -0.0000000002       -0.0004535821
       -0.0000000000        0.0000000002        0.0001299464
        0.0000000032        0.0000000007        0.0023561625
        0.0000936749       -0.0000203831        0.0001345571
       -0.0000000020       -0.0000000009        0.0008685073
       -0.0000000003        0.0000000000       -0.0675486592
       -0.0000000001        0.0000000000        0.1023662079
       -0.0000000001       -0.0000000001       -0.0379905603
       -0.0000252739        0.0000822560       -0.0000102772
       -0.0005539983       -0.0010557206       -0.0000000000
        0.0002453983       -0.0001517913        0.0000000000
        0.0075719777       -0.0016590634        0.0000000000
       -0.0000252739        0.0000822559        0.0000102774
       -0.0001937708        0.0023069567        0.0000000001
        0.0028895112       -0.0017731676        0.0000000000
       -0.0335024039       -0.0279030779       -0.0000000001
        0.0235972771        0.0300707432        0.0000000001
        0.0000323404       -0.0000312867       -0.0000372296
        0.0001347375        0.0002145269        0.0000000001
       -0.0000631128        0.0000788450       -0.0000000001
       -0.0004099625       -0.0009990115        0.0000000000
        0.0000323404       -0.0000312869        0.0000372296
        0.0000384958        0.0004533509        0.0000000001
        0.0006004553        0.0084614058        0.0000000000
       -0.0304354360       -0.4284320920       -0.0000000001
        0.0300707432        0.4202863045        0.0000000001
        0.0001703160       -0.0001297780        0.0000277401
        0.0000000006        0.0000000001       -0.0009269819
        0.0000000000       -0.0000000002       -0.0000900903
       -0.0000000027       -0.0000000006        0.0066240441
       -0.0001703161        0.0001297779        0.0000277401
        0.0000000018        0.0000000008       -0.0011404522
        0.0000000002       -0.0000000000        0.0091188758
        0.0000000001        0.0000000000       -0.0379905603
        0.0000000001        0.0000000001        0.0243528618
