    8   24
        0.2286088899        0.0483604801        0.0000270700
       -0.0906537699       -0.0646157449        0.1147747900
       -0.0906538000       -0.0646157500       -0.1147506599
       -0.0489378900        0.0807248350       -0.0000003499
        0.0015376050       -0.0002389899       -0.0000000299
       -0.0001044649       -0.0003890100       -0.0000139749
        0.0003074400        0.0011570651       -0.0000000600
       -0.0001044850       -0.0003890450        0.0000139000
        0.0483604801        0.6360106700       -0.0000019049
       -0.0928327150       -0.1220613200        0.1218076000
       -0.0928327750       -0.1220613450       -0.1217863349
        0.1371489350       -0.3883490950       -0.0000233349
        0.0003519200       -0.0032106350       -0.0000000300
       -0.0003101350       -0.0004664000        0.0004140350
        0.0004239150        0.0006047200        0.0000000050
       -0.0003101650       -0.0004664150       -0.0004140050
        0.0000270700       -0.0000019049        0.6407943799
        0.1645474300        0.1182028651       -0.2897097550
       -0.1645226850       -0.1181835249       -0.2897097700
        0.0000008250       -0.0000221250       -0.0636453098
        0.0000000050       -0.0000000250        0.0034133601
        0.0003941301        0.0009858350       -0.0002152800
        0.0000000150        0.0000000100       -0.0007122150
       -0.0003941549       -0.0009858500       -0.0002152600
       -0.0906537699       -0.0928327150        0.1645474300
        0.0897666999        0.0771368351       -0.1357079000
        0.0015678101        0.0072037950       -0.0186676449
       -0.0007949449        0.0084726751       -0.0103400799
       -0.0000767299       -0.0001343100       -0.0000694249
        0.0001164000       -0.0000738449        0.0000705101
        0.0001021051        0.0002625850        0.0002181701
       -0.0000277399       -0.0000304100       -0.0000270799
       -0.0646157449       -0.1220613200        0.1182028651
        0.0771368351        0.1302116699       -0.1355023399
        0.0072037850        0.0067316000       -0.0174002250
       -0.0201209700       -0.0137963249        0.0354303801
        0.0003645101       -0.0008691100       -0.0009575249
       -0.0002385050       -0.0005670699        0.0001306001
        0.0001983801        0.0003260900        0.0001184601
        0.0000733051        0.0000245601       -0.0000016300
        0.1147747900        0.1218076000       -0.2897097550
       -0.1357079000       -0.1355023399        0.3163904000
        0.0186664300        0.0173989149       -0.0261994400
        0.0023705400       -0.0036033300       -0.0004590650
       -0.0001913550       -0.0001043050       -0.0000795350
        0.0000370950       -0.0000703550        0.0000088250
        0.0000501300        0.0000919299        0.0000484700
        0.0000244200        0.0000024250        0.0000001850
       -0.0906538000       -0.0928327750       -0.1645226850
        0.0015678101        0.0072037850        0.0186664300
        0.0897667600        0.0771367750        0.1357308900
       -0.0007949750        0.0084726200        0.0103395351
       -0.0000767550       -0.0001343500        0.0000694151
       -0.0000277700       -0.0000304050        0.0000270801
        0.0001020700        0.0002625700       -0.0002182150
        0.0001163500       -0.0000738800       -0.0000705300
       -0.0646157500       -0.1220613450       -0.1181835249
        0.0072037950        0.0067316000        0.0173989149
        0.0771367750        0.1302117199        0.1355235901
       -0.0201210000       -0.0137963449       -0.0354310849
        0.0003644850       -0.0008691600        0.0009575050
        0.0000732950        0.0000245701        0.0000016301
        0.0001983400        0.0003260700       -0.0001184900
       -0.0002385750       -0.0005671300       -0.0001306300
       -0.1147506599       -0.1217863349       -0.2897097700
       -0.0186676449       -0.0174002250       -0.0261994400
        0.1357308900        0.1355235901        0.3163904199
       -0.0023701500        0.0036030450       -0.0004590699
        0.0001913250        0.0001042351       -0.0000795450
       -0.0000244650       -0.0000023999        0.0000001801
       -0.0000501250       -0.0000919400        0.0000484600
       -0.0000371399        0.0000703351        0.0000088050
       -0.0489378900        0.1371489350        0.0000008250
       -0.0007949449       -0.0201209700        0.0023705400
       -0.0007949750       -0.0201210000       -0.0023701500
        0.0541909300       -0.0963363050       -0.0000000649
       -0.0023981700        0.0007610200       -0.0000000600
        0.0001063100        0.0009019150       -0.0002500000
       -0.0014778000       -0.0031471050       -0.0000000301
        0.0001062850        0.0009018900        0.0002500000
        0.0807248350       -0.3883490950       -0.0000221250
        0.0084726751       -0.0137963249       -0.0036033300
        0.0084726200       -0.0137963449        0.0036030450
       -0.0963363050        0.4157673099       -0.0000205899
       -0.0014769600       -0.0000603149        0.0000002250
        0.0006686200        0.0005402651       -0.0007867999
       -0.0012044399       -0.0008454800        0.0000000250
        0.0006686051        0.0005402451        0.0007868700
       -0.0000003499       -0.0000233349       -0.0636453098
       -0.0103400799        0.0354303801       -0.0004590650
        0.0103395351       -0.0354310849       -0.0004590699
       -0.0000000649       -0.0000205899        0.0677140198
       -0.0000000299       -0.0000000849       -0.0041453149
       -0.0008149100       -0.0014104649        0.0002409251
        0.0000000151       -0.0000000050        0.0005130850
        0.0008148851        0.0014104401        0.0002409200
        0.0015376050        0.0003519200        0.0000000050
       -0.0000767299        0.0003645101       -0.0001913550
       -0.0000767550        0.0003644850        0.0001913250
       -0.0023981700       -0.0014769600       -0.0000000299
        0.5102673400       -0.1946498350       -0.0000465800
       -0.0492495950        0.0690549600        0.0525904400
       -0.4107544800        0.0568816800       -0.0000242400
       -0.0492495950        0.0690549300       -0.0526114200
       -0.0002389899       -0.0032106350       -0.0000000250
       -0.0001343100       -0.0008691100       -0.0001043050
       -0.0001343500       -0.0008691600        0.0001042351
        0.0007610200       -0.0000603149       -0.0000000849
       -0.1946498350        0.3670397500        0.0000705801
        0.0404579000       -0.1639652850       -0.1599506950
        0.1134304550       -0.0340998851        0.0000002400
        0.0404578950       -0.1639653100        0.1600165950
       -0.0000000299       -0.0000000300        0.0034133601
       -0.0000694249       -0.0009575249       -0.0000795350
        0.0000694151        0.0009575050       -0.0000795450
       -0.0000000600        0.0000002250       -0.0041453149
       -0.0000465800        0.0000705801        0.6454246599
        0.0245826100       -0.2008120650       -0.2919755349
       -0.0000224700        0.0000009800       -0.0605823949
       -0.0246072299        0.2008802650       -0.2919755350
       -0.0001044649       -0.0003101350        0.0003941301
        0.0001164000       -0.0002385050        0.0000370950
       -0.0000277700        0.0000732950       -0.0000244650
        0.0001063100        0.0006686200       -0.0008149100
       -0.0492495950        0.0404579000        0.0245826100
        0.0575717100       -0.0579614399       -0.0538449950
       -0.0080150400        0.0235488550        0.0358402500
       -0.0003979000       -0.0062481000       -0.0061934050
       -0.0003890100       -0.0004664000        0.0009858350
       -0.0000738449       -0.0005670699       -0.0000703550
       -0.0000304050        0.0000245701       -0.0000023999
        0.0009019150        0.0005402651       -0.0014104649
        0.0690549600       -0.1639652850       -0.2008120650
       -0.0579614399        0.1637035000        0.1844792650
       -0.0052654050       -0.0083431450       -0.0074985000
       -0.0062480899        0.0090735850        0.0243935700
       -0.0000139749        0.0004140350       -0.0002152800
        0.0000705101        0.0001306001        0.0000088250
        0.0000270801        0.0000016301        0.0000001801
       -0.0002500000       -0.0007867999        0.0002409251
        0.0525904400       -0.1599506950       -0.2919755349
       -0.0538449950        0.1844792650        0.3175521999
       -0.0047941799        0.0001708700       -0.0000830399
        0.0061924801       -0.0243951200       -0.0255281849
        0.0003074400        0.0004239150        0.0000000150
        0.0001021051        0.0001983801        0.0000501300
        0.0001020700        0.0001983400       -0.0000501250
       -0.0014778000       -0.0012044399        0.0000000151
       -0.4107544800        0.1134304550       -0.0000224700
       -0.0080150400       -0.0052654050       -0.0047941799
        0.4277504600       -0.1025422600       -0.0000219700
       -0.0080150450       -0.0052654350        0.0047940550
        0.0011570651        0.0006047200        0.0000000100
        0.0002625850        0.0003260900        0.0000919299
        0.0002625700        0.0003260700       -0.0000919400
       -0.0031471050       -0.0008454800       -0.0000000050
        0.0568816800       -0.0340998851        0.0000009800
        0.0235488550       -0.0083431450        0.0001708700
       -0.1025422600        0.0503747600        0.0000008650
        0.0235488351       -0.0083431700       -0.0001705300
       -0.0000000600        0.0000000050       -0.0007122150
        0.0002181701        0.0001184601        0.0000484700
       -0.0002182150       -0.0001184900        0.0000484600
       -0.0000000301        0.0000000250        0.0005130850
       -0.0000242400        0.0000002400       -0.0605823949
        0.0358402500       -0.0074985000       -0.0000830399
       -0.0000219700        0.0000008650        0.0608507600
       -0.0358412800        0.0074983100       -0.0000830350
       -0.0001044850       -0.0003101650       -0.0003941549
       -0.0000277399        0.0000733051        0.0000244200
        0.0001163500       -0.0002385750       -0.0000371399
        0.0001062850        0.0006686051        0.0008148851
       -0.0492495950        0.0404578950       -0.0246072299
       -0.0003979000       -0.0062480899        0.0061924801
       -0.0080150450        0.0235488351       -0.0358412800
        0.0575717499       -0.0579614849        0.0538229500
       -0.0003890450       -0.0004664150       -0.0009858500
       -0.0000304100        0.0000245601        0.0000024250
       -0.0000738800       -0.0005671300        0.0000703351
        0.0009018900        0.0005402451        0.0014104401
        0.0690549300       -0.1639653100        0.2008802650
       -0.0062481000        0.0090735850       -0.0243951200
       -0.0052654350       -0.0083431700        0.0074983100
       -0.0579614849        0.1637035599       -0.1844133600
        0.0000139000       -0.0004140050       -0.0002152600
       -0.0000270799       -0.0000016300        0.0000001850
       -0.0000705300       -0.0001306300        0.0000088050
        0.0002500000        0.0007868700        0.0002409200
       -0.0526114200        0.1600165950       -0.2919755350
       -0.0061934050        0.0243935700       -0.0255281849
        0.0047940550       -0.0001705300       -0.0000830350
        0.0538229500       -0.1844133600        0.3175522100
