   13   39
        0.7513602229        0.0718428878        0.0000000000
       -0.2815847918       -0.1817276489       -0.0000000002
        0.0157329379        0.0029863113        0.0000000001
       -0.0010147177        0.0079220837        0.0000000000
       -0.0249442946       -0.0317498767        0.0000000000
       -0.3424110581        0.0351035893        0.0000000002
       -0.1113445571        0.0954096691        0.0000000002
        0.0009667941        0.0008707413        0.0000000000
        0.0008128935        0.0009661158        0.0000000000
        0.0000536269        0.0001905931        0.0000000002
       -0.0045928513       -0.0000603074       -0.0000739763
        0.0015571647       -0.0016989731        0.0000000000
       -0.0045928513       -0.0000603076        0.0000739763
        0.0718428878        0.8055181807        0.0000000000
       -0.1879751240       -0.3852378711       -0.0000000003
       -0.0250455944       -0.0471717607        0.0000000001
        0.0073177844       -0.0004825469        0.0000000000
       -0.0009479540        0.0071394480        0.0000000000
        0.0276385291       -0.0740223300        0.0000000003
        0.1033115277       -0.3067165324        0.0000000003
       -0.0011233926        0.0008383279        0.0000000002
       -0.0006339623       -0.0012937414        0.0000000000
       -0.0002559626        0.0000655901        0.0000000003
        0.0024955312        0.0003123690       -0.0007676613
        0.0008792094        0.0007355916       -0.0000000000
        0.0024955312        0.0003123689        0.0007676612
        0.0000000000        0.0000000000        0.1443857170
        0.0000000000        0.0000000000       -0.0738616886
        0.0000000000        0.0000000000        0.0077690445
        0.0000000000        0.0000000000        0.0020181650
        0.0000000000        0.0000000000        0.0084285293
        0.0000000000        0.0000000000       -0.0434704148
        0.0000000000        0.0000000000       -0.0437556495
        0.0000000000        0.0000000000       -0.0013174871
        0.0000000000        0.0000000000       -0.0003235271
        0.0000000000        0.0000000000        0.0001851886
       -0.0003769059        0.0002373850        0.0001989945
        0.0000000000        0.0000000000       -0.0004626169
        0.0003769059       -0.0002373850        0.0001989945
       -0.2815847918       -0.1879751240        0.0000000000
        0.7163591199        0.1140796366        0.0000000002
       -0.1548641084        0.0656531489       -0.0000000002
        0.0184244903       -0.0198976452        0.0000000000
       -0.2380689684        0.0184215810        0.0000000000
       -0.0180754488       -0.0291226818       -0.0000000002
        0.0114826012        0.0151694360       -0.0000000002
       -0.0133128917        0.0328025346       -0.0000000000
       -0.0026957401       -0.0047118906        0.0000000000
       -0.0004343268        0.0000216818       -0.0000000002
       -0.0142976649       -0.0017786915       -0.0004787469
       -0.0086359129       -0.0008813944        0.0000000000
       -0.0142976649       -0.0017786913        0.0004787469
       -0.1817276489       -0.3852378711        0.0000000000
        0.1140796366        0.7727027398       -0.0000000005
        0.0721856431       -0.2303631234        0.0000000004
        0.0027928773       -0.0397793987        0.0000000000
        0.0113131727       -0.1057629117        0.0000000000
        0.0060393602        0.0076997453        0.0000000004
       -0.0203251336       -0.0209626289        0.0000000004
       -0.0029609848        0.0022716374       -0.0000000000
       -0.0025099976       -0.0012967609        0.0000000000
        0.0012759252        0.0013877296        0.0000000004
       -0.0195603504        0.0011276288       -0.0009461263
        0.0389570350       -0.0029157446        0.0000000000
       -0.0195603504        0.0011276284        0.0009461262
       -0.0000000002       -0.0000000003       -0.0738616886
        0.0000000002       -0.0000000005        0.2091936722
       -0.0000000001       -0.0000000001       -0.0799182511
        0.0000000002        0.0000000007        0.0069372818
        0.0000000001        0.0000000000       -0.0881877583
        0.0000000000        0.0000000000        0.0043605765
        0.0000000000        0.0000000002        0.0067709608
       -0.0000000004        0.0000000001        0.0040457128
        0.0000000000       -0.0000000002        0.0138491451
        0.0000000001       -0.0000000001       -0.0081512933
        0.0316666959       -0.0041133122        0.0031525934
       -0.0000000000        0.0000000000       -0.0013452983
       -0.0316666958        0.0041133123        0.0031525936
        0.0157329379       -0.0250455944        0.0000000000
       -0.1548641084        0.0721856431       -0.0000000001
        0.7596599935        0.1052406958        0.0000000001
       -0.2585549648       -0.1805853857        0.0000000000
       -0.0133091774        0.0354204599        0.0000000000
        0.0003739531       -0.0016911503        0.0000000002
       -0.0032321638       -0.0048425396        0.0000000001
       -0.3386294873        0.0126225140        0.0000000001
        0.0135432547        0.0182287770        0.0000000000
       -0.0148121764       -0.0319621187        0.0000000001
        0.0007304418        0.0001533883        0.0001964682
       -0.0073693710        0.0001252131        0.0000000000
        0.0007304418        0.0001533882       -0.0001964682
        0.0029863113       -0.0471717607        0.0000000000
        0.0656531489       -0.2303631234       -0.0000000001
        0.1052406958        0.7889118088        0.0000000001
       -0.1723987041       -0.4260908079        0.0000000000
        0.0069017825       -0.0000131916        0.0000000000
        0.0025240869        0.0008760973        0.0000000001
       -0.0021439195       -0.0019438274        0.0000000001
        0.0128972188       -0.0705591247        0.0000000000
       -0.0199645989       -0.0212336224        0.0000000000
        0.0022748853        0.0075957868        0.0000000001
       -0.0011460374       -0.0004127416        0.0006252839
       -0.0016786028        0.0008170192        0.0000000000
       -0.0011460374       -0.0004127417       -0.0006252839
        0.0000000001        0.0000000001        0.0077690445
       -0.0000000002        0.0000000004       -0.0799182511
        0.0000000001        0.0000000001        0.1713544872
       -0.0000000001       -0.0000000006       -0.0717630905
       -0.0000000001       -0.0000000001        0.0048648227
        0.0000000000        0.0000000000       -0.0082426334
       -0.0000000000       -0.0000000001        0.0133044218
        0.0000000003       -0.0000000001       -0.0515550393
       -0.0000000000        0.0000000001        0.0061690553
       -0.0000000001        0.0000000001        0.0061651486
       -0.0007421123        0.0000638862        0.0002276793
        0.0000000000        0.0000000000        0.0013944411
        0.0007421123       -0.0000638863        0.0002276792
       -0.0010147177        0.0073177844        0.0000000000
        0.0184244903        0.0027928773        0.0000000002
       -0.2585549648       -0.1723987041       -0.0000000001
        0.7360047469        0.0719054485        0.0000000000
        0.0002573551        0.0007747952        0.0000000000
        0.0005781267        0.0002401603       -0.0000000002
        0.0011663582        0.0010359316       -0.0000000002
       -0.0149644219       -0.0330987298       -0.0000000001
       -0.1343483489        0.1158350068        0.0000000000
       -0.3477946743        0.0050009998       -0.0000000002
        0.0002926460        0.0004481458        0.0005542976
       -0.0003399767       -0.0003070372        0.0000000000
        0.0002926460        0.0004481459       -0.0005542976
        0.0079220837       -0.0004825469        0.0000000000
       -0.0198976452       -0.0397793987        0.0000000007
       -0.1805853857       -0.4260908079       -0.0000000006
        0.0719054485        0.8210830117        0.0000000000
       -0.0015301644       -0.0012086904        0.0000000000
       -0.0004639951        0.0001888221       -0.0000000007
       -0.0009816986       -0.0011340849       -0.0000000007
        0.0030394703        0.0051091691       -0.0000000001
        0.1223403717       -0.2865174942        0.0000000000
       -0.0022912155       -0.0709220345       -0.0000000007
        0.0007204792       -0.0001432853        0.0003946924
       -0.0008979903        0.0000369078        0.0000000000
        0.0007204792       -0.0001432847       -0.0003946923
        0.0000000000        0.0000000000        0.0020181650
        0.0000000000        0.0000000000        0.0069372818
        0.0000000000        0.0000000000       -0.0717630905
        0.0000000000        0.0000000000        0.1461904620
        0.0000000000        0.0000000000       -0.0016768190
        0.0000000000        0.0000000000        0.0001763597
        0.0000000000        0.0000000000       -0.0003135475
        0.0000000000        0.0000000000        0.0071948753
        0.0000000000        0.0000000000       -0.0439832263
        0.0000000000        0.0000000000       -0.0456119879
       -0.0000944029       -0.0003048705        0.0003089292
        0.0000000000        0.0000000000        0.0002072995
        0.0000944029        0.0003048705        0.0003089292
       -0.0249442946       -0.0009479540        0.0000000000
       -0.2380689684        0.0113131727        0.0000000001
       -0.0133091774        0.0069017825       -0.0000000001
        0.0002573551       -0.0015301644        0.0000000000
        0.5411443525       -0.0029409193        0.0000000000
        0.0004936639       -0.0008691582       -0.0000000001
        0.0012307775        0.0019450219       -0.0000000001
        0.0014243931        0.0000994532        0.0000000000
       -0.0004706290       -0.0003980439        0.0000000000
       -0.0003906453        0.0001470137       -0.0000000001
       -0.0956021846       -0.0413921035        0.0812595335
       -0.0761683748        0.0690628907        0.0000000000
       -0.0956021846       -0.0413921034       -0.0812595335
       -0.0317498767        0.0071394480        0.0000000000
        0.0184215810       -0.1057629117        0.0000000000
        0.0354204599       -0.0000131916       -0.0000000001
        0.0007747952       -0.0012086904        0.0000000000
       -0.0029409193        0.6321406162        0.0000000000
       -0.0031933778       -0.0041902171       -0.0000000000
       -0.0010662178        0.0004927413       -0.0000000000
        0.0026075619       -0.0060043726        0.0000000001
        0.0002344384        0.0002961417        0.0000000000
        0.0012729277       -0.0015755459       -0.0000000000
       -0.0410969232       -0.1081316787        0.0913135848
        0.0624140395       -0.3050523463       -0.0000000000
       -0.0410969232       -0.1081316786       -0.0913135848
        0.0000000000        0.0000000000        0.0084285293
        0.0000000000        0.0000000000       -0.0881877583
        0.0000000000        0.0000000000        0.0048648227
        0.0000000000        0.0000000000       -0.0016768190
        0.0000000000        0.0000000000        0.5740257273
       -0.0000000000        0.0000000000        0.0139659226
        0.0000000000        0.0000000000       -0.0083420009
        0.0000000000        0.0000000000        0.0024229175
        0.0000000000        0.0000000000       -0.0003941851
        0.0000000000        0.0000000000        0.0010079263
        0.0808821076        0.0924265126       -0.2238837142
        0.0000000000        0.0000000000       -0.0583479117
       -0.0808821076       -0.0924265126       -0.2238837142
       -0.3424110581        0.0276385291        0.0000000000
       -0.0180754488        0.0060393602        0.0000000000
        0.0003739531        0.0025240869        0.0000000000
        0.0005781267       -0.0004639951        0.0000000000
        0.0004936639       -0.0031933778       -0.0000000000
        0.3653769445       -0.0306481867       -0.0000000000
       -0.0066478951       -0.0008448485       -0.0000000000
        0.0011864622       -0.0007256055       -0.0000000000
       -0.0000155807       -0.0000750544        0.0000000000
        0.0001411595        0.0002066723       -0.0000000000
       -0.0007858829       -0.0002039999       -0.0000427405
        0.0005699281       -0.0000505133        0.0000000000
       -0.0007858829       -0.0002040000        0.0000427405
        0.0351035893       -0.0740223300        0.0000000000
       -0.0291226818        0.0076997453        0.0000000000
       -0.0016911503        0.0008760973        0.0000000000
        0.0002401603        0.0001888221        0.0000000000
       -0.0008691582       -0.0041902171        0.0000000000
       -0.0306481867        0.0678660524       -0.0000000000
        0.0284959939        0.0014620408       -0.0000000000
        0.0002046009       -0.0007670588       -0.0000000000
        0.0000320704        0.0000302977        0.0000000000
        0.0000470884        0.0001002362       -0.0000000000
       -0.0008115010        0.0001469112        0.0000415335
       -0.0001676870        0.0004636578        0.0000000000
       -0.0008115010        0.0001469112       -0.0000415335
        0.0000000002        0.0000000003       -0.0434704148
       -0.0000000002        0.0000000004        0.0043605765
        0.0000000002        0.0000000001       -0.0082426334
       -0.0000000002       -0.0000000007        0.0001763597
       -0.0000000001       -0.0000000000        0.0139659226
       -0.0000000000       -0.0000000000        0.0300044680
       -0.0000000000       -0.0000000001        0.0031041190
        0.0000000004       -0.0000000001        0.0003273118
       -0.0000000000        0.0000000001        0.0005055577
       -0.0000000001        0.0000000001        0.0001572154
       -0.0026680983       -0.0003350008       -0.0003611790
        0.0000000000        0.0000000000       -0.0001630595
        0.0026680982        0.0003350007       -0.0003611792
       -0.1113445571        0.1033115277        0.0000000000
        0.0114826012       -0.0203251336        0.0000000000
       -0.0032321638       -0.0021439195       -0.0000000000
        0.0011663582       -0.0009816986        0.0000000000
        0.0012307775       -0.0010662178        0.0000000000
       -0.0066478951        0.0284959939       -0.0000000000
        0.1073497931       -0.1062851057       -0.0000000000
        0.0004701198       -0.0003998559        0.0000000000
       -0.0001567234       -0.0002836722        0.0000000000
        0.0000525591        0.0001024230       -0.0000000000
        0.0000347213       -0.0000192643       -0.0000643782
       -0.0004376107       -0.0003818639        0.0000000000
        0.0000347213       -0.0000192643        0.0000643782
        0.0954096691       -0.3067165324        0.0000000000
        0.0151694360       -0.0209626289        0.0000000002
       -0.0048425396       -0.0019438274       -0.0000000001
        0.0010359316       -0.0011340849        0.0000000000
        0.0019450219        0.0004927413        0.0000000000
       -0.0008448485        0.0014620408       -0.0000000001
       -0.1062851057        0.3271733665       -0.0000000001
        0.0000861544        0.0003194856       -0.0000000000
       -0.0002705103       -0.0003595907        0.0000000000
       -0.0001075999       -0.0000152245       -0.0000000001
       -0.0000819220        0.0003322171       -0.0000462775
       -0.0011327814        0.0010217850        0.0000000000
       -0.0000819220        0.0003322172        0.0000462775
        0.0000000002        0.0000000003       -0.0437556495
       -0.0000000002        0.0000000004        0.0067709608
        0.0000000001        0.0000000001        0.0133044218
       -0.0000000002       -0.0000000007       -0.0003135475
       -0.0000000001       -0.0000000000       -0.0083420009
       -0.0000000000       -0.0000000000        0.0031041190
       -0.0000000000       -0.0000000001        0.0298223875
        0.0000000004       -0.0000000001       -0.0001143201
       -0.0000000000        0.0000000001       -0.0015707449
       -0.0000000001        0.0000000001        0.0004149230
        0.0012143164        0.0006210956        0.0001278036
        0.0000000000        0.0000000000        0.0004265380
       -0.0012143164       -0.0006210957        0.0001278034
        0.0009667941       -0.0011233926        0.0000000000
       -0.0133128917       -0.0029609848       -0.0000000004
       -0.3386294873        0.0128972188        0.0000000003
       -0.0149644219        0.0030394703        0.0000000000
        0.0014243931        0.0026075619        0.0000000000
        0.0011864622        0.0002046009        0.0000000004
        0.0004701198        0.0000861544        0.0000000004
        0.3619273881       -0.0112429801        0.0000000000
        0.0013805439       -0.0004870662        0.0000000000
        0.0001696490       -0.0029223389        0.0000000004
        0.0000832471       -0.0001283924        0.0000390818
       -0.0007863614        0.0001570990       -0.0000000000
        0.0000832471       -0.0001283927       -0.0000390818
        0.0008707413        0.0008383279        0.0000000000
        0.0328025346        0.0022716374        0.0000000001
        0.0126225140       -0.0705591247       -0.0000000001
       -0.0330987298        0.0051091691        0.0000000000
        0.0000994532       -0.0060043726        0.0000000000
       -0.0007256055       -0.0007670588       -0.0000000001
       -0.0003998559        0.0003194856       -0.0000000001
       -0.0112429801        0.0722064047        0.0000000000
        0.0004058132        0.0011795489        0.0000000000
       -0.0028776933       -0.0047445838       -0.0000000001
       -0.0001710648        0.0001251425       -0.0002218181
        0.0018870225       -0.0000987750        0.0000000000
       -0.0001710648        0.0001251426        0.0002218181
        0.0000000000        0.0000000002       -0.0013174871
       -0.0000000000       -0.0000000000        0.0040457128
        0.0000000001        0.0000000000       -0.0515550393
       -0.0000000001       -0.0000000001        0.0071948753
        0.0000000000        0.0000000001        0.0024229175
       -0.0000000000       -0.0000000000        0.0003273118
        0.0000000000       -0.0000000000       -0.0001143201
        0.0000000000        0.0000000000        0.0344920144
        0.0000000000        0.0000000000       -0.0085325211
        0.0000000000        0.0000000000        0.0127852519
       -0.0004507726        0.0001170902       -0.0000451266
        0.0000000000       -0.0000000000        0.0003442214
        0.0004507726       -0.0001170903       -0.0000451267
        0.0008128935       -0.0006339623        0.0000000000
       -0.0026957401       -0.0025099976        0.0000000000
        0.0135432547       -0.0199645989       -0.0000000000
       -0.1343483489        0.1223403717        0.0000000000
       -0.0004706290        0.0002344384        0.0000000000
       -0.0000155807        0.0000320704       -0.0000000000
       -0.0001567234       -0.0002705103       -0.0000000000
        0.0013805439        0.0004058132        0.0000000000
        0.1308355474       -0.1274861979        0.0000000000
       -0.0095352525        0.0276547587       -0.0000000000
        0.0001753173       -0.0000155823       -0.0004090722
        0.0003026130        0.0002328620        0.0000000000
        0.0001753173       -0.0000155823        0.0004090722
        0.0009661158       -0.0012937414        0.0000000000
       -0.0047118906       -0.0012967609       -0.0000000002
        0.0182287770       -0.0212336224        0.0000000001
        0.1158350068       -0.2865174942        0.0000000000
       -0.0003980439        0.0002961417        0.0000000000
       -0.0000750544        0.0000302977        0.0000000001
       -0.0002836722       -0.0003595907        0.0000000001
       -0.0004870662        0.0011795489        0.0000000000
       -0.1274861979        0.3048454835        0.0000000000
       -0.0017748680        0.0042619905        0.0000000001
        0.0000418301        0.0000503584       -0.0000638823
        0.0001023267       -0.0000101469       -0.0000000000
        0.0000418301        0.0000503583        0.0000638823
        0.0000000000        0.0000000000       -0.0003235271
        0.0000000000        0.0000000000        0.0138491451
        0.0000000000        0.0000000000        0.0061690553
        0.0000000000        0.0000000000       -0.0439832263
        0.0000000000        0.0000000000       -0.0003941851
        0.0000000000        0.0000000000        0.0005055577
        0.0000000000        0.0000000000       -0.0015707449
        0.0000000000        0.0000000000       -0.0085325211
        0.0000000000        0.0000000000        0.0302156247
        0.0000000000        0.0000000000        0.0037021946
       -0.0000391559       -0.0000375712        0.0001058293
        0.0000000000        0.0000000000        0.0001535965
        0.0000391559        0.0000375712        0.0001058293
        0.0000536269       -0.0002559626        0.0000000000
       -0.0004343268        0.0012759252        0.0000000001
       -0.0148121764        0.0022748853       -0.0000000001
       -0.3477946743       -0.0022912155        0.0000000000
       -0.0003906453        0.0012729277        0.0000000000
        0.0001411595        0.0000470884       -0.0000000001
        0.0000525591       -0.0001075999       -0.0000000001
        0.0001696490       -0.0028776933        0.0000000000
       -0.0095352525       -0.0017748680        0.0000000000
        0.3716553493        0.0006382133       -0.0000000001
        0.0001436567        0.0007157795       -0.0004672944
        0.0006052002        0.0003659571       -0.0000000000
        0.0001436567        0.0007157796        0.0004672944
        0.0001905931        0.0000655901        0.0000000000
        0.0000216818        0.0013877296       -0.0000000001
       -0.0319621187        0.0075957868        0.0000000001
        0.0050009998       -0.0709220345        0.0000000000
        0.0001470137       -0.0015755459        0.0000000000
        0.0002066723        0.0001002362        0.0000000001
        0.0001024230       -0.0000152245        0.0000000001
       -0.0029223389       -0.0047445838        0.0000000000
        0.0276547587        0.0042619905        0.0000000000
        0.0006382133        0.0653324501        0.0000000001
        0.0004727903       -0.0008718496       -0.0003580306
       -0.0000229929        0.0002583745        0.0000000000
        0.0004727903       -0.0008718497        0.0003580306
        0.0000000002        0.0000000003        0.0001851886
       -0.0000000002        0.0000000004       -0.0081512933
        0.0000000001        0.0000000001        0.0061651486
       -0.0000000002       -0.0000000007       -0.0456119879
       -0.0000000001       -0.0000000000        0.0010079263
       -0.0000000000       -0.0000000000        0.0001572154
       -0.0000000000       -0.0000000001        0.0004149230
        0.0000000004       -0.0000000001        0.0127852519
       -0.0000000000        0.0000000001        0.0037021946
       -0.0000000001        0.0000000001        0.0304805799
        0.0003509729       -0.0005392002       -0.0003056399
        0.0000000000        0.0000000000       -0.0005206388
       -0.0003509729        0.0005392001       -0.0003056401
       -0.0045928513        0.0024955312       -0.0003769059
       -0.0142976649       -0.0195603504        0.0316666959
        0.0007304418       -0.0011460374       -0.0007421123
        0.0002926460        0.0007204792       -0.0000944029
       -0.0956021846       -0.0410969232        0.0808821076
       -0.0007858829       -0.0008115010       -0.0026680983
        0.0000347213       -0.0000819220        0.0012143164
        0.0000832471       -0.0001710648       -0.0004507726
        0.0001753173        0.0000418301       -0.0000391559
        0.0001436567        0.0004727903        0.0003509729
        0.1036529678        0.0486166885       -0.0898046451
        0.0038253837        0.0031543642       -0.0087855035
        0.0063438995        0.0073653044       -0.0111502409
       -0.0000603074        0.0003123690        0.0002373850
       -0.0017786915        0.0011276288       -0.0041133122
        0.0001533883       -0.0004127416        0.0000638862
        0.0004481458       -0.0001432853       -0.0003048705
       -0.0413921035       -0.1081316787        0.0924265126
       -0.0002039999        0.0001469112       -0.0003350008
       -0.0000192643        0.0003322171        0.0006210956
       -0.0001283924        0.0001251425        0.0001170902
       -0.0000155823        0.0000503584       -0.0000375712
        0.0007157795       -0.0008718496       -0.0005392002
        0.0486166885        0.1128880198       -0.1031889702
       -0.0137010112       -0.0133854930        0.0284543155
        0.0073653045        0.0079645796       -0.0133985351
       -0.0000739763       -0.0007676613        0.0001989945
       -0.0004787469       -0.0009461263        0.0031525934
        0.0001964682        0.0006252839        0.0002276793
        0.0005542976        0.0003946924        0.0003089292
        0.0812595335        0.0913135848       -0.2238837142
       -0.0000427405        0.0000415335       -0.0003611790
       -0.0000643782       -0.0000462775        0.0001278036
        0.0000390818       -0.0002218181       -0.0000451266
       -0.0004090722       -0.0000638823        0.0001058293
       -0.0004672944       -0.0003580306       -0.0003056399
       -0.0898046451       -0.1031889702        0.2430768815
       -0.0018589571       -0.0001806467        0.0018867007
        0.0111502409        0.0133985350       -0.0244883387
        0.0015571647        0.0008792094        0.0000000000
       -0.0086359129        0.0389570350       -0.0000000000
       -0.0073693710       -0.0016786028        0.0000000000
       -0.0003399767       -0.0008979903        0.0000000000
       -0.0761683748        0.0624140395        0.0000000000
        0.0005699281       -0.0001676870        0.0000000000
       -0.0004376107       -0.0011327814        0.0000000000
       -0.0007863614        0.0018870225        0.0000000000
        0.0003026130        0.0001023267        0.0000000000
        0.0006052002       -0.0000229929        0.0000000000
        0.0038253837       -0.0137010112       -0.0018589571
        0.0830535394       -0.0729343889        0.0000000000
        0.0038253837       -0.0137010112        0.0018589571
       -0.0016989731        0.0007355916        0.0000000000
       -0.0008813944       -0.0029157446        0.0000000000
        0.0001252131        0.0008170192        0.0000000000
       -0.0003070372        0.0000369078        0.0000000000
        0.0690628907       -0.3050523463        0.0000000000
       -0.0000505133        0.0004636578        0.0000000000
       -0.0003818639        0.0010217850        0.0000000000
        0.0001570990       -0.0000987750       -0.0000000000
        0.0002328620       -0.0000101469        0.0000000000
        0.0003659571        0.0002583745        0.0000000000
        0.0031543642       -0.0133854930       -0.0001806467
       -0.0729343889        0.3315122066        0.0000000000
        0.0031543642       -0.0133854930        0.0001806467
        0.0000000000       -0.0000000000       -0.0004626169
        0.0000000000        0.0000000000       -0.0013452983
        0.0000000000        0.0000000000        0.0013944411
        0.0000000000        0.0000000000        0.0002072995
        0.0000000000       -0.0000000000       -0.0583479117
        0.0000000000        0.0000000000       -0.0001630595
        0.0000000000        0.0000000000        0.0004265380
       -0.0000000000        0.0000000000        0.0003442214
        0.0000000000       -0.0000000000        0.0001535965
       -0.0000000000        0.0000000000       -0.0005206388
       -0.0087855035        0.0284543155        0.0018867007
        0.0000000000        0.0000000000        0.0545402667
        0.0087855035       -0.0284543155        0.0018867007
       -0.0045928513        0.0024955312        0.0003769059
       -0.0142976649       -0.0195603504       -0.0316666958
        0.0007304418       -0.0011460374        0.0007421123
        0.0002926460        0.0007204792        0.0000944029
       -0.0956021846       -0.0410969232       -0.0808821076
       -0.0007858829       -0.0008115010        0.0026680982
        0.0000347213       -0.0000819220       -0.0012143164
        0.0000832471       -0.0001710648        0.0004507726
        0.0001753173        0.0000418301        0.0000391559
        0.0001436567        0.0004727903       -0.0003509729
        0.0063438995        0.0073653045        0.0111502409
        0.0038253837        0.0031543642        0.0087855035
        0.1036529678        0.0486166885        0.0898046451
       -0.0000603076        0.0003123689       -0.0002373850
       -0.0017786913        0.0011276284        0.0041133123
        0.0001533882       -0.0004127417       -0.0000638863
        0.0004481459       -0.0001432847        0.0003048705
       -0.0413921034       -0.1081316786       -0.0924265126
       -0.0002040000        0.0001469112        0.0003350007
       -0.0000192643        0.0003322172       -0.0006210957
       -0.0001283927        0.0001251426       -0.0001170903
       -0.0000155823        0.0000503583        0.0000375712
        0.0007157796       -0.0008718497        0.0005392001
        0.0073653044        0.0079645796        0.0133985350
       -0.0137010112       -0.0133854930       -0.0284543155
        0.0486166885        0.1128880198        0.1031889702
        0.0000739763        0.0007676612        0.0001989945
        0.0004787469        0.0009461262        0.0031525936
       -0.0001964682       -0.0006252839        0.0002276792
       -0.0005542976       -0.0003946923        0.0003089292
       -0.0812595335       -0.0913135848       -0.2238837142
        0.0000427405       -0.0000415335       -0.0003611792
        0.0000643782        0.0000462775        0.0001278034
       -0.0000390818        0.0002218181       -0.0000451267
        0.0004090722        0.0000638823        0.0001058293
        0.0004672944        0.0003580306       -0.0003056401
       -0.0111502409       -0.0133985351       -0.0244883387
        0.0018589571        0.0001806467        0.0018867007
        0.0898046451        0.1031889702        0.2430768816
