CMA Database Generation


      CCCCCCCC      MMMMMM     MMMMMM           AAAAA
    CCCCCCCCCCCC    MMMMMMM   MMMMMMM          AAAAAAA
   CCCC      CCCC   MMMMMMMM MMMMMMMM         AAAA AAAA
  CCCC              MMMM MMMMMMM MMMM        AAAA   AAAA
  CCCC              MMMM  MMMM   MMMM       AAAA     AAAA
  CCCC              MMMM         MMMM      AAAA       AAAA
  CCCC              MMMM         MMMM     AAAAAAAAAAAAAAAAA 
   CCCC      CCCC   MMMM         MMMM    AAAAAAAAAAAAAAAAAAA
    CCCCCCCCCCCC    MMMM         MMMM   AAAA             AAAA
      CCCCCCCC      MMMM         MMMM  AAAA               AAAA


.............................................................................,............
........................................................;+..,,,:::::::::,,,,..;;..........
......................................................:?S%*?*?%%%%SSSS%%%%?*++##?:........
...................................................,:?SS%%S#S%%?*******??%SSS###@#*,......
...................................................;??%%S#@%,.............,:#@@@@#@S;.....
......................................................,,,:::...............,;;;::,,,,.....
..........................................................................................
.................................................................,,,,,,,,,,,,.............
................................................................:::,,....,,:::............
...............................................................:;::,.,,,,,,:;+;...........
..............................................................,++;;:::::::;;++*,..........
..............................................................:*+*++++;;;++****,..........
..............................................................,+??????**?????%+...........
...............................................................,+%SSSSSSSSSS%+,...........
.................................................................:+%#@#@S%?+,.............
...................................................................:###S:,................
...................................................................+SS#?..................
...................................................................?SS#+..................
..................................................................,SSS#:..................
................................................................,.:SSSS,..................
................,*+...............................................+#S#?...................
.............,:*%#%...........................................,,,,?SS#+...................
...........,;?%?%#S,......................................,:;+*??%%%%S?*+:,...............
...........,;*?*?##:.................................,,.,;*%%%%%%%%%%%%%%%?+:.............
............,%S#?;*:...................................:?%%%%%%%%%%%%%%%%%%%%+,,..........
............+SS#;............,,.......................+%%%%%%%%%%%%%%%%%%%%%%S?,..........
............%S#%..,......,,,,,,,,,,,.................;S%%%%%%?*?%%%%%%?*?%%%%%S*,.........
...........,SS#*.....,.,::,,.....,::;,..............,?S%%%%%%%%%%%%%%%%%%%%%SSSS:.........
...........:SS#+......,;;;:,,,,,,,::++;;;;;+++++*****SSSSS%%%%%%%%%%%%%%%%%SSSSS;.........
...........:#S#+......:++;::::::::;;**%SSSSSSSSSSSSSS#SSSSSSS%%%%%%%%%SSSSSSSSS#;.........
...........,SS#?......;**+++;;;;+++*???????***+++;;;:*#SSSSSSSSSSSSSSSSSSSSSSSS%,.........
............?#SS,...,.,*%??*****??????:..............,?#SSSSSSSSSSSSSSSSSSSSS#S:..........
............:#SS%%*,...,*%%SSSSSSSS%?:................,*##SSSS###############%:...........
...........;S@@#@@?......:+?%SSSS%*;,...................;?S################%+,.,..........
...........,;%@@@@;.........,,,,,.........................:*%S####@@@##S%*;,..............
.............,;%@#,..........................................,:;+++++;:,..................
................;+,.......................................................................
..........................................................................................
..........................................................................................
..........................................................................................
..........................................................................................
..........................................................................................
..........................................................................................

Authors: Dr. Mitchell Lahm, Nathaniel Kitzmiller, Dr. Henry Mull

Combinations of levels of theory (high, low): ('CCSD_T_aTZ', 'CCSD_T_haDZ')
Coordinate types: Nattys
Number of off-diagonal corrections: 15

Generating database entries for 1 jobs:
3_formamide         

////////////////////////////////////////////
//              3_formamide               //
////////////////////////////////////////////
I am in /home/vulcan/mel64643/packages/CMA_Benchmarker/3_Dimers/3_formamide and I can see ['CCSD_T_aDZ', 'fc2.dat', 'CCSD_T_aTZ', 'CCSD_T_haDZ', 'manual_projection.py', 'zmat2', 'zmat', '__pycache__', 'CCSD_T_DZ']

==================================================
                Current Parameters
--------------------------------------------------
  Job                     formamide (3.3)
  High level of theory    CCSD_T_aTZ
  Low level of theory     CCSD_T_haDZ
  Coordinate type         Nattys
==================================================

/home/vulcan/mel64643/.conda/envs/TEST2/lib/python3.9/site-packages/scipy/__init__.py:146: UserWarning: A NumPy version >=1.17.3 and <1.25.0 is required for this version of SciPy (detected version 1.26.0
  warnings.warn(f"A NumPy version >={np_minversion} and <{np_maxversion}"
Where are the zmats coming from?
CCSD_T_aTZ
You have imported the merger script!
Initial Geometric Internal Coordinate Values:
('1', '2') R1 = 2.326700262458078
('7', '8') R2 = 2.326700262458078
('1', '3') R3 = 2.5384053622262788
('7', '9') R4 = 2.5384053622262788
('3', '4') R5 = 1.8985477612713237
('3', '5') R6 = 1.934763390310558
('9', '10') R7 = 1.8985477612713237
('9', '11') R8 = 1.934763390310558
('1', '6') R9 = 2.0791551825367214
('7', '12') R10 = 2.0791551825367214
[['2', '5'], ['8', '11']] R11 = 3.484860488519963
('3', '1', '2') A1 = 125.1106544652391
('9', '7', '8') A2 = 125.1106544652391
('2', '1', '6') A3 = 120.9798265578004
('3', '1', '6') A4 = 113.90951897696051
('8', '7', '12') A5 = 120.9798265578004
('9', '7', '12') A6 = 113.90951897696051
('4', '3', '5') A7 = 120.13395065981699
('4', '3', '1') A8 = 119.34473535626877
('5', '3', '1') A9 = 120.52131398391424
('10', '9', '11') A10 = 120.13395065981699
('10', '9', '7') A11 = 119.34473535626877
('11', '9', '7') A12 = 120.52131398391424
[['3', '4'], ['2', '5'], ['8', '11']] A13 = 119.73149846957371
[['2', '5'], ['8', '11'], ['9', '10']] A14 = 119.73149846957371
('2', '1', '3', '4') D1 = 180.0
('2', '1', '3', '5') D2 = 0.0
('8', '7', '9', '10') D3 = 180.0
('8', '7', '9', '11') D4 = 0.0
[['3', '4'], ['2', '5'], ['8', '11'], ['9', '10']] D5 = 180.0
[['1', '6'], ['3', '4'], ['2', '5'], ['8', '11']] D6 = 180.0
[['2', '5'], ['8', '11'], ['9', '10'], ['7', '12']] D7 = 180.0
('6', '1', '2', '3') O1 = 0.0
('12', '7', '8', '9') O2 = 0.0
('1', '3', '4', '5') O3 = 0.0
('7', '9', '10', '11') O4 = 0.0
Final Geometric Internal Coordinate Values:
('1', '2') R1 = 2.326700262458078
('7', '8') R2 = 2.326700262458078
('1', '3') R3 = 2.5384053622262788
('7', '9') R4 = 2.5384053622262788
('3', '4') R5 = 1.8985477612713237
('3', '5') R6 = 1.934763390310558
('9', '10') R7 = 1.8985477612713237
('9', '11') R8 = 1.934763390310558
('1', '6') R9 = 2.0791551825367214
('7', '12') R10 = 2.0791551825367214
[['2', '5'], ['8', '11']] R11 = 3.484860488519963
('3', '1', '2') A1 = 125.1106544652391
('9', '7', '8') A2 = 125.1106544652391
('2', '1', '6') A3 = 120.9798265578004
('3', '1', '6') A4 = 113.90951897696051
('8', '7', '12') A5 = 120.9798265578004
('9', '7', '12') A6 = 113.90951897696051
('4', '3', '5') A7 = 120.13395065981699
('4', '3', '1') A8 = 119.34473535626877
('5', '3', '1') A9 = 120.52131398391424
('10', '9', '11') A10 = 120.13395065981699
('10', '9', '7') A11 = 119.34473535626877
('11', '9', '7') A12 = 120.52131398391424
[['3', '4'], ['2', '5'], ['8', '11']] A13 = 119.73149846957371
[['2', '5'], ['8', '11'], ['9', '10']] A14 = 119.73149846957371
('2', '1', '3', '4') D1 = 180.0
('2', '1', '3', '5') D2 = 0.0
('8', '7', '9', '10') D3 = 180.0
('8', '7', '9', '11') D4 = 0.0
[['3', '4'], ['2', '5'], ['8', '11'], ['9', '10']] D5 = 180.0
[['1', '6'], ['3', '4'], ['2', '5'], ['8', '11']] D6 = 180.0
[['2', '5'], ['8', '11'], ['9', '10'], ['7', '12']] D7 = 180.0
('6', '1', '2', '3') O1 = 0.0
('12', '7', '8', '9') O2 = 0.0
('1', '3', '4', '5') O3 = 0.0
('7', '9', '10', '11') O4 = 0.0
Final - Initial Geometric Internal Coordinate Values:
R1 = 0.0
R2 = 0.0
R3 = 0.0
R4 = 0.0
R5 = 0.0
R6 = 0.0
R7 = 0.0
R8 = 0.0
R9 = 0.0
R10 = 0.0
R11 = 0.0
A1 = 0.0
A2 = 0.0
A3 = 0.0
A4 = 0.0
A5 = 0.0
A6 = 0.0
A7 = 0.0
A8 = 0.0
A9 = 0.0
A10 = 0.0
A11 = 0.0
A12 = 0.0
A13 = 0.0
A14 = 0.0
D1 = 0.0
D2 = 0.0
D3 = 0.0
D4 = 0.0
D5 = 0.0
D6 = 0.0
D7 = 0.0
O1 = 0.0
O2 = 0.0
O3 = 0.0
O4 = 0.0
this is proj, check for this when redundants executed
[[ 0.7071  0.7071  0.      0.      0.      0.      0.      0.      0.      0.      0.      0.      0.      0.      0.      0.      0.      0.      0.      0.      0.      0.      0.      0.      0.      0.      0.      0.      0.      0.    ]
 [ 0.7071 -0.7071  0.      0.      0.      0.      0.      0.      0.      0.      0.      0.      0.      0.      0.      0.      0.      0.      0.      0.      0.      0.      0.      0.      0.      0.      0.      0.      0.      0.    ]
 [ 0.      0.      0.7071  0.7071  0.      0.      0.      0.      0.      0.      0.      0.      0.      0.      0.      0.      0.      0.      0.      0.      0.      0.      0.      0.      0.      0.      0.      0.      0.      0.    ]
 [ 0.      0.      0.7071 -0.7071  0.      0.      0.      0.      0.      0.      0.      0.      0.      0.      0.      0.      0.      0.      0.      0.      0.      0.      0.      0.      0.      0.      0.      0.      0.      0.    ]
 [ 0.      0.      0.      0.      0.5     0.5     0.5     0.5     0.      0.      0.      0.      0.      0.      0.      0.      0.      0.      0.      0.      0.      0.      0.      0.      0.      0.      0.      0.      0.      0.    ]
 [ 0.      0.      0.      0.      0.5     0.5    -0.5    -0.5     0.      0.      0.      0.      0.      0.      0.      0.      0.      0.      0.      0.      0.      0.      0.      0.      0.      0.      0.      0.      0.      0.    ]
 [ 0.      0.      0.      0.      0.5    -0.5     0.5    -0.5     0.      0.      0.      0.      0.      0.      0.      0.      0.      0.      0.      0.      0.      0.      0.      0.      0.      0.      0.      0.      0.      0.    ]
 [ 0.      0.      0.      0.      0.5    -0.5    -0.5     0.5     0.      0.      0.      0.      0.      0.      0.      0.      0.      0.      0.      0.      0.      0.      0.      0.      0.      0.      0.      0.      0.      0.    ]
 [ 0.      0.      0.      0.      0.      0.      0.      0.      0.7071  0.7071  0.      0.      0.      0.      0.      0.      0.      0.      0.      0.      0.      0.      0.      0.      0.      0.      0.      0.      0.      0.    ]
 [ 0.      0.      0.      0.      0.      0.      0.      0.      0.7071 -0.7071  0.      0.      0.      0.      0.      0.      0.      0.      0.      0.      0.      0.      0.      0.      0.      0.      0.      0.      0.      0.    ]
 [ 0.      0.      0.      0.      0.      0.      0.      0.      0.      0.      1.      0.      0.      0.      0.      0.      0.      0.      0.      0.      0.      0.      0.      0.      0.      0.      0.      0.      0.      0.    ]
 [ 0.      0.      0.      0.      0.      0.      0.      0.      0.      0.      0.      0.7071  0.7071  0.      0.      0.      0.      0.      0.      0.      0.      0.      0.      0.      0.      0.      0.      0.      0.      0.    ]
 [ 0.      0.      0.      0.      0.      0.      0.      0.      0.      0.      0.      0.7071 -0.7071  0.      0.      0.      0.      0.      0.      0.      0.      0.      0.      0.      0.      0.      0.      0.      0.      0.    ]
 [ 0.      0.      0.      0.      0.      0.      0.      0.      0.      0.      0.      0.      0.      0.5     0.5     0.      0.      0.      0.      0.      0.      0.      0.      0.      0.      0.      0.      0.      0.      0.    ]
 [ 0.      0.      0.      0.      0.      0.      0.      0.      0.      0.      0.      0.      0.     -0.5    -0.5     0.      0.      0.      0.      0.      0.      0.      0.      0.      0.      0.      0.      0.      0.      0.    ]
 [ 0.      0.      0.      0.      0.      0.      0.      0.      0.      0.      0.      0.      0.      0.5    -0.5     0.      0.      0.      0.      0.      0.      0.      0.      0.      0.      0.      0.      0.      0.      0.    ]
 [ 0.      0.      0.      0.      0.      0.      0.      0.      0.      0.      0.      0.      0.     -0.5     0.5     0.      0.      0.      0.      0.      0.      0.      0.      0.      0.      0.      0.      0.      0.      0.    ]
 [ 0.      0.      0.      0.      0.      0.      0.      0.      0.      0.      0.      0.      0.      0.      0.      0.5774  0.5774  0.      0.      0.      0.      0.      0.      0.      0.      0.      0.      0.      0.      0.    ]
 [ 0.      0.      0.      0.      0.      0.      0.      0.      0.      0.      0.      0.      0.      0.      0.     -0.2887 -0.2887  0.5     0.5     0.      0.      0.      0.      0.      0.      0.      0.      0.      0.      0.    ]
 [ 0.      0.      0.      0.      0.      0.      0.      0.      0.      0.      0.      0.      0.      0.      0.     -0.2887 -0.2887 -0.5    -0.5     0.      0.      0.      0.      0.      0.      0.      0.      0.      0.      0.    ]
 [ 0.      0.      0.      0.      0.      0.      0.      0.      0.      0.      0.      0.      0.      0.      0.      0.5774 -0.5774  0.      0.      0.      0.      0.      0.      0.      0.      0.      0.      0.      0.      0.    ]
 [ 0.      0.      0.      0.      0.      0.      0.      0.      0.      0.      0.      0.      0.      0.      0.     -0.2887  0.2887  0.5    -0.5     0.      0.      0.      0.      0.      0.      0.      0.      0.      0.      0.    ]
 [ 0.      0.      0.      0.      0.      0.      0.      0.      0.      0.      0.      0.      0.      0.      0.     -0.2887  0.2887 -0.5     0.5     0.      0.      0.      0.      0.      0.      0.      0.      0.      0.      0.    ]
 [ 0.      0.      0.      0.      0.      0.      0.      0.      0.      0.      0.      0.      0.      0.      0.      0.      0.      0.      0.      0.7071  0.7071  0.      0.      0.      0.      0.      0.      0.      0.      0.    ]
 [ 0.      0.      0.      0.      0.      0.      0.      0.      0.      0.      0.      0.      0.      0.      0.      0.      0.      0.      0.      0.7071 -0.7071  0.      0.      0.      0.      0.      0.      0.      0.      0.    ]
 [ 0.      0.      0.      0.      0.      0.      0.      0.      0.      0.      0.      0.      0.      0.      0.      0.      0.      0.      0.      0.      0.      0.5     0.5     0.      0.      0.      0.      0.      0.      0.    ]
 [ 0.      0.      0.      0.      0.      0.      0.      0.      0.      0.      0.      0.      0.      0.      0.      0.      0.      0.      0.      0.      0.      0.5     0.5     0.      0.      0.      0.      0.      0.      0.    ]
 [ 0.      0.      0.      0.      0.      0.      0.      0.      0.      0.      0.      0.      0.      0.      0.      0.      0.      0.      0.      0.      0.      0.5    -0.5     0.      0.      0.      0.      0.      0.      0.    ]
 [ 0.      0.      0.      0.      0.      0.      0.      0.      0.      0.      0.      0.      0.      0.      0.      0.      0.      0.      0.      0.      0.      0.5    -0.5     0.      0.      0.      0.      0.      0.      0.    ]
 [ 0.      0.      0.      0.      0.      0.      0.      0.      0.      0.      0.      0.      0.      0.      0.      0.      0.      0.      0.      0.      0.      0.      0.      1.      0.      0.      0.      0.      0.      0.    ]
 [ 0.      0.      0.      0.      0.      0.      0.      0.      0.      0.      0.      0.      0.      0.      0.      0.      0.      0.      0.      0.      0.      0.      0.      0.      0.7071  0.7071  0.      0.      0.      0.    ]
 [ 0.      0.      0.      0.      0.      0.      0.      0.      0.      0.      0.      0.      0.      0.      0.      0.      0.      0.      0.      0.      0.      0.      0.      0.      0.7071 -0.7071  0.      0.      0.      0.    ]
 [ 0.      0.      0.      0.      0.      0.      0.      0.      0.      0.      0.      0.      0.      0.      0.      0.      0.      0.      0.      0.      0.      0.      0.      0.      0.      0.      0.7071  0.7071  0.      0.    ]
 [ 0.      0.      0.      0.      0.      0.      0.      0.      0.      0.      0.      0.      0.      0.      0.      0.      0.      0.      0.      0.      0.      0.      0.      0.      0.      0.      0.7071 -0.7071  0.      0.    ]
 [ 0.      0.      0.      0.      0.      0.      0.      0.      0.      0.      0.      0.      0.      0.      0.      0.      0.      0.      0.      0.      0.      0.      0.      0.      0.      0.      0.      0.      0.7071  0.7071]
 [ 0.      0.      0.      0.      0.      0.      0.      0.      0.      0.      0.      0.      0.      0.      0.      0.      0.      0.      0.      0.      0.      0.      0.      0.      0.      0.      0.      0.      0.7071 -0.7071]]
Normal Coordinate Values:
Normal Coordinate #1   :  3.29045
Normal Coordinate #2   :  0.00000
Normal Coordinate #3   :  3.58985
Normal Coordinate #4   :  0.00000
Normal Coordinate #5   :  3.83331
Normal Coordinate #6   :  0.00000
Normal Coordinate #7   : -0.03622
Normal Coordinate #8   :  0.00000
Normal Coordinate #9   :  2.94037
Normal Coordinate #10  :  0.00000
Normal Coordinate #11  :  3.48486
Normal Coordinate #12  :  3.08807
Normal Coordinate #13  :  0.00000
Normal Coordinate #14  :  0.12340
Normal Coordinate #15  :  0.00000
Normal Coordinate #16  :  0.00405
Normal Coordinate #17  :  0.00000
Normal Coordinate #18  : -0.02054
Normal Coordinate #19  :  0.00000
Normal Coordinate #20  :  2.95529
Normal Coordinate #21  :  0.00000
Normal Coordinate #22  :  3.14159
Normal Coordinate #23  :  0.00000
Normal Coordinate #24  :  3.14159
Normal Coordinate #25  :  4.44288
Normal Coordinate #26  :  0.00000
Normal Coordinate #27  :  0.00000
Normal Coordinate #28  :  0.00000
Normal Coordinate #29  :  0.00000
Normal Coordinate #30  :  0.00000
deriv_level:
0
If something looks wrong with the final frequencies, check these energies!
(Job number 1 == Reference energy) :D
/home/vulcan/mel64643/packages/CMA_Benchmarker/3_Dimers/3_formamide/CCSD_T_aTZ/Disps_CCSD_T_haDZ/DispsInit
Reference energy: -339.036565495599
Relative energies plus-displacements on the diagonal and plus/plus-displacements on the off-diagonal elements
[[0. 0. 0. 0. 0. 0. 0. 0. 0. 0. 0. 0. 0. 0. 0. 0. 0. 0. 0. 0. 0. 0. 0. 0. 0. 0. 0. 0. 0. 0.]
 [0. 0. 0. 0. 0. 0. 0. 0. 0. 0. 0. 0. 0. 0. 0. 0. 0. 0. 0. 0. 0. 0. 0. 0. 0. 0. 0. 0. 0. 0.]
 [0. 0. 0. 0. 0. 0. 0. 0. 0. 0. 0. 0. 0. 0. 0. 0. 0. 0. 0. 0. 0. 0. 0. 0. 0. 0. 0. 0. 0. 0.]
 [0. 0. 0. 0. 0. 0. 0. 0. 0. 0. 0. 0. 0. 0. 0. 0. 0. 0. 0. 0. 0. 0. 0. 0. 0. 0. 0. 0. 0. 0.]
 [0. 0. 0. 0. 0. 0. 0. 0. 0. 0. 0. 0. 0. 0. 0. 0. 0. 0. 0. 0. 0. 0. 0. 0. 0. 0. 0. 0. 0. 0.]
 [0. 0. 0. 0. 0. 0. 0. 0. 0. 0. 0. 0. 0. 0. 0. 0. 0. 0. 0. 0. 0. 0. 0. 0. 0. 0. 0. 0. 0. 0.]
 [0. 0. 0. 0. 0. 0. 0. 0. 0. 0. 0. 0. 0. 0. 0. 0. 0. 0. 0. 0. 0. 0. 0. 0. 0. 0. 0. 0. 0. 0.]
 [0. 0. 0. 0. 0. 0. 0. 0. 0. 0. 0. 0. 0. 0. 0. 0. 0. 0. 0. 0. 0. 0. 0. 0. 0. 0. 0. 0. 0. 0.]
 [0. 0. 0. 0. 0. 0. 0. 0. 0. 0. 0. 0. 0. 0. 0. 0. 0. 0. 0. 0. 0. 0. 0. 0. 0. 0. 0. 0. 0. 0.]
 [0. 0. 0. 0. 0. 0. 0. 0. 0. 0. 0. 0. 0. 0. 0. 0. 0. 0. 0. 0. 0. 0. 0. 0. 0. 0. 0. 0. 0. 0.]
 [0. 0. 0. 0. 0. 0. 0. 0. 0. 0. 0. 0. 0. 0. 0. 0. 0. 0. 0. 0. 0. 0. 0. 0. 0. 0. 0. 0. 0. 0.]
 [0. 0. 0. 0. 0. 0. 0. 0. 0. 0. 0. 0. 0. 0. 0. 0. 0. 0. 0. 0. 0. 0. 0. 0. 0. 0. 0. 0. 0. 0.]
 [0. 0. 0. 0. 0. 0. 0. 0. 0. 0. 0. 0. 0. 0. 0. 0. 0. 0. 0. 0. 0. 0. 0. 0. 0. 0. 0. 0. 0. 0.]
 [0. 0. 0. 0. 0. 0. 0. 0. 0. 0. 0. 0. 0. 0. 0. 0. 0. 0. 0. 0. 0. 0. 0. 0. 0. 0. 0. 0. 0. 0.]
 [0. 0. 0. 0. 0. 0. 0. 0. 0. 0. 0. 0. 0. 0. 0. 0. 0. 0. 0. 0. 0. 0. 0. 0. 0. 0. 0. 0. 0. 0.]
 [0. 0. 0. 0. 0. 0. 0. 0. 0. 0. 0. 0. 0. 0. 0. 0. 0. 0. 0. 0. 0. 0. 0. 0. 0. 0. 0. 0. 0. 0.]
 [0. 0. 0. 0. 0. 0. 0. 0. 0. 0. 0. 0. 0. 0. 0. 0. 0. 0. 0. 0. 0. 0. 0. 0. 0. 0. 0. 0. 0. 0.]
 [0. 0. 0. 0. 0. 0. 0. 0. 0. 0. 0. 0. 0. 0. 0. 0. 0. 0. 0. 0. 0. 0. 0. 0. 0. 0. 0. 0. 0. 0.]
 [0. 0. 0. 0. 0. 0. 0. 0. 0. 0. 0. 0. 0. 0. 0. 0. 0. 0. 0. 0. 0. 0. 0. 0. 0. 0. 0. 0. 0. 0.]
 [0. 0. 0. 0. 0. 0. 0. 0. 0. 0. 0. 0. 0. 0. 0. 0. 0. 0. 0. 0. 0. 0. 0. 0. 0. 0. 0. 0. 0. 0.]
 [0. 0. 0. 0. 0. 0. 0. 0. 0. 0. 0. 0. 0. 0. 0. 0. 0. 0. 0. 0. 0. 0. 0. 0. 0. 0. 0. 0. 0. 0.]
 [0. 0. 0. 0. 0. 0. 0. 0. 0. 0. 0. 0. 0. 0. 0. 0. 0. 0. 0. 0. 0. 0. 0. 0. 0. 0. 0. 0. 0. 0.]
 [0. 0. 0. 0. 0. 0. 0. 0. 0. 0. 0. 0. 0. 0. 0. 0. 0. 0. 0. 0. 0. 0. 0. 0. 0. 0. 0. 0. 0. 0.]
 [0. 0. 0. 0. 0. 0. 0. 0. 0. 0. 0. 0. 0. 0. 0. 0. 0. 0. 0. 0. 0. 0. 0. 0. 0. 0. 0. 0. 0. 0.]
 [0. 0. 0. 0. 0. 0. 0. 0. 0. 0. 0. 0. 0. 0. 0. 0. 0. 0. 0. 0. 0. 0. 0. 0. 0. 0. 0. 0. 0. 0.]
 [0. 0. 0. 0. 0. 0. 0. 0. 0. 0. 0. 0. 0. 0. 0. 0. 0. 0. 0. 0. 0. 0. 0. 0. 0. 0. 0. 0. 0. 0.]
 [0. 0. 0. 0. 0. 0. 0. 0. 0. 0. 0. 0. 0. 0. 0. 0. 0. 0. 0. 0. 0. 0. 0. 0. 0. 0. 0. 0. 0. 0.]
 [0. 0. 0. 0. 0. 0. 0. 0. 0. 0. 0. 0. 0. 0. 0. 0. 0. 0. 0. 0. 0. 0. 0. 0. 0. 0. 0. 0. 0. 0.]
 [0. 0. 0. 0. 0. 0. 0. 0. 0. 0. 0. 0. 0. 0. 0. 0. 0. 0. 0. 0. 0. 0. 0. 0. 0. 0. 0. 0. 0. 0.]
 [0. 0. 0. 0. 0. 0. 0. 0. 0. 0. 0. 0. 0. 0. 0. 0. 0. 0. 0. 0. 0. 0. 0. 0. 0. 0. 0. 0. 0. 0.]]
Relative energies minus-displacements on the diagonal and minus/minus-displacements on the off-diagonal elements
[[0. 0. 0. 0. 0. 0. 0. 0. 0. 0. 0. 0. 0. 0. 0. 0. 0. 0. 0. 0. 0. 0. 0. 0. 0. 0. 0. 0. 0. 0.]
 [0. 0. 0. 0. 0. 0. 0. 0. 0. 0. 0. 0. 0. 0. 0. 0. 0. 0. 0. 0. 0. 0. 0. 0. 0. 0. 0. 0. 0. 0.]
 [0. 0. 0. 0. 0. 0. 0. 0. 0. 0. 0. 0. 0. 0. 0. 0. 0. 0. 0. 0. 0. 0. 0. 0. 0. 0. 0. 0. 0. 0.]
 [0. 0. 0. 0. 0. 0. 0. 0. 0. 0. 0. 0. 0. 0. 0. 0. 0. 0. 0. 0. 0. 0. 0. 0. 0. 0. 0. 0. 0. 0.]
 [0. 0. 0. 0. 0. 0. 0. 0. 0. 0. 0. 0. 0. 0. 0. 0. 0. 0. 0. 0. 0. 0. 0. 0. 0. 0. 0. 0. 0. 0.]
 [0. 0. 0. 0. 0. 0. 0. 0. 0. 0. 0. 0. 0. 0. 0. 0. 0. 0. 0. 0. 0. 0. 0. 0. 0. 0. 0. 0. 0. 0.]
 [0. 0. 0. 0. 0. 0. 0. 0. 0. 0. 0. 0. 0. 0. 0. 0. 0. 0. 0. 0. 0. 0. 0. 0. 0. 0. 0. 0. 0. 0.]
 [0. 0. 0. 0. 0. 0. 0. 0. 0. 0. 0. 0. 0. 0. 0. 0. 0. 0. 0. 0. 0. 0. 0. 0. 0. 0. 0. 0. 0. 0.]
 [0. 0. 0. 0. 0. 0. 0. 0. 0. 0. 0. 0. 0. 0. 0. 0. 0. 0. 0. 0. 0. 0. 0. 0. 0. 0. 0. 0. 0. 0.]
 [0. 0. 0. 0. 0. 0. 0. 0. 0. 0. 0. 0. 0. 0. 0. 0. 0. 0. 0. 0. 0. 0. 0. 0. 0. 0. 0. 0. 0. 0.]
 [0. 0. 0. 0. 0. 0. 0. 0. 0. 0. 0. 0. 0. 0. 0. 0. 0. 0. 0. 0. 0. 0. 0. 0. 0. 0. 0. 0. 0. 0.]
 [0. 0. 0. 0. 0. 0. 0. 0. 0. 0. 0. 0. 0. 0. 0. 0. 0. 0. 0. 0. 0. 0. 0. 0. 0. 0. 0. 0. 0. 0.]
 [0. 0. 0. 0. 0. 0. 0. 0. 0. 0. 0. 0. 0. 0. 0. 0. 0. 0. 0. 0. 0. 0. 0. 0. 0. 0. 0. 0. 0. 0.]
 [0. 0. 0. 0. 0. 0. 0. 0. 0. 0. 0. 0. 0. 0. 0. 0. 0. 0. 0. 0. 0. 0. 0. 0. 0. 0. 0. 0. 0. 0.]
 [0. 0. 0. 0. 0. 0. 0. 0. 0. 0. 0. 0. 0. 0. 0. 0. 0. 0. 0. 0. 0. 0. 0. 0. 0. 0. 0. 0. 0. 0.]
 [0. 0. 0. 0. 0. 0. 0. 0. 0. 0. 0. 0. 0. 0. 0. 0. 0. 0. 0. 0. 0. 0. 0. 0. 0. 0. 0. 0. 0. 0.]
 [0. 0. 0. 0. 0. 0. 0. 0. 0. 0. 0. 0. 0. 0. 0. 0. 0. 0. 0. 0. 0. 0. 0. 0. 0. 0. 0. 0. 0. 0.]
 [0. 0. 0. 0. 0. 0. 0. 0. 0. 0. 0. 0. 0. 0. 0. 0. 0. 0. 0. 0. 0. 0. 0. 0. 0. 0. 0. 0. 0. 0.]
 [0. 0. 0. 0. 0. 0. 0. 0. 0. 0. 0. 0. 0. 0. 0. 0. 0. 0. 0. 0. 0. 0. 0. 0. 0. 0. 0. 0. 0. 0.]
 [0. 0. 0. 0. 0. 0. 0. 0. 0. 0. 0. 0. 0. 0. 0. 0. 0. 0. 0. 0. 0. 0. 0. 0. 0. 0. 0. 0. 0. 0.]
 [0. 0. 0. 0. 0. 0. 0. 0. 0. 0. 0. 0. 0. 0. 0. 0. 0. 0. 0. 0. 0. 0. 0. 0. 0. 0. 0. 0. 0. 0.]
 [0. 0. 0. 0. 0. 0. 0. 0. 0. 0. 0. 0. 0. 0. 0. 0. 0. 0. 0. 0. 0. 0. 0. 0. 0. 0. 0. 0. 0. 0.]
 [0. 0. 0. 0. 0. 0. 0. 0. 0. 0. 0. 0. 0. 0. 0. 0. 0. 0. 0. 0. 0. 0. 0. 0. 0. 0. 0. 0. 0. 0.]
 [0. 0. 0. 0. 0. 0. 0. 0. 0. 0. 0. 0. 0. 0. 0. 0. 0. 0. 0. 0. 0. 0. 0. 0. 0. 0. 0. 0. 0. 0.]
 [0. 0. 0. 0. 0. 0. 0. 0. 0. 0. 0. 0. 0. 0. 0. 0. 0. 0. 0. 0. 0. 0. 0. 0. 0. 0. 0. 0. 0. 0.]
 [0. 0. 0. 0. 0. 0. 0. 0. 0. 0. 0. 0. 0. 0. 0. 0. 0. 0. 0. 0. 0. 0. 0. 0. 0. 0. 0. 0. 0. 0.]
 [0. 0. 0. 0. 0. 0. 0. 0. 0. 0. 0. 0. 0. 0. 0. 0. 0. 0. 0. 0. 0. 0. 0. 0. 0. 0. 0. 0. 0. 0.]
 [0. 0. 0. 0. 0. 0. 0. 0. 0. 0. 0. 0. 0. 0. 0. 0. 0. 0. 0. 0. 0. 0. 0. 0. 0. 0. 0. 0. 0. 0.]
 [0. 0. 0. 0. 0. 0. 0. 0. 0. 0. 0. 0. 0. 0. 0. 0. 0. 0. 0. 0. 0. 0. 0. 0. 0. 0. 0. 0. 0. 0.]
 [0. 0. 0. 0. 0. 0. 0. 0. 0. 0. 0. 0. 0. 0. 0. 0. 0. 0. 0. 0. 0. 0. 0. 0. 0. 0. 0. 0. 0. 0.]]
Computed Force Constants:
[[ 7.73e-01  1.00e-04  8.47e-02  6.80e-07 -1.11e-02  3.00e-07  6.79e-03  3.40e-07  2.78e-02 -5.51e-08  1.64e-02
   3.45e-02  2.32e-06  4.05e-02  6.35e-07 -6.53e-03 -6.25e-07  7.11e-03 -2.45e-07  1.29e-02 -2.61e-06 -1.25e-07
   2.00e-07  3.25e-07 -2.50e-07  7.90e-07  1.10e-07  2.25e-07  4.80e-07  4.40e-07]
 [ 1.00e-04  7.89e-01  2.05e-07  7.20e-02 -2.95e-07 -4.84e-03 -2.85e-07  8.15e-04 -2.98e-08  2.83e-02  2.34e-07
   1.40e-06  3.71e-02 -8.15e-07  3.69e-02  9.66e-09 -7.09e-03 -9.15e-07  1.29e-02 -3.30e-07  4.87e-02 -8.40e-07
  -5.20e-07 -1.22e-06 -9.30e-07 -2.40e-07 -2.95e-07 -9.10e-07 -3.80e-07 -3.95e-07]
 [ 8.47e-02  2.05e-07  5.28e-01  5.79e-05  7.77e-03 -6.00e-07 -6.32e-03 -3.40e-07  1.23e-02 -3.52e-08 -1.16e-02
   2.70e-02  1.55e-06 -3.19e-02  6.51e-08 -2.20e-02 -5.30e-07  5.37e-03 -4.80e-07  7.23e-03 -2.11e-06  6.90e-07
   1.00e-07 -1.99e-08 -1.31e-06 -5.10e-07 -9.00e-07 -1.06e-06 -2.98e-08 -3.50e-08]
 [ 6.80e-07  7.20e-02  5.79e-05  5.39e-01 -5.00e-08 -2.90e-04 -1.05e-07  1.14e-03  1.51e-08  1.33e-02 -6.00e-08
   1.38e-06  3.14e-02 -1.09e-06 -2.98e-02 -4.95e-07 -2.85e-02 -1.30e-07  3.65e-03 -1.33e-06  1.96e-02  4.85e-07
   5.12e-09 -3.75e-07 -1.55e-06 -1.10e-07 -9.30e-07 -9.05e-07 -6.96e-08 -6.48e-08]
 [-1.11e-02 -2.95e-07  7.77e-03 -5.00e-08  4.68e-01  3.10e-05  3.11e-02  3.08e-05  4.92e-04  2.47e-08  2.40e-02
  -8.12e-04 -6.03e-08  1.93e-03 -4.52e-08  6.48e-03  3.42e-06  4.40e-03  7.20e-07 -1.45e-03  2.68e-06  9.40e-07
   4.83e-09  5.15e-07  6.35e-07  4.49e-08 -8.30e-07 -1.05e-06  7.02e-08  5.49e-08]
 [ 3.00e-07 -4.84e-03 -6.00e-07 -2.90e-04  3.10e-05  4.62e-01  3.09e-05  3.67e-02  2.35e-07 -3.37e-03  5.25e-07
  -1.25e-07  1.20e-02 -1.44e-06 -8.58e-04  3.40e-06  3.86e-03  1.55e-06 -6.54e-03  1.60e-06 -3.92e-02  1.37e-06
   5.12e-09  9.45e-07  1.38e-06  9.55e-07 -6.00e-07 -1.14e-06  8.50e-08 -5.12e-09]
 [ 6.79e-03 -2.85e-07 -6.32e-03 -1.05e-07  3.11e-02  3.09e-05  4.76e-01  3.13e-05 -1.15e-04  3.50e-08 -2.30e-02
   1.62e-02  1.90e-07  5.51e-05 -9.52e-08  2.58e-03  1.65e-06  1.12e-02  3.49e-06 -2.45e-04  2.45e-06  8.30e-07
  -6.80e-07  4.90e-07  4.60e-07 -3.50e-07 -9.20e-07 -1.15e-06 -1.99e-08 -1.50e-07]
 [ 3.40e-07  8.15e-04 -3.40e-07  1.14e-03  3.08e-05  3.67e-02  3.13e-05  4.70e-01  1.75e-07  3.61e-03  3.70e-07
  -7.96e-08  4.15e-03 -1.38e-06  2.71e-03  1.58e-06  5.42e-03 -7.95e-07  2.08e-02  1.30e-06  3.15e-02  1.39e-06
  -6.80e-07  1.00e-06  1.22e-06  4.10e-07 -7.10e-07 -1.20e-06 -5.46e-08 -2.96e-08]
 [ 2.78e-02 -2.98e-08  1.23e-02  1.51e-08  4.92e-04  2.35e-07 -1.15e-04  1.75e-07  3.47e-01  3.59e-05 -5.81e-04
  -2.22e-02 -3.35e-07 -8.47e-03 -4.45e-07 -2.43e-03  3.98e-08 -2.95e-03  1.45e-06 -7.32e-04 -3.90e-07 -7.50e-08
  -4.46e-08 -4.83e-09 -1.48e-08  4.83e-09 -2.05e-07 -1.30e-07 -4.83e-09 -2.50e-08]
 [-5.51e-08  2.83e-02 -3.52e-08  1.33e-02  2.47e-08 -3.37e-03  3.50e-08  3.61e-03  3.59e-05  3.46e-01  4.55e-09
  -3.45e-07 -2.23e-02 -1.60e-06 -8.35e-03 -2.50e-08 -3.83e-03  1.32e-06 -6.94e-04 -2.45e-07  7.54e-03 -5.54e-08
  -4.01e-08  2.50e-08  2.02e-08  2.47e-08 -1.45e-07 -1.00e-07  1.51e-08 -1.02e-08]
 [ 1.64e-02  2.34e-07 -1.16e-02 -6.00e-08  2.40e-02  5.25e-07 -2.30e-02  3.70e-07 -5.81e-04  4.55e-09  3.24e-02
  -4.71e-03  1.03e-06 -4.47e-03  3.95e-08  6.33e-03  6.70e-07 -3.58e-03  3.60e-06 -1.76e-03  4.43e-05  3.45e-07
   2.05e-07 -1.84e-06  3.75e-07  8.05e-07  2.95e-07  1.15e-07  2.75e-07  1.50e-07]
 [ 3.45e-02  1.40e-06  2.70e-02  1.38e-06 -8.12e-04 -1.25e-07  1.62e-02 -7.96e-08 -2.22e-02 -3.45e-07 -4.71e-03
   3.92e-01  2.07e-05 -7.34e-04  1.71e-06 -4.17e-03 -1.10e-07  3.73e-02  8.25e-07 -7.69e-03 -3.50e-08  5.55e-07
  -4.75e-07  6.70e-07 -1.15e-06 -8.30e-07 -1.40e-06 -1.84e-06  2.38e-06  2.38e-06]
 [ 2.32e-06  3.71e-02  1.55e-06  3.14e-02 -6.03e-08  1.20e-02  1.90e-07  4.15e-03 -3.35e-07 -2.23e-02  1.03e-06
   2.07e-05  4.11e-01  5.10e-07 -1.76e-03 -6.90e-07 -1.79e-02  1.52e-06  1.30e-02 -4.71e-06 -2.46e-02 -1.00e-06
  -6.90e-07 -1.51e-06 -4.71e-06 -1.89e-06 -2.32e-06 -1.90e-06  2.23e-06  2.39e-06]
 [ 4.05e-02 -8.15e-07 -3.19e-02 -1.09e-06  1.93e-03 -1.44e-06  5.51e-05 -1.38e-06 -8.47e-03 -1.60e-06 -4.47e-03
  -7.34e-04  5.10e-07  1.56e-01  8.10e-07  5.01e-03 -1.64e-06  9.59e-03 -1.28e-06 -1.67e-03  1.50e-07 -1.36e-06
  -1.29e-06 -1.27e-06 -1.37e-06 -1.24e-06  1.39e-06  1.35e-06 -1.18e-06 -1.19e-06]
 [ 6.35e-07  3.69e-02  6.51e-08 -2.98e-02 -4.52e-08 -8.58e-04 -9.52e-08  2.71e-03 -4.45e-07 -8.35e-03  3.95e-08
   1.71e-06 -1.76e-03  8.10e-07  1.57e-01 -3.75e-07  4.92e-03  2.47e-08  9.70e-03 -1.99e-08 -5.94e-03 -1.55e-07
  -1.25e-07 -1.70e-07 -2.65e-07 -9.49e-08  2.53e-06  2.52e-06 -1.99e-08 -8.50e-08]
 [-6.53e-03  9.66e-09 -2.20e-02 -4.95e-07  6.48e-03  3.40e-06  2.58e-03  1.58e-06 -2.43e-03 -2.50e-08  6.33e-03
  -4.17e-03 -6.90e-07  5.01e-03 -3.75e-07  1.15e-01 -1.19e-06 -1.35e-04 -8.10e-07 -1.95e-02  1.56e-06  5.49e-08
  -5.05e-07 -4.01e-08 -1.71e-06 -5.30e-07 -1.48e-06 -1.46e-06  6.45e-07  5.90e-07]
 [-6.25e-07 -7.09e-03 -5.30e-07 -2.85e-02  3.42e-06  3.86e-03  1.65e-06  5.42e-03  3.98e-08 -3.83e-03  6.70e-07
  -1.10e-07 -1.79e-02 -1.64e-06  4.92e-03 -1.19e-06  1.22e-01 -5.35e-07  7.34e-03 -1.24e-06 -3.45e-02 -1.20e-07
  -5.15e-07 -6.60e-07 -2.16e-06 -5.20e-07 -1.60e-06 -1.52e-06  4.85e-07  4.95e-07]
 [ 7.11e-03 -9.15e-07  5.37e-03 -1.30e-07  4.40e-03  1.55e-06  1.12e-02 -7.95e-07 -2.95e-03  1.32e-06 -3.58e-03
   3.73e-02  1.52e-06  9.59e-03  2.47e-08 -1.35e-04 -5.35e-07  1.26e-01  3.05e-07 -4.93e-03 -1.65e-06  1.10e-07
  -1.20e-06  3.35e-07 -8.15e-07 -8.10e-07 -1.32e-06 -1.50e-06  1.60e-06  1.38e-06]
 [-2.45e-07  1.29e-02 -4.80e-07  3.65e-03  7.20e-07 -6.54e-03  3.49e-06  2.08e-02  1.45e-06 -6.94e-04  3.60e-06
   8.25e-07  1.30e-02 -1.28e-06  9.70e-03 -8.10e-07  7.34e-03  3.05e-07  1.60e-01 -2.72e-06  7.66e-02 -7.45e-07
  -1.20e-06 -2.51e-06 -3.44e-06 -4.00e-07 -1.71e-06 -1.58e-06  1.54e-06  1.60e-06]
 [ 1.29e-02 -3.30e-07  7.23e-03 -1.33e-06 -1.45e-03  1.60e-06 -2.45e-04  1.30e-06 -7.32e-04 -2.45e-07 -1.76e-03
  -7.69e-03 -4.71e-06 -1.67e-03 -1.99e-08 -1.95e-02 -1.24e-06 -4.93e-03 -2.72e-06  4.22e-02  1.57e-05 -1.14e-06
  -8.15e-07 -2.21e-06 -2.49e-06 -1.15e-06 -6.00e-07 -3.90e-07 -2.75e-07 -3.35e-07]
 [-2.61e-06  4.87e-02 -2.11e-06  1.96e-02  2.68e-06 -3.92e-02  2.45e-06  3.15e-02 -3.90e-07  7.54e-03  4.43e-05
  -3.50e-08 -2.46e-02  1.50e-07 -5.94e-03  1.56e-06 -3.45e-02 -1.65e-06  7.66e-02  1.57e-05  3.90e-01 -3.81e-06
  -2.23e-06 -2.97e-05 -9.43e-06  2.21e-06 -1.16e-06 -2.11e-06 -9.60e-07 -1.79e-06]
 [-1.25e-07 -8.40e-07  6.90e-07  4.85e-07  9.40e-07  1.37e-06  8.30e-07  1.39e-06 -7.50e-08 -5.54e-08  3.45e-07
   5.55e-07 -1.00e-06 -1.36e-06 -1.55e-07  5.49e-08 -1.20e-07  1.10e-07 -7.45e-07 -1.14e-06 -3.81e-06  7.27e-02
  -7.15e-07  3.41e-02  5.14e-02 -1.75e-06 -4.81e-02 -7.65e-07  1.42e-02  2.45e-07]
 [ 2.00e-07 -5.20e-07  1.00e-07  5.12e-09  4.83e-09  5.12e-09 -6.80e-07 -6.80e-07 -4.46e-08 -4.01e-08  2.05e-07
  -4.75e-07 -6.90e-07 -1.29e-06 -1.25e-07 -5.05e-07 -5.15e-07 -1.20e-06 -1.20e-06 -8.15e-07 -2.23e-06 -7.15e-07
   4.02e-02 -6.55e-07 -2.21e-06  7.81e-03 -1.56e-06 -2.47e-02 -9.30e-07  3.40e-03]
 [ 3.25e-07 -1.22e-06 -1.99e-08 -3.75e-07  5.15e-07  9.45e-07  4.90e-07  1.00e-06 -4.83e-09  2.50e-08 -1.84e-06
   6.70e-07 -1.51e-06 -1.27e-06 -1.70e-07 -4.01e-08 -6.60e-07  3.35e-07 -2.51e-06 -2.21e-06 -2.97e-05  3.41e-02
  -6.55e-07  3.26e-02  4.69e-02 -1.34e-06 -2.48e-02 -1.05e-06  1.27e-02  4.05e-07]
 [-2.50e-07 -9.30e-07 -1.31e-06 -1.55e-06  6.35e-07  1.38e-06  4.60e-07  1.22e-06 -1.48e-08  2.02e-08  3.75e-07
  -1.15e-06 -4.71e-06 -1.37e-06 -2.65e-07 -1.71e-06 -2.16e-06 -8.15e-07 -3.44e-06 -2.49e-06 -9.43e-06  5.14e-02
  -2.21e-06  4.69e-02  7.88e-02 -6.87e-06 -3.80e-02 -2.46e-06  2.06e-02 -1.63e-06]
 [ 7.90e-07 -2.40e-07 -5.10e-07 -1.10e-07  4.49e-08  9.55e-07 -3.50e-07  4.10e-07  4.83e-09  2.47e-08  8.05e-07
  -8.30e-07 -1.89e-06 -1.24e-06 -9.49e-08 -5.30e-07 -5.20e-07 -8.10e-07 -4.00e-07 -1.15e-06  2.21e-06 -1.75e-06
   7.81e-03 -1.34e-06 -6.87e-06  1.97e-02 -2.71e-06 -6.20e-03 -6.25e-07  6.88e-03]
 [ 1.10e-07 -2.95e-07 -9.00e-07 -9.30e-07 -8.30e-07 -6.00e-07 -9.20e-07 -7.10e-07 -2.05e-07 -1.45e-07  2.95e-07
  -1.40e-06 -2.32e-06  1.39e-06  2.53e-06 -1.48e-06 -1.60e-06 -1.32e-06 -1.71e-06 -6.00e-07 -1.16e-06 -4.81e-02
  -1.56e-06 -2.48e-02 -3.80e-02 -2.71e-06  1.36e-01 -1.53e-06 -1.94e-02 -1.21e-06]
 [ 2.25e-07 -9.10e-07 -1.06e-06 -9.05e-07 -1.05e-06 -1.14e-06 -1.15e-06 -1.20e-06 -1.30e-07 -1.00e-07  1.15e-07
  -1.84e-06 -1.90e-06  1.35e-06  2.52e-06 -1.46e-06 -1.52e-06 -1.50e-06 -1.58e-06 -3.90e-07 -2.11e-06 -7.65e-07
  -2.47e-02 -1.05e-06 -2.46e-06 -6.20e-03 -1.53e-06  1.19e-01 -1.17e-06 -1.17e-02]
 [ 4.80e-07 -3.80e-07 -2.98e-08 -6.96e-08  7.02e-08  8.50e-08 -1.99e-08 -5.46e-08 -4.83e-09  1.51e-08  2.75e-07
   2.38e-06  2.23e-06 -1.18e-06 -1.99e-08  6.45e-07  4.85e-07  1.60e-06  1.54e-06 -2.75e-07 -9.60e-07  1.42e-02
  -9.30e-07  1.27e-02  2.06e-02 -6.25e-07 -1.94e-02 -1.17e-06  1.27e-02  1.45e-06]
 [ 4.40e-07 -3.95e-07 -3.50e-08 -6.48e-08  5.49e-08 -5.12e-09 -1.50e-07 -2.96e-08 -2.50e-08 -1.02e-08  1.50e-07
   2.38e-06  2.39e-06 -1.19e-06 -8.50e-08  5.90e-07  4.95e-07  1.38e-06  1.60e-06 -3.35e-07 -1.79e-06  2.45e-07
   3.40e-03  4.05e-07 -1.63e-06  6.88e-03 -1.21e-06 -1.17e-02  1.45e-06  9.39e-03]]
print_const has run
Force Constants saved at:
/CCSD_T_aTZ/Disps_CCSD_T_haDZ
             frequency #:        1       2       3       4       5       6       7       8       9      10      11      12      13      14      15
--------------------------------------------------------------------------------------------------------------------------------------------------
               frequency:      0.0     0.0     0.0     0.0     0.0     0.0     0.0     0.0     0.0     0.0     0.0     0.0     0.0     0.0     0.0
--------------------------------------------------------------------------------------------------------------------------------------------------
               B1   STRE:     50.0    50.0     0.0     0.0     0.0     0.0     0.0     0.0     0.0     0.0     0.0     0.0     0.0     0.0     0.0
               B2   STRE:     50.0    50.0     0.0     0.0     0.0     0.0     0.0     0.0     0.0     0.0     0.0     0.0     0.0     0.0     0.0
               B3   STRE:      0.0     0.0    50.0    50.0     0.0     0.0     0.0     0.0     0.0     0.0     0.0     0.0     0.0     0.0     0.0
               B4   STRE:      0.0     0.0    50.0    50.0     0.0     0.0     0.0     0.0     0.0     0.0     0.0     0.0     0.0     0.0     0.0
               B5   STRE:      0.0     0.0     0.0     0.0    25.0    25.0    25.0    25.0     0.0     0.0     0.0     0.0     0.0     0.0     0.0
               B6   STRE:      0.0     0.0     0.0     0.0    25.0    25.0    25.0    25.0     0.0     0.0     0.0     0.0     0.0     0.0     0.0
               B7   STRE:      0.0     0.0     0.0     0.0    25.0    25.0    25.0    25.0     0.0     0.0     0.0     0.0     0.0     0.0     0.0
               B8   STRE:      0.0     0.0     0.0     0.0    25.0    25.0    25.0    25.0     0.0     0.0     0.0     0.0     0.0     0.0     0.0
               B9   STRE:      0.0     0.0     0.0     0.0     0.0     0.0     0.0     0.0    50.0    50.0     0.0     0.0     0.0     0.0     0.0
               B10  STRE:      0.0     0.0     0.0     0.0     0.0     0.0     0.0     0.0    50.0    50.0     0.0     0.0     0.0     0.0     0.0
               B11  STRE:      0.0     0.0     0.0     0.0     0.0     0.0     0.0     0.0     0.0     0.0   100.0     0.0     0.0     0.0     0.0
               A1   BEND:      0.0     0.0     0.0     0.0     0.0     0.0     0.0     0.0     0.0     0.0     0.0    50.0    50.0     0.0     0.0
               A2   BEND:      0.0     0.0     0.0     0.0     0.0     0.0     0.0     0.0     0.0     0.0     0.0    50.0    50.0     0.0     0.0
               A3   BEND:      0.0     0.0     0.0     0.0     0.0     0.0     0.0     0.0     0.0     0.0     0.0     0.0     0.0    25.0    25.0
               A4   BEND:      0.0     0.0     0.0     0.0     0.0     0.0     0.0     0.0     0.0     0.0     0.0     0.0     0.0    25.0    25.0
               A5   BEND:      0.0     0.0     0.0     0.0     0.0     0.0     0.0     0.0     0.0     0.0     0.0     0.0     0.0    25.0    25.0
               A6   BEND:      0.0     0.0     0.0     0.0     0.0     0.0     0.0     0.0     0.0     0.0     0.0     0.0     0.0    25.0    25.0
               A7   BEND:      0.0     0.0     0.0     0.0     0.0     0.0     0.0     0.0     0.0     0.0     0.0     0.0     0.0     0.0     0.0
               A8   BEND:      0.0     0.0     0.0     0.0     0.0     0.0     0.0     0.0     0.0     0.0     0.0     0.0     0.0     0.0     0.0
               A9   BEND:      0.0     0.0     0.0     0.0     0.0     0.0     0.0     0.0     0.0     0.0     0.0     0.0     0.0     0.0     0.0
               A10  BEND:      0.0     0.0     0.0     0.0     0.0     0.0     0.0     0.0     0.0     0.0     0.0     0.0     0.0     0.0     0.0
               A11  BEND:      0.0     0.0     0.0     0.0     0.0     0.0     0.0     0.0     0.0     0.0     0.0     0.0     0.0     0.0     0.0
               A12  BEND:      0.0     0.0     0.0     0.0     0.0     0.0     0.0     0.0     0.0     0.0     0.0     0.0     0.0     0.0     0.0
               A13  BEND:      0.0     0.0     0.0     0.0     0.0     0.0     0.0     0.0     0.0     0.0     0.0     0.0     0.0     0.0     0.0
               A14  BEND:      0.0     0.0     0.0     0.0     0.0     0.0     0.0     0.0     0.0     0.0     0.0     0.0     0.0     0.0     0.0
               D1   TORS:      0.0     0.0     0.0     0.0     0.0     0.0     0.0     0.0     0.0     0.0     0.0     0.0     0.0     0.0     0.0
               D2   TORS:      0.0     0.0     0.0     0.0     0.0     0.0     0.0     0.0     0.0     0.0     0.0     0.0     0.0     0.0     0.0
               D3   TORS:      0.0     0.0     0.0     0.0     0.0     0.0     0.0     0.0     0.0     0.0     0.0     0.0     0.0     0.0     0.0
               D4   TORS:      0.0     0.0     0.0     0.0     0.0     0.0     0.0     0.0     0.0     0.0     0.0     0.0     0.0     0.0     0.0
               D5   TORS:      0.0     0.0     0.0     0.0     0.0     0.0     0.0     0.0     0.0     0.0     0.0     0.0     0.0     0.0     0.0
               D6   TORS:      0.0     0.0     0.0     0.0     0.0     0.0     0.0     0.0     0.0     0.0     0.0     0.0     0.0     0.0     0.0
               D7   TORS:      0.0     0.0     0.0     0.0     0.0     0.0     0.0     0.0     0.0     0.0     0.0     0.0     0.0     0.0     0.0
               O1    OOP:      0.0     0.0     0.0     0.0     0.0     0.0     0.0     0.0     0.0     0.0     0.0     0.0     0.0     0.0     0.0
