CMA Database Generation


      CCCCCCCC      MMMMMM     MMMMMM           AAAAA
    CCCCCCCCCCCC    MMMMMMM   MMMMMMM          AAAAAAA
   CCCC      CCCC   MMMMMMMM MMMMMMMM         AAAA AAAA
  CCCC              MMMM MMMMMMM MMMM        AAAA   AAAA
  CCCC              MMMM  MMMM   MMMM       AAAA     AAAA
  CCCC              MMMM         MMMM      AAAA       AAAA
  CCCC              MMMM         MMMM     AAAAAAAAAAAAAAAAA 
   CCCC      CCCC   MMMM         MMMM    AAAAAAAAAAAAAAAAAAA
    CCCCCCCCCCCC    MMMM         MMMM   AAAA             AAAA
      CCCCCCCC      MMMM         MMMM  AAAA               AAAA


.............................................................................,............
........................................................;+..,,,:::::::::,,,,..;;..........
......................................................:?S%*?*?%%%%SSSS%%%%?*++##?:........
...................................................,:?SS%%S#S%%?*******??%SSS###@#*,......
...................................................;??%%S#@%,.............,:#@@@@#@S;.....
......................................................,,,:::...............,;;;::,,,,.....
..........................................................................................
.................................................................,,,,,,,,,,,,.............
................................................................:::,,....,,:::............
...............................................................:;::,.,,,,,,:;+;...........
..............................................................,++;;:::::::;;++*,..........
..............................................................:*+*++++;;;++****,..........
..............................................................,+??????**?????%+...........
...............................................................,+%SSSSSSSSSS%+,...........
.................................................................:+%#@#@S%?+,.............
...................................................................:###S:,................
...................................................................+SS#?..................
...................................................................?SS#+..................
..................................................................,SSS#:..................
................................................................,.:SSSS,..................
................,*+...............................................+#S#?...................
.............,:*%#%...........................................,,,,?SS#+...................
...........,;?%?%#S,......................................,:;+*??%%%%S?*+:,...............
...........,;*?*?##:.................................,,.,;*%%%%%%%%%%%%%%%?+:.............
............,%S#?;*:...................................:?%%%%%%%%%%%%%%%%%%%%+,,..........
............+SS#;............,,.......................+%%%%%%%%%%%%%%%%%%%%%%S?,..........
............%S#%..,......,,,,,,,,,,,.................;S%%%%%%?*?%%%%%%?*?%%%%%S*,.........
...........,SS#*.....,.,::,,.....,::;,..............,?S%%%%%%%%%%%%%%%%%%%%%SSSS:.........
...........:SS#+......,;;;:,,,,,,,::++;;;;;+++++*****SSSSS%%%%%%%%%%%%%%%%%SSSSS;.........
...........:#S#+......:++;::::::::;;**%SSSSSSSSSSSSSS#SSSSSSS%%%%%%%%%SSSSSSSSS#;.........
...........,SS#?......;**+++;;;;+++*???????***+++;;;:*#SSSSSSSSSSSSSSSSSSSSSSSS%,.........
............?#SS,...,.,*%??*****??????:..............,?#SSSSSSSSSSSSSSSSSSSSS#S:..........
............:#SS%%*,...,*%%SSSSSSSS%?:................,*##SSSS###############%:...........
...........;S@@#@@?......:+?%SSSS%*;,...................;?S################%+,.,..........
...........,;%@@@@;.........,,,,,.........................:*%S####@@@##S%*;,..............
.............,;%@#,..........................................,:;+++++;:,..................
................;+,.......................................................................
..........................................................................................
..........................................................................................
..........................................................................................
..........................................................................................
..........................................................................................
..........................................................................................

Contributors: Dr. Mitchell Lahm, Nathaniel Kitzmiller, Dr. Henry Mull, Laura Olive, Jace Jin

Combinations of levels of theory (high, low): ('CCSD_T_TZ', 'CCSD_T_DZ')
Coordinate types: Nattys
Number of off-diagonal corrections: 0

Generating database entries for 1 jobs:
91_pyridine         

////////////////////////////////////////////
//              91_pyridine               //
////////////////////////////////////////////
I am in /home/vulcan/jj04645/github/CMA_Benchmarker/4_G3_99/91_pyridine and I can see ['CCSD_T_TZ', 'manual_projection.py', '__pycache__', 'CCSD_T_DZ']
/home/vulcan/jj04645/github/CMA_Benchmarker/4_G3_99/91_pyridine/CCSD_T_TZ

==================================================
                Current Parameters
--------------------------------------------------
  Job                     pyridine (4.91)
  High level of theory    CCSD_T_TZ
  Low level of theory     CCSD_T_DZ
  Coordinate type         Nattys
==================================================

You have imported the merger script!
Initial Geometric Internal Coordinate Values:
('4', '2') R1 = 2.6394295298646955
('2', '1') R2 = 2.6356755338086733
('1', '3') R3 = 2.6356755338086733
('3', '5') R4 = 2.6394295298646955
('5', '6') R5 = 2.5360731314334193
('6', '4') R6 = 2.5360731314334193
('4', '10') R7 = 2.0496730090919004
('5', '11') R8 = 2.0496730090919004
('2', '8') R9 = 2.0451721214131524
('3', '9') R10 = 2.0451721214131524
('1', '7') R11 = 2.04646502
('5', '6', '4') A1 = 116.59811390216265
('6', '4', '2') A2 = 124.00273953882898
('6', '2', '1') A3 = 91.11786316704544
('2', '1', '3') A4 = 118.38008365879027
('1', '3', '5') A5 = 118.50816168069458
('3', '5', '6') A6 = 124.00273953882898
('10', '4', '2') A7 = 120.1568418037104
('10', '4', '6') A8 = 115.84041865746065
('11', '5', '3') A9 = 120.1568418037104
('11', '5', '6') A10 = 115.84041865746065
('8', '2', '4') A11 = 120.15227789678401
('8', '2', '1') A12 = 121.33956042252142
('9', '3', '5') A13 = 120.15227789678401
('9', '3', '1') A14 = 121.33956042252142
('7', '1', '2') A15 = 120.80995817060489
('7', '1', '3') A16 = 120.80995817060489
('6', '4', '2', '1') D1 = 0.0
('4', '2', '1', '3') D2 = 0.0
('2', '1', '3', '5') D3 = 0.0
('1', '3', '5', '6') D4 = 0.0
('3', '5', '6', '4') D5 = 0.0
('5', '6', '4', '2') D6 = 0.0
('10', '4', '2', '6') O1 = 0.0
('11', '5', '3', '6') O2 = 0.0
('8', '2', '4', '1') O3 = 0.0
('9', '3', '5', '1') O4 = 0.0
('7', '1', '2', '3') O5 = 0.0
Final Geometric Internal Coordinate Values:
('4', '2') R1 = 2.6394295298646955
('2', '1') R2 = 2.6356755338086733
('1', '3') R3 = 2.6356755338086733
('3', '5') R4 = 2.6394295298646955
('5', '6') R5 = 2.5360731314334193
('6', '4') R6 = 2.5360731314334193
('4', '10') R7 = 2.0496730090919004
('5', '11') R8 = 2.0496730090919004
('2', '8') R9 = 2.0451721214131524
('3', '9') R10 = 2.0451721214131524
('1', '7') R11 = 2.04646502
('5', '6', '4') A1 = 116.59811390216265
('6', '4', '2') A2 = 124.00273953882898
('6', '2', '1') A3 = 91.11786316704544
('2', '1', '3') A4 = 118.38008365879027
('1', '3', '5') A5 = 118.50816168069458
('3', '5', '6') A6 = 124.00273953882898
('10', '4', '2') A7 = 120.1568418037104
('10', '4', '6') A8 = 115.84041865746065
('11', '5', '3') A9 = 120.1568418037104
('11', '5', '6') A10 = 115.84041865746065
('8', '2', '4') A11 = 120.15227789678401
('8', '2', '1') A12 = 121.33956042252142
('9', '3', '5') A13 = 120.15227789678401
('9', '3', '1') A14 = 121.33956042252142
('7', '1', '2') A15 = 120.80995817060489
('7', '1', '3') A16 = 120.80995817060489
('6', '4', '2', '1') D1 = 0.0
('4', '2', '1', '3') D2 = 0.0
('2', '1', '3', '5') D3 = 0.0
('1', '3', '5', '6') D4 = 0.0
('3', '5', '6', '4') D5 = 0.0
('5', '6', '4', '2') D6 = 0.0
('10', '4', '2', '6') O1 = 0.0
('11', '5', '3', '6') O2 = 0.0
('8', '2', '4', '1') O3 = 0.0
('9', '3', '5', '1') O4 = 0.0
('7', '1', '2', '3') O5 = 0.0
Final - Initial Geometric Internal Coordinate Values:
R1 = 0.0
R2 = 0.0
R3 = 0.0
R4 = 0.0
R5 = 0.0
R6 = 0.0
R7 = 0.0
R8 = 0.0
R9 = 0.0
R10 = 0.0
R11 = 0.0
A1 = 0.0
A2 = 0.0
A3 = 0.0
A4 = 0.0
A5 = 0.0
A6 = 0.0
A7 = 0.0
A8 = 0.0
A9 = 0.0
A10 = 0.0
A11 = 0.0
A12 = 0.0
A13 = 0.0
A14 = 0.0
A15 = 0.0
A16 = 0.0
D1 = 0.0
D2 = 0.0
D3 = 0.0
D4 = 0.0
D5 = 0.0
D6 = 0.0
O1 = 0.0
O2 = 0.0
O3 = 0.0
O4 = 0.0
O5 = 0.0
this is proj, check for this when redundants executed
[[ 0.4082  0.4082  0.5774  0.      0.5774  0.      0.      0.      0.      0.      0.      0.      0.      0.      0.      0.      0.      0.      0.      0.      0.      0.      0.      0.      0.      0.      0.    ]
 [ 0.4082 -0.4082  0.2887  0.5    -0.2887  0.5     0.      0.      0.      0.      0.      0.      0.      0.      0.      0.      0.      0.      0.      0.      0.      0.      0.      0.      0.      0.      0.    ]
 [ 0.4082  0.4082 -0.2887  0.5    -0.2887 -0.5     0.      0.      0.      0.      0.      0.      0.      0.      0.      0.      0.      0.      0.      0.      0.      0.      0.      0.      0.      0.      0.    ]
 [ 0.4082 -0.4082 -0.5774  0.      0.5774  0.      0.      0.      0.      0.      0.      0.      0.      0.      0.      0.      0.      0.      0.      0.      0.      0.      0.      0.      0.      0.      0.    ]
 [ 0.4082  0.4082 -0.2887 -0.5    -0.2887  0.5     0.      0.      0.      0.      0.      0.      0.      0.      0.      0.      0.      0.      0.      0.      0.      0.      0.      0.      0.      0.      0.    ]
 [ 0.4082 -0.4082  0.2887 -0.5    -0.2887 -0.5     0.      0.      0.      0.      0.      0.      0.      0.      0.      0.      0.      0.      0.      0.      0.      0.      0.      0.      0.      0.      0.    ]
 [ 0.      0.      0.      0.      0.      0.      0.7071  0.7071  0.      0.      0.      0.      0.      0.      0.      0.      0.      0.      0.      0.      0.      0.      0.      0.      0.      0.      0.    ]
 [ 0.      0.      0.      0.      0.      0.      0.7071 -0.7071  0.      0.      0.      0.      0.      0.      0.      0.      0.      0.      0.      0.      0.      0.      0.      0.      0.      0.      0.    ]
 [ 0.      0.      0.      0.      0.      0.      0.      0.      0.7071  0.7071  0.      0.      0.      0.      0.      0.      0.      0.      0.      0.      0.      0.      0.      0.      0.      0.      0.    ]
 [ 0.      0.      0.      0.      0.      0.      0.      0.      0.7071 -0.7071  0.      0.      0.      0.      0.      0.      0.      0.      0.      0.      0.      0.      0.      0.      0.      0.      0.    ]
 [ 0.      0.      0.      0.      0.      0.      0.      0.      0.      0.      1.      0.      0.      0.      0.      0.      0.      0.      0.      0.      0.      0.      0.      0.      0.      0.      0.    ]
 [ 0.      0.      0.      0.      0.      0.      0.      0.      0.      0.      0.      0.4082  0.5774  0.      0.      0.      0.      0.      0.      0.      0.      0.      0.      0.      0.      0.      0.    ]
 [ 0.      0.      0.      0.      0.      0.      0.      0.      0.      0.      0.     -0.4082 -0.2887  0.5     0.      0.      0.      0.      0.      0.      0.      0.      0.      0.      0.      0.      0.    ]
 [ 0.      0.      0.      0.      0.      0.      0.      0.      0.      0.      0.      0.4082 -0.2887 -0.5     0.      0.      0.      0.      0.      0.      0.      0.      0.      0.      0.      0.      0.    ]
 [ 0.      0.      0.      0.      0.      0.      0.      0.      0.      0.      0.     -0.4082  0.5774  0.      0.      0.      0.      0.      0.      0.      0.      0.      0.      0.      0.      0.      0.    ]
 [ 0.      0.      0.      0.      0.      0.      0.      0.      0.      0.      0.      0.4082 -0.2887  0.5     0.      0.      0.      0.      0.      0.      0.      0.      0.      0.      0.      0.      0.    ]
 [ 0.      0.      0.      0.      0.      0.      0.      0.      0.      0.      0.     -0.4082 -0.2887 -0.5     0.      0.      0.      0.      0.      0.      0.      0.      0.      0.      0.      0.      0.    ]
 [ 0.      0.      0.      0.      0.      0.      0.      0.      0.      0.      0.      0.      0.      0.      0.5     0.5     0.      0.      0.      0.      0.      0.      0.      0.      0.      0.      0.    ]
 [ 0.      0.      0.      0.      0.      0.      0.      0.      0.      0.      0.      0.      0.      0.     -0.5    -0.5     0.      0.      0.      0.      0.      0.      0.      0.      0.      0.      0.    ]
 [ 0.      0.      0.      0.      0.      0.      0.      0.      0.      0.      0.      0.      0.      0.      0.5    -0.5     0.      0.      0.      0.      0.      0.      0.      0.      0.      0.      0.    ]
 [ 0.      0.      0.      0.      0.      0.      0.      0.      0.      0.      0.      0.      0.      0.     -0.5     0.5     0.      0.      0.      0.      0.      0.      0.      0.      0.      0.      0.    ]
 [ 0.      0.      0.      0.      0.      0.      0.      0.      0.      0.      0.      0.      0.      0.      0.      0.      0.5     0.5     0.      0.      0.      0.      0.      0.      0.      0.      0.    ]
 [ 0.      0.      0.      0.      0.      0.      0.      0.      0.      0.      0.      0.      0.      0.      0.      0.     -0.5    -0.5     0.      0.      0.      0.      0.      0.      0.      0.      0.    ]
 [ 0.      0.      0.      0.      0.      0.      0.      0.      0.      0.      0.      0.      0.      0.      0.      0.      0.5    -0.5     0.      0.      0.      0.      0.      0.      0.      0.      0.    ]
 [ 0.      0.      0.      0.      0.      0.      0.      0.      0.      0.      0.      0.      0.      0.      0.      0.     -0.5     0.5     0.      0.      0.      0.      0.      0.      0.      0.      0.    ]
 [ 0.      0.      0.      0.      0.      0.      0.      0.      0.      0.      0.      0.      0.      0.      0.      0.      0.      0.      0.7071  0.      0.      0.      0.      0.      0.      0.      0.    ]
 [ 0.      0.      0.      0.      0.      0.      0.      0.      0.      0.      0.      0.      0.      0.      0.      0.      0.      0.     -0.7071  0.      0.      0.      0.      0.      0.      0.      0.    ]
 [ 0.      0.      0.      0.      0.      0.      0.      0.      0.      0.      0.      0.      0.      0.      0.      0.      0.      0.      0.      0.4082  0.      0.5774  0.      0.      0.      0.      0.    ]
 [ 0.      0.      0.      0.      0.      0.      0.      0.      0.      0.      0.      0.      0.      0.      0.      0.      0.      0.      0.     -0.4082 -0.5    -0.2887  0.      0.      0.      0.      0.    ]
 [ 0.      0.      0.      0.      0.      0.      0.      0.      0.      0.      0.      0.      0.      0.      0.      0.      0.      0.      0.      0.4082  0.5    -0.2887  0.      0.      0.      0.      0.    ]
 [ 0.      0.      0.      0.      0.      0.      0.      0.      0.      0.      0.      0.      0.      0.      0.      0.      0.      0.      0.     -0.4082  0.      0.5774  0.      0.      0.      0.      0.    ]
 [ 0.      0.      0.      0.      0.      0.      0.      0.      0.      0.      0.      0.      0.      0.      0.      0.      0.      0.      0.      0.4082 -0.5    -0.2887  0.      0.      0.      0.      0.    ]
 [ 0.      0.      0.      0.      0.      0.      0.      0.      0.      0.      0.      0.      0.      0.      0.      0.      0.      0.      0.     -0.4082  0.5    -0.2887  0.      0.      0.      0.      0.    ]
 [ 0.      0.      0.      0.      0.      0.      0.      0.      0.      0.      0.      0.      0.      0.      0.      0.      0.      0.      0.      0.      0.      0.      0.7071  0.7071  0.      0.      0.    ]
 [ 0.      0.      0.      0.      0.      0.      0.      0.      0.      0.      0.      0.      0.      0.      0.      0.      0.      0.      0.      0.      0.      0.      0.7071 -0.7071  0.      0.      0.    ]
 [ 0.      0.      0.      0.      0.      0.      0.      0.      0.      0.      0.      0.      0.      0.      0.      0.      0.      0.      0.      0.      0.      0.      0.      0.      0.7071  0.7071  0.    ]
 [ 0.      0.      0.      0.      0.      0.      0.      0.      0.      0.      0.      0.      0.      0.      0.      0.      0.      0.      0.      0.      0.      0.      0.      0.      0.7071 -0.7071  0.    ]
 [ 0.      0.      0.      0.      0.      0.      0.      0.      0.      0.      0.      0.      0.      0.      0.      0.      0.      0.      0.      0.      0.      0.      0.      0.      0.      0.      1.    ]]
TED PROJ:
[[ 0.4082  0.4082  0.5774  0.      0.5774  0.      0.      0.      0.      0.      0.      0.      0.      0.      0.      0.      0.      0.      0.      0.      0.      0.      0.      0.      0.      0.      0.    ]
 [ 0.4082 -0.4082  0.2887  0.5    -0.2887  0.5     0.      0.      0.      0.      0.      0.      0.      0.      0.      0.      0.      0.      0.      0.      0.      0.      0.      0.      0.      0.      0.    ]
 [ 0.4082  0.4082 -0.2887  0.5    -0.2887 -0.5     0.      0.      0.      0.      0.      0.      0.      0.      0.      0.      0.      0.      0.      0.      0.      0.      0.      0.      0.      0.      0.    ]
 [ 0.4082 -0.4082 -0.5774  0.      0.5774  0.      0.      0.      0.      0.      0.      0.      0.      0.      0.      0.      0.      0.      0.      0.      0.      0.      0.      0.      0.      0.      0.    ]
 [ 0.4082  0.4082 -0.2887 -0.5    -0.2887  0.5     0.      0.      0.      0.      0.      0.      0.      0.      0.      0.      0.      0.      0.      0.      0.      0.      0.      0.      0.      0.      0.    ]
 [ 0.4082 -0.4082  0.2887 -0.5    -0.2887 -0.5     0.      0.      0.      0.      0.      0.      0.      0.      0.      0.      0.      0.      0.      0.      0.      0.      0.      0.      0.      0.      0.    ]
 [ 0.      0.      0.      0.      0.      0.      0.7071  0.7071  0.      0.      0.      0.      0.      0.      0.      0.      0.      0.      0.      0.      0.      0.      0.      0.      0.      0.      0.    ]
 [ 0.      0.      0.      0.      0.      0.      0.7071 -0.7071  0.      0.      0.      0.      0.      0.      0.      0.      0.      0.      0.      0.      0.      0.      0.      0.      0.      0.      0.    ]
 [ 0.      0.      0.      0.      0.      0.      0.      0.      0.7071  0.7071  0.      0.      0.      0.      0.      0.      0.      0.      0.      0.      0.      0.      0.      0.      0.      0.      0.    ]
 [ 0.      0.      0.      0.      0.      0.      0.      0.      0.7071 -0.7071  0.      0.      0.      0.      0.      0.      0.      0.      0.      0.      0.      0.      0.      0.      0.      0.      0.    ]
 [ 0.      0.      0.      0.      0.      0.      0.      0.      0.      0.      1.      0.      0.      0.      0.      0.      0.      0.      0.      0.      0.      0.      0.      0.      0.      0.      0.    ]
 [ 0.      0.      0.      0.      0.      0.      0.      0.      0.      0.      0.      0.4082  0.5774  0.      0.      0.      0.      0.      0.      0.      0.      0.      0.      0.      0.      0.      0.    ]
 [ 0.      0.      0.      0.      0.      0.      0.      0.      0.      0.      0.     -0.4082 -0.2887  0.5     0.      0.      0.      0.      0.      0.      0.      0.      0.      0.      0.      0.      0.    ]
 [ 0.      0.      0.      0.      0.      0.      0.      0.      0.      0.      0.      0.4082 -0.2887 -0.5     0.      0.      0.      0.      0.      0.      0.      0.      0.      0.      0.      0.      0.    ]
 [ 0.      0.      0.      0.      0.      0.      0.      0.      0.      0.      0.     -0.4082  0.5774  0.      0.      0.      0.      0.      0.      0.      0.      0.      0.      0.      0.      0.      0.    ]
 [ 0.      0.      0.      0.      0.      0.      0.      0.      0.      0.      0.      0.4082 -0.2887  0.5     0.      0.      0.      0.      0.      0.      0.      0.      0.      0.      0.      0.      0.    ]
 [ 0.      0.      0.      0.      0.      0.      0.      0.      0.      0.      0.     -0.4082 -0.2887 -0.5     0.      0.      0.      0.      0.      0.      0.      0.      0.      0.      0.      0.      0.    ]
 [ 0.      0.      0.      0.      0.      0.      0.      0.      0.      0.      0.      0.      0.      0.      0.5     0.5     0.      0.      0.      0.      0.      0.      0.      0.      0.      0.      0.    ]
 [ 0.      0.      0.      0.      0.      0.      0.      0.      0.      0.      0.      0.      0.      0.     -0.5    -0.5     0.      0.      0.      0.      0.      0.      0.      0.      0.      0.      0.    ]
 [ 0.      0.      0.      0.      0.      0.      0.      0.      0.      0.      0.      0.      0.      0.      0.5    -0.5     0.      0.      0.      0.      0.      0.      0.      0.      0.      0.      0.    ]
 [ 0.      0.      0.      0.      0.      0.      0.      0.      0.      0.      0.      0.      0.      0.     -0.5     0.5     0.      0.      0.      0.      0.      0.      0.      0.      0.      0.      0.    ]
 [ 0.      0.      0.      0.      0.      0.      0.      0.      0.      0.      0.      0.      0.      0.      0.      0.      0.5     0.5     0.      0.      0.      0.      0.      0.      0.      0.      0.    ]
 [ 0.      0.      0.      0.      0.      0.      0.      0.      0.      0.      0.      0.      0.      0.      0.      0.     -0.5    -0.5     0.      0.      0.      0.      0.      0.      0.      0.      0.    ]
 [ 0.      0.      0.      0.      0.      0.      0.      0.      0.      0.      0.      0.      0.      0.      0.      0.      0.5    -0.5     0.      0.      0.      0.      0.      0.      0.      0.      0.    ]
 [ 0.      0.      0.      0.      0.      0.      0.      0.      0.      0.      0.      0.      0.      0.      0.      0.     -0.5     0.5     0.      0.      0.      0.      0.      0.      0.      0.      0.    ]
 [ 0.      0.      0.      0.      0.      0.      0.      0.      0.      0.      0.      0.      0.      0.      0.      0.      0.      0.      0.7071  0.      0.      0.      0.      0.      0.      0.      0.    ]
 [ 0.      0.      0.      0.      0.      0.      0.      0.      0.      0.      0.      0.      0.      0.      0.      0.      0.      0.     -0.7071  0.      0.      0.      0.      0.      0.      0.      0.    ]
 [ 0.      0.      0.      0.      0.      0.      0.      0.      0.      0.      0.      0.      0.      0.      0.      0.      0.      0.      0.      0.4082  0.      0.5774  0.      0.      0.      0.      0.    ]
 [ 0.      0.      0.      0.      0.      0.      0.      0.      0.      0.      0.      0.      0.      0.      0.      0.      0.      0.      0.     -0.4082 -0.5    -0.2887  0.      0.      0.      0.      0.    ]
 [ 0.      0.      0.      0.      0.      0.      0.      0.      0.      0.      0.      0.      0.      0.      0.      0.      0.      0.      0.      0.4082  0.5    -0.2887  0.      0.      0.      0.      0.    ]
 [ 0.      0.      0.      0.      0.      0.      0.      0.      0.      0.      0.      0.      0.      0.      0.      0.      0.      0.      0.     -0.4082  0.      0.5774  0.      0.      0.      0.      0.    ]
 [ 0.      0.      0.      0.      0.      0.      0.      0.      0.      0.      0.      0.      0.      0.      0.      0.      0.      0.      0.      0.4082 -0.5    -0.2887  0.      0.      0.      0.      0.    ]
 [ 0.      0.      0.      0.      0.      0.      0.      0.      0.      0.      0.      0.      0.      0.      0.      0.      0.      0.      0.     -0.4082  0.5    -0.2887  0.      0.      0.      0.      0.    ]
 [ 0.      0.      0.      0.      0.      0.      0.      0.      0.      0.      0.      0.      0.      0.      0.      0.      0.      0.      0.      0.      0.      0.      0.7071  0.7071  0.      0.      0.    ]
 [ 0.      0.      0.      0.      0.      0.      0.      0.      0.      0.      0.      0.      0.      0.      0.      0.      0.      0.      0.      0.      0.      0.      0.7071 -0.7071  0.      0.      0.    ]
 [ 0.      0.      0.      0.      0.      0.      0.      0.      0.      0.      0.      0.      0.      0.      0.      0.      0.      0.      0.      0.      0.      0.      0.      0.      0.7071  0.7071  0.    ]
 [ 0.      0.      0.      0.      0.      0.      0.      0.      0.      0.      0.      0.      0.      0.      0.      0.      0.      0.      0.      0.      0.      0.      0.      0.      0.7071 -0.7071  0.    ]
 [ 0.      0.      0.      0.      0.      0.      0.      0.      0.      0.      0.      0.      0.      0.      0.      0.      0.      0.      0.      0.      0.      0.      0.      0.      0.      0.      1.    ]]
Normal Coordinate Values:
Normal Coordinate #1   :  6.37780
Normal Coordinate #2   : -0.00000
Normal Coordinate #3   :  0.00000
Normal Coordinate #4   :  0.09960
Normal Coordinate #5   :  0.06184
Normal Coordinate #6   :  0.00000
Normal Coordinate #7   :  2.89868
Normal Coordinate #8   : -0.00000
Normal Coordinate #9   :  2.89231
Normal Coordinate #10  :  0.00000
Normal Coordinate #11  :  2.04647
Normal Coordinate #12  : -0.28616
Normal Coordinate #13  :  0.06210
Normal Coordinate #14  :  0.23903
Normal Coordinate #15  :  0.07534
Normal Coordinate #16  :  0.00000
Normal Coordinate #17  : -0.02072
Normal Coordinate #18  :  0.00000
Normal Coordinate #19  :  0.00000
Normal Coordinate #20  :  0.00000
Normal Coordinate #21  :  0.00000
Normal Coordinate #22  :  0.00000
Normal Coordinate #23  :  0.00000
Normal Coordinate #24  :  0.00000
Normal Coordinate #25  :  0.00000
Normal Coordinate #26  :  0.00000
Normal Coordinate #27  :  0.00000
deriv_level:
0
If something looks wrong with the final frequencies, check these energies!
(Job number 1 == Reference energy) :D
/home/vulcan/jj04645/github/CMA_Benchmarker/4_G3_99/91_pyridine/CCSD_T_TZ/Disps_CCSD_T_DZ/DispsInit
Reference energy: -247.556755458642
Relative energies plus-displacements on the diagonal and plus/plus-displacements on the off-diagonal elements
[[0. 0. 0. 0. 0. 0. 0. 0. 0. 0. 0. 0. 0. 0. 0. 0. 0. 0. 0. 0. 0. 0. 0. 0. 0. 0. 0.]
 [0. 0. 0. 0. 0. 0. 0. 0. 0. 0. 0. 0. 0. 0. 0. 0. 0. 0. 0. 0. 0. 0. 0. 0. 0. 0. 0.]
 [0. 0. 0. 0. 0. 0. 0. 0. 0. 0. 0. 0. 0. 0. 0. 0. 0. 0. 0. 0. 0. 0. 0. 0. 0. 0. 0.]
 [0. 0. 0. 0. 0. 0. 0. 0. 0. 0. 0. 0. 0. 0. 0. 0. 0. 0. 0. 0. 0. 0. 0. 0. 0. 0. 0.]
 [0. 0. 0. 0. 0. 0. 0. 0. 0. 0. 0. 0. 0. 0. 0. 0. 0. 0. 0. 0. 0. 0. 0. 0. 0. 0. 0.]
 [0. 0. 0. 0. 0. 0. 0. 0. 0. 0. 0. 0. 0. 0. 0. 0. 0. 0. 0. 0. 0. 0. 0. 0. 0. 0. 0.]
 [0. 0. 0. 0. 0. 0. 0. 0. 0. 0. 0. 0. 0. 0. 0. 0. 0. 0. 0. 0. 0. 0. 0. 0. 0. 0. 0.]
 [0. 0. 0. 0. 0. 0. 0. 0. 0. 0. 0. 0. 0. 0. 0. 0. 0. 0. 0. 0. 0. 0. 0. 0. 0. 0. 0.]
 [0. 0. 0. 0. 0. 0. 0. 0. 0. 0. 0. 0. 0. 0. 0. 0. 0. 0. 0. 0. 0. 0. 0. 0. 0. 0. 0.]
 [0. 0. 0. 0. 0. 0. 0. 0. 0. 0. 0. 0. 0. 0. 0. 0. 0. 0. 0. 0. 0. 0. 0. 0. 0. 0. 0.]
 [0. 0. 0. 0. 0. 0. 0. 0. 0. 0. 0. 0. 0. 0. 0. 0. 0. 0. 0. 0. 0. 0. 0. 0. 0. 0. 0.]
 [0. 0. 0. 0. 0. 0. 0. 0. 0. 0. 0. 0. 0. 0. 0. 0. 0. 0. 0. 0. 0. 0. 0. 0. 0. 0. 0.]
 [0. 0. 0. 0. 0. 0. 0. 0. 0. 0. 0. 0. 0. 0. 0. 0. 0. 0. 0. 0. 0. 0. 0. 0. 0. 0. 0.]
 [0. 0. 0. 0. 0. 0. 0. 0. 0. 0. 0. 0. 0. 0. 0. 0. 0. 0. 0. 0. 0. 0. 0. 0. 0. 0. 0.]
 [0. 0. 0. 0. 0. 0. 0. 0. 0. 0. 0. 0. 0. 0. 0. 0. 0. 0. 0. 0. 0. 0. 0. 0. 0. 0. 0.]
 [0. 0. 0. 0. 0. 0. 0. 0. 0. 0. 0. 0. 0. 0. 0. 0. 0. 0. 0. 0. 0. 0. 0. 0. 0. 0. 0.]
 [0. 0. 0. 0. 0. 0. 0. 0. 0. 0. 0. 0. 0. 0. 0. 0. 0. 0. 0. 0. 0. 0. 0. 0. 0. 0. 0.]
 [0. 0. 0. 0. 0. 0. 0. 0. 0. 0. 0. 0. 0. 0. 0. 0. 0. 0. 0. 0. 0. 0. 0. 0. 0. 0. 0.]
 [0. 0. 0. 0. 0. 0. 0. 0. 0. 0. 0. 0. 0. 0. 0. 0. 0. 0. 0. 0. 0. 0. 0. 0. 0. 0. 0.]
 [0. 0. 0. 0. 0. 0. 0. 0. 0. 0. 0. 0. 0. 0. 0. 0. 0. 0. 0. 0. 0. 0. 0. 0. 0. 0. 0.]
 [0. 0. 0. 0. 0. 0. 0. 0. 0. 0. 0. 0. 0. 0. 0. 0. 0. 0. 0. 0. 0. 0. 0. 0. 0. 0. 0.]
 [0. 0. 0. 0. 0. 0. 0. 0. 0. 0. 0. 0. 0. 0. 0. 0. 0. 0. 0. 0. 0. 0. 0. 0. 0. 0. 0.]
 [0. 0. 0. 0. 0. 0. 0. 0. 0. 0. 0. 0. 0. 0. 0. 0. 0. 0. 0. 0. 0. 0. 0. 0. 0. 0. 0.]
 [0. 0. 0. 0. 0. 0. 0. 0. 0. 0. 0. 0. 0. 0. 0. 0. 0. 0. 0. 0. 0. 0. 0. 0. 0. 0. 0.]
 [0. 0. 0. 0. 0. 0. 0. 0. 0. 0. 0. 0. 0. 0. 0. 0. 0. 0. 0. 0. 0. 0. 0. 0. 0. 0. 0.]
 [0. 0. 0. 0. 0. 0. 0. 0. 0. 0. 0. 0. 0. 0. 0. 0. 0. 0. 0. 0. 0. 0. 0. 0. 0. 0. 0.]
 [0. 0. 0. 0. 0. 0. 0. 0. 0. 0. 0. 0. 0. 0. 0. 0. 0. 0. 0. 0. 0. 0. 0. 0. 0. 0. 0.]]
Relative energies minus-displacements on the diagonal and minus/minus-displacements on the off-diagonal elements
[[0. 0. 0. 0. 0. 0. 0. 0. 0. 0. 0. 0. 0. 0. 0. 0. 0. 0. 0. 0. 0. 0. 0. 0. 0. 0. 0.]
 [0. 0. 0. 0. 0. 0. 0. 0. 0. 0. 0. 0. 0. 0. 0. 0. 0. 0. 0. 0. 0. 0. 0. 0. 0. 0. 0.]
 [0. 0. 0. 0. 0. 0. 0. 0. 0. 0. 0. 0. 0. 0. 0. 0. 0. 0. 0. 0. 0. 0. 0. 0. 0. 0. 0.]
 [0. 0. 0. 0. 0. 0. 0. 0. 0. 0. 0. 0. 0. 0. 0. 0. 0. 0. 0. 0. 0. 0. 0. 0. 0. 0. 0.]
 [0. 0. 0. 0. 0. 0. 0. 0. 0. 0. 0. 0. 0. 0. 0. 0. 0. 0. 0. 0. 0. 0. 0. 0. 0. 0. 0.]
 [0. 0. 0. 0. 0. 0. 0. 0. 0. 0. 0. 0. 0. 0. 0. 0. 0. 0. 0. 0. 0. 0. 0. 0. 0. 0. 0.]
 [0. 0. 0. 0. 0. 0. 0. 0. 0. 0. 0. 0. 0. 0. 0. 0. 0. 0. 0. 0. 0. 0. 0. 0. 0. 0. 0.]
 [0. 0. 0. 0. 0. 0. 0. 0. 0. 0. 0. 0. 0. 0. 0. 0. 0. 0. 0. 0. 0. 0. 0. 0. 0. 0. 0.]
 [0. 0. 0. 0. 0. 0. 0. 0. 0. 0. 0. 0. 0. 0. 0. 0. 0. 0. 0. 0. 0. 0. 0. 0. 0. 0. 0.]
 [0. 0. 0. 0. 0. 0. 0. 0. 0. 0. 0. 0. 0. 0. 0. 0. 0. 0. 0. 0. 0. 0. 0. 0. 0. 0. 0.]
 [0. 0. 0. 0. 0. 0. 0. 0. 0. 0. 0. 0. 0. 0. 0. 0. 0. 0. 0. 0. 0. 0. 0. 0. 0. 0. 0.]
 [0. 0. 0. 0. 0. 0. 0. 0. 0. 0. 0. 0. 0. 0. 0. 0. 0. 0. 0. 0. 0. 0. 0. 0. 0. 0. 0.]
 [0. 0. 0. 0. 0. 0. 0. 0. 0. 0. 0. 0. 0. 0. 0. 0. 0. 0. 0. 0. 0. 0. 0. 0. 0. 0. 0.]
 [0. 0. 0. 0. 0. 0. 0. 0. 0. 0. 0. 0. 0. 0. 0. 0. 0. 0. 0. 0. 0. 0. 0. 0. 0. 0. 0.]
 [0. 0. 0. 0. 0. 0. 0. 0. 0. 0. 0. 0. 0. 0. 0. 0. 0. 0. 0. 0. 0. 0. 0. 0. 0. 0. 0.]
 [0. 0. 0. 0. 0. 0. 0. 0. 0. 0. 0. 0. 0. 0. 0. 0. 0. 0. 0. 0. 0. 0. 0. 0. 0. 0. 0.]
 [0. 0. 0. 0. 0. 0. 0. 0. 0. 0. 0. 0. 0. 0. 0. 0. 0. 0. 0. 0. 0. 0. 0. 0. 0. 0. 0.]
 [0. 0. 0. 0. 0. 0. 0. 0. 0. 0. 0. 0. 0. 0. 0. 0. 0. 0. 0. 0. 0. 0. 0. 0. 0. 0. 0.]
 [0. 0. 0. 0. 0. 0. 0. 0. 0. 0. 0. 0. 0. 0. 0. 0. 0. 0. 0. 0. 0. 0. 0. 0. 0. 0. 0.]
 [0. 0. 0. 0. 0. 0. 0. 0. 0. 0. 0. 0. 0. 0. 0. 0. 0. 0. 0. 0. 0. 0. 0. 0. 0. 0. 0.]
 [0. 0. 0. 0. 0. 0. 0. 0. 0. 0. 0. 0. 0. 0. 0. 0. 0. 0. 0. 0. 0. 0. 0. 0. 0. 0. 0.]
 [0. 0. 0. 0. 0. 0. 0. 0. 0. 0. 0. 0. 0. 0. 0. 0. 0. 0. 0. 0. 0. 0. 0. 0. 0. 0. 0.]
 [0. 0. 0. 0. 0. 0. 0. 0. 0. 0. 0. 0. 0. 0. 0. 0. 0. 0. 0. 0. 0. 0. 0. 0. 0. 0. 0.]
 [0. 0. 0. 0. 0. 0. 0. 0. 0. 0. 0. 0. 0. 0. 0. 0. 0. 0. 0. 0. 0. 0. 0. 0. 0. 0. 0.]
 [0. 0. 0. 0. 0. 0. 0. 0. 0. 0. 0. 0. 0. 0. 0. 0. 0. 0. 0. 0. 0. 0. 0. 0. 0. 0. 0.]
 [0. 0. 0. 0. 0. 0. 0. 0. 0. 0. 0. 0. 0. 0. 0. 0. 0. 0. 0. 0. 0. 0. 0. 0. 0. 0. 0.]
 [0. 0. 0. 0. 0. 0. 0. 0. 0. 0. 0. 0. 0. 0. 0. 0. 0. 0. 0. 0. 0. 0. 0. 0. 0. 0. 0.]]
Computed Force Constants:
[[ 5.63e-01 -9.38e-05  1.40e-04 -1.53e-02 -1.58e-02  3.62e-05  9.50e-03  2.31e-05  2.30e-03 -2.41e-05  2.41e-03
   2.24e-02  2.82e-02 -8.51e-04 -1.12e-02  6.55e-07 -1.50e-03 -2.52e-05  3.09e-05 -4.05e-07  5.85e-07 -3.45e-07
  -1.30e-07  4.55e-07 -1.75e-07 -2.97e-08  1.50e-07]
 [-9.38e-05  2.66e-01 -8.73e-03  1.82e-03 -2.23e-04 -6.40e-03 -5.23e-04 -7.30e-03  1.04e-03 -2.98e-04 -9.19e-04
  -1.58e-02  6.60e-03  1.17e-02 -5.73e-04  2.66e-02 -7.68e-04  1.62e-02 -1.27e-02 -9.90e-07  1.50e-07 -5.20e-07
   1.51e-08  4.35e-07  1.65e-07  1.50e-07  1.20e-07]
 [ 1.40e-04 -8.73e-03  5.52e-01 -2.92e-03 -1.01e-03 -1.31e-02  4.20e-04  1.27e-02 -8.36e-04  4.82e-03  7.37e-04
   1.55e-02 -3.30e-03 -3.65e-02  4.60e-04 -9.47e-04  6.16e-04  4.99e-03  1.21e-02 -6.05e-07  3.05e-07 -6.05e-07
  -2.70e-07  3.35e-07 -2.05e-07 -7.97e-08  1.40e-07]
 [-1.53e-02  1.82e-03 -2.92e-03  5.52e-01  1.88e-03 -2.51e-03 -1.19e-02 -9.84e-04  4.95e-03  1.02e-03  3.90e-03
  -4.76e-02 -1.98e-02  2.79e-02  3.14e-02 -5.51e-05 -1.41e-02  1.04e-03 -1.31e-03 -6.85e-07  1.45e-07 -6.75e-07
  -4.20e-07  4.15e-07 -2.55e-07 -1.40e-07  1.55e-07]
 [-1.58e-02 -2.23e-04 -1.01e-03  1.88e-03  4.98e-01 -3.16e-03 -1.42e-03 -8.16e-04  2.21e-03  8.43e-04 -3.67e-03
  -2.58e-02 -5.84e-02  1.81e-02  3.45e-02 -4.63e-05  2.59e-02  8.59e-04 -1.08e-03 -7.60e-07  1.90e-07 -4.45e-07
  -3.00e-07  4.40e-07 -1.48e-08  1.00e-07 -2.40e-07]
 [ 3.62e-05 -6.40e-03 -1.31e-02 -2.51e-03 -3.16e-03  5.19e-01 -3.25e-04 -1.07e-02  6.46e-04  2.68e-03 -5.70e-04
  -2.86e-03  8.98e-03 -5.96e-02 -3.55e-04  2.53e-02 -4.76e-04 -1.67e-02  2.12e-02 -8.05e-07  3.30e-07 -6.10e-07
  -4.45e-07  1.65e-07 -5.25e-07 -4.00e-07  4.05e-07]
 [ 9.50e-03 -5.23e-04  4.20e-04 -1.19e-02 -1.42e-03 -3.25e-04  3.88e-01  3.87e-05  6.56e-04  2.02e-08  2.75e-04
   1.72e-02  5.72e-03 -1.53e-03  1.51e-03 -1.32e-06 -4.12e-04  1.00e-07 -9.95e-09 -4.48e-08  3.52e-08  1.51e-08
   1.00e-07 -1.05e-07  4.52e-08  3.03e-08 -4.83e-09]
 [ 2.31e-05 -7.30e-03  1.27e-02 -9.84e-04 -8.16e-04 -1.07e-02  3.87e-05  3.88e-01  1.99e-08  5.07e-04  5.12e-09
   1.87e-03  1.32e-03 -1.80e-02 -4.40e-07  2.88e-03 -1.99e-08 -6.84e-04  1.41e-03 -5.49e-08  2.00e-08 -4.97e-09
   2.50e-08 -1.50e-07  3.51e-08  0.00e+00 -1.49e-08]
 [ 2.30e-03  1.04e-03 -8.36e-04  4.95e-03  2.21e-03  6.46e-04  6.56e-04  1.99e-08  3.94e-01  3.92e-05  8.11e-04
  -2.21e-02  5.65e-03  3.03e-03 -6.97e-04  1.50e-07 -4.65e-04 -1.25e-06 -8.50e-08 -3.98e-08  2.52e-08  1.51e-08
   2.50e-08  3.01e-08  1.25e-07 -6.48e-08  1.52e-08]
 [-2.41e-05 -2.98e-04  4.82e-03  1.02e-03  8.43e-04  2.68e-03  2.02e-08  5.07e-04  3.92e-05  3.94e-01  3.52e-08
  -1.94e-03 -1.36e-03  1.86e-02 -4.99e-08 -6.05e-04 -4.65e-07  1.35e-03 -1.53e-03 -5.97e-08  1.02e-08 -4.83e-09
   2.02e-08  2.54e-08  9.04e-08 -3.98e-08  5.26e-09]
 [ 2.41e-03 -9.19e-04  7.37e-04  3.90e-03 -3.67e-03 -5.70e-04  2.75e-04  5.12e-09  8.11e-04  3.52e-08  3.92e-01
   1.55e-02 -1.06e-02 -2.68e-03  1.46e-03  1.70e-07  1.67e-03  9.52e-08 -8.35e-07 -3.96e-08 -1.46e-08  5.02e-08
  -1.98e-08 -9.81e-09  1.52e-08  4.02e-08  2.10e-07]
 [ 2.24e-02 -1.58e-02  1.55e-02 -4.76e-02 -2.58e-02 -2.86e-03  1.72e-02  1.87e-03 -2.21e-02 -1.94e-03  1.55e-02
   3.82e-01  1.09e-02 -8.92e-02 -4.15e-03  1.04e-04  1.14e-03 -1.98e-03  2.49e-03 -4.35e-07  7.05e-07 -4.15e-07
  -2.90e-07  1.05e-07 -2.65e-07 -1.70e-07  1.50e-07]
 [ 2.82e-02  6.60e-03 -3.30e-03 -1.98e-02 -5.84e-02  8.98e-03  5.72e-03  1.32e-03  5.65e-03 -1.36e-03 -1.06e-02
   1.09e-02  2.71e-01 -1.11e-02 -2.62e-02  7.29e-05 -2.56e-02 -1.39e-03  1.75e-03 -5.85e-07  9.50e-07 -1.00e-06
  -4.05e-07  2.70e-07 -3.30e-07  2.02e-08  3.30e-07]
 [-8.51e-04  1.17e-02 -3.65e-02  2.79e-02  1.81e-02 -5.96e-02 -1.53e-03 -1.80e-02  3.03e-03  1.86e-02 -2.68e-03
  -8.92e-02 -1.11e-02  4.49e-01 -1.67e-03 -1.00e-03 -2.24e-03  1.90e-02 -2.40e-02  2.84e-10  3.75e-07  1.95e-07
  -3.40e-07  2.40e-07 -1.35e-07  5.03e-08  7.52e-08]
 [-1.12e-02 -5.73e-04  4.60e-04  3.14e-02  3.45e-02 -3.55e-04  1.51e-03 -4.40e-07 -6.97e-04 -4.99e-08  1.46e-03
  -4.15e-03 -2.62e-02 -1.67e-03  1.44e-01  5.75e-07 -2.42e-03 -6.45e-07 -3.00e-08 -2.70e-07 -5.00e-07 -3.40e-07
   2.27e-06  2.86e-06 -1.45e-07 -2.98e-08 -1.55e-07]
 [ 6.55e-07  2.66e-02 -9.47e-04 -5.51e-05 -4.63e-05  2.53e-02 -1.32e-06  2.88e-03  1.50e-07 -6.05e-04  1.70e-07
   1.04e-04  7.29e-05 -1.00e-03  5.75e-07  1.39e-01 -7.65e-07 -1.23e-03  4.07e-03 -1.17e-06 -1.36e-06 -1.28e-06
   1.40e-06  1.75e-06 -1.07e-06 -1.00e-06 -1.07e-06]
 [-1.50e-03 -7.68e-04  6.16e-04 -1.41e-02  2.59e-02 -4.76e-04 -4.12e-04 -1.99e-08 -4.65e-04 -4.65e-07  1.67e-03
   1.14e-03 -2.56e-02 -2.24e-03 -2.42e-03 -7.65e-07  1.25e-01  7.00e-07  4.50e-07 -3.25e-07 -4.75e-07 -4.45e-07
  -1.50e-07 -9.66e-09  2.13e-06  2.80e-06 -1.80e-07]
 [-2.52e-05  1.62e-02  4.99e-03  1.04e-03  8.59e-04 -1.67e-02  1.00e-07 -6.84e-04 -1.25e-06  1.35e-03  9.52e-08
  -1.98e-03 -1.39e-03  1.90e-02 -6.45e-07 -1.23e-03  7.00e-07  1.19e-01  3.34e-03 -1.10e-06 -1.23e-06 -1.27e-06
  -9.65e-07 -8.60e-07  1.39e-06  1.74e-06 -9.70e-07]
 [ 3.09e-05 -1.27e-02  1.21e-02 -1.31e-03 -1.08e-03  2.12e-02 -9.95e-09  1.41e-03 -8.50e-08 -1.53e-03 -8.35e-07
   2.49e-03  1.75e-03 -2.40e-02 -3.00e-08  4.07e-03  4.50e-07  3.34e-03  1.24e-01 -3.00e-07 -4.85e-07 -5.35e-07
  -2.00e-07  1.42e-10 -2.15e-07 -2.98e-08  4.50e-06]
 [-4.05e-07 -9.90e-07 -6.05e-07 -6.85e-07 -7.60e-07 -8.05e-07 -4.48e-08 -5.49e-08 -3.98e-08 -5.97e-08 -3.96e-08
  -4.35e-07 -5.85e-07  2.84e-10 -2.70e-07 -1.17e-06 -3.25e-07 -1.10e-06 -3.00e-07  8.73e-02  8.71e-03  8.67e-06
  -1.12e-06  5.15e-02 -7.50e-07  5.60e-02 -3.64e-02]
 [ 5.85e-07  1.50e-07  3.05e-07  1.45e-07  1.90e-07  3.30e-07  3.52e-08  2.00e-08  2.52e-08  1.02e-08 -1.46e-08
   7.05e-07  9.50e-07  3.75e-07 -5.00e-07 -1.36e-06 -4.75e-07 -1.23e-06 -4.85e-07  8.71e-03  6.87e-02  6.03e-08
  -6.30e-07 -2.71e-02 -9.20e-07  2.95e-02 -3.73e-02]
 [-3.45e-07 -5.20e-07 -6.05e-07 -6.75e-07 -4.45e-07 -6.10e-07  1.51e-08 -4.97e-09  1.51e-08 -4.83e-09  5.02e-08
  -4.15e-07 -1.00e-06  1.95e-07 -3.40e-07 -1.28e-06 -4.45e-07 -1.27e-06 -5.35e-07  8.67e-06  6.03e-08  6.46e-02
   3.79e-02  1.20e-07  4.03e-02 -3.80e-07 -3.48e-08]
 [-1.30e-07  1.51e-08 -2.70e-07 -4.20e-07 -3.00e-07 -4.45e-07  1.00e-07  2.50e-08  2.50e-08  2.02e-08 -1.98e-08
  -2.90e-07 -4.05e-07 -3.40e-07  2.27e-06  1.40e-06 -1.50e-07 -9.65e-07 -2.00e-07 -1.12e-06 -6.30e-07  3.79e-02
   1.17e-01  4.45e-07  5.52e-03 -7.47e-08  5.05e-07]
 [ 4.55e-07  4.35e-07  3.35e-07  4.15e-07  4.40e-07  1.65e-07 -1.05e-07 -1.50e-07  3.01e-08  2.54e-08 -9.81e-09
   1.05e-07  2.70e-07  2.40e-07  2.86e-06  1.75e-06 -9.66e-09 -8.60e-07  1.42e-10  5.15e-02 -2.71e-02  1.20e-07
   4.45e-07  1.20e-01 -3.45e-07  2.14e-02  2.72e-03]
 [-1.75e-07  1.65e-07 -2.05e-07 -2.55e-07 -1.48e-08 -5.25e-07  4.52e-08  3.51e-08  1.25e-07  9.04e-08  1.52e-08
  -2.65e-07 -3.30e-07 -1.35e-07 -1.45e-07 -1.07e-06  2.13e-06  1.39e-06 -2.15e-07 -7.50e-07 -9.20e-07  4.03e-02
   5.52e-03 -3.45e-07  1.10e-01 -1.05e-06 -6.65e-07]
 [-2.97e-08  1.50e-07 -7.97e-08 -1.40e-07  1.00e-07 -4.00e-07  3.03e-08  0.00e+00 -6.48e-08 -3.98e-08  4.02e-08
  -1.70e-07  2.02e-08  5.03e-08 -2.98e-08 -1.00e-06  2.80e-06  1.74e-06 -2.98e-08  5.60e-02  2.95e-02 -3.80e-07
  -7.47e-08  2.14e-02 -1.05e-06  1.12e-01 -2.43e-02]
 [ 1.50e-07  1.20e-07  1.40e-07  1.55e-07 -2.40e-07  4.05e-07 -4.83e-09 -1.49e-08  1.52e-08  5.26e-09  2.10e-07
   1.50e-07  3.30e-07  7.52e-08 -1.55e-07 -1.07e-06 -1.80e-07 -9.70e-07  4.50e-06 -3.64e-02 -3.73e-02 -3.48e-08
   5.05e-07  2.72e-03 -6.65e-07 -2.43e-02  1.15e-01]]
print_const has run
Force Constants saved at:
/CCSD_T_TZ/Disps_CCSD_T_DZ
             frequency #:        1       2       3       4       5       6       7       8       9      10      11      12      13      14      15
--------------------------------------------------------------------------------------------------------------------------------------------------
               frequency:      0.0     0.0     0.0     0.0     0.0     0.0     0.0     0.0     0.0     0.0     0.0     0.0     0.0     0.0     0.0
--------------------------------------------------------------------------------------------------------------------------------------------------
               B1   STRE:     16.7    16.7    33.3     0.0    33.3    -0.0     0.0     0.0     0.0     0.0     0.0     0.0     0.0     0.0     0.0
               B2   STRE:     16.7    16.7     8.3    25.0     8.3    25.0     0.0     0.0     0.0     0.0     0.0     0.0     0.0     0.0     0.0
