CMA Database Generation


      CCCCCCCC      MMMMMM     MMMMMM           AAAAA
    CCCCCCCCCCCC    MMMMMMM   MMMMMMM          AAAAAAA
   CCCC      CCCC   MMMMMMMM MMMMMMMM         AAAA AAAA
  CCCC              MMMM MMMMMMM MMMM        AAAA   AAAA
  CCCC              MMMM  MMMM   MMMM       AAAA     AAAA
  CCCC              MMMM         MMMM      AAAA       AAAA
  CCCC              MMMM         MMMM     AAAAAAAAAAAAAAAAA 
   CCCC      CCCC   MMMM         MMMM    AAAAAAAAAAAAAAAAAAA
    CCCCCCCCCCCC    MMMM         MMMM   AAAA             AAAA
      CCCCCCCC      MMMM         MMMM  AAAA               AAAA


.............................................................................,............
........................................................;+..,,,:::::::::,,,,..;;..........
......................................................:?S%*?*?%%%%SSSS%%%%?*++##?:........
...................................................,:?SS%%S#S%%?*******??%SSS###@#*,......
...................................................;??%%S#@%,.............,:#@@@@#@S;.....
......................................................,,,:::...............,;;;::,,,,.....
..........................................................................................
.................................................................,,,,,,,,,,,,.............
................................................................:::,,....,,:::............
...............................................................:;::,.,,,,,,:;+;...........
..............................................................,++;;:::::::;;++*,..........
..............................................................:*+*++++;;;++****,..........
..............................................................,+??????**?????%+...........
...............................................................,+%SSSSSSSSSS%+,...........
.................................................................:+%#@#@S%?+,.............
...................................................................:###S:,................
...................................................................+SS#?..................
...................................................................?SS#+..................
..................................................................,SSS#:..................
................................................................,.:SSSS,..................
................,*+...............................................+#S#?...................
.............,:*%#%...........................................,,,,?SS#+...................
...........,;?%?%#S,......................................,:;+*??%%%%S?*+:,...............
...........,;*?*?##:.................................,,.,;*%%%%%%%%%%%%%%%?+:.............
............,%S#?;*:...................................:?%%%%%%%%%%%%%%%%%%%%+,,..........
............+SS#;............,,.......................+%%%%%%%%%%%%%%%%%%%%%%S?,..........
............%S#%..,......,,,,,,,,,,,.................;S%%%%%%?*?%%%%%%?*?%%%%%S*,.........
...........,SS#*.....,.,::,,.....,::;,..............,?S%%%%%%%%%%%%%%%%%%%%%SSSS:.........
...........:SS#+......,;;;:,,,,,,,::++;;;;;+++++*****SSSSS%%%%%%%%%%%%%%%%%SSSSS;.........
...........:#S#+......:++;::::::::;;**%SSSSSSSSSSSSSS#SSSSSSS%%%%%%%%%SSSSSSSSS#;.........
...........,SS#?......;**+++;;;;+++*???????***+++;;;:*#SSSSSSSSSSSSSSSSSSSSSSSS%,.........
............?#SS,...,.,*%??*****??????:..............,?#SSSSSSSSSSSSSSSSSSSSS#S:..........
............:#SS%%*,...,*%%SSSSSSSS%?:................,*##SSSS###############%:...........
...........;S@@#@@?......:+?%SSSS%*;,...................;?S################%+,.,..........
...........,;%@@@@;.........,,,,,.........................:*%S####@@@##S%*;,..............
.............,;%@#,..........................................,:;+++++;:,..................
................;+,.......................................................................
..........................................................................................
..........................................................................................
..........................................................................................
..........................................................................................
..........................................................................................
..........................................................................................

Authors: Dr. Mitchell Lahm, Nathaniel Kitzmiller, Dr. Henry Mull

Combinations of levels of theory (high, low): ('CCSD_T_aTZ', 'CCSD_T_haDZ')
Coordinate types: Redundant
Number of off-diagonal corrections: 36

Generating database entries for 1 jobs:
12_water_trimer     

////////////////////////////////////////////
//            12_water_trimer             //
////////////////////////////////////////////
I am in /home/vulcan/mel64643/packages/CMA_Benchmarker/3_Dimers/12_water_trimer and I can see ['CCSD_T_aDZ', 'CCSD_T_TZ', 'fc2.dat', 'CCSD_T_aTZ', 'CCSD_T_haDZ', 'manual_projection.py', 'MP2_haTZ', 'zmat2', 'zmat', '__pycache__', 'CCSD_T_DZ']

==================================================
                Current Parameters
--------------------------------------------------
  Job                     water_trimer (3.12)
  High level of theory    CCSD_T_aTZ
  Low level of theory     CCSD_T_haDZ
  Coordinate type         Redundant
==================================================

/home/vulcan/mel64643/.conda/envs/TEST2/lib/python3.9/site-packages/scipy/__init__.py:146: UserWarning: A NumPy version >=1.17.3 and <1.25.0 is required for this version of SciPy (detected version 1.26.0
  warnings.warn(f"A NumPy version >={np_minversion} and <{np_maxversion}"
You have imported the merger script!
Initial Geometric Internal Coordinate Values:
['1' '2'] R1 = 1.8383121037032006
['1' '3'] R2 = 1.815794574596821
['4' '5'] R3 = 1.8157530904477752
['4' '6'] R4 = 1.8395134673762414
['7' '8'] R5 = 1.8392562857565988
['7' '9'] R6 = 1.8163837798538005
['8' '1'] R7 = 3.5990369835535576
['2' '4'] R8 = 3.63850126437076
['6' '7'] R9 = 3.600874795439812
['2' '1' '3'] A1 = 105.53345609596542
['2' '1' '8'] A2 = 89.80446657946084
['1' '2' '4'] A3 = 148.96763365202403
['3' '1' '8'] A4 = 126.62637750683096
['5' '4' '6'] A5 = 105.44036768959758
['5' '4' '2'] A6 = 129.4153406682166
['6' '4' '2'] A7 = 88.91113236889736
['4' '6' '7'] A8 = 151.48756608317947
['8' '7' '9'] A9 = 105.26898000695242
['7' '8' '1'] A10 = 151.3445531313646
['8' '7' '6'] A11 = 88.73060897961379
['9' '7' '6'] A12 = 122.9490565472703
['1' '2' '4' '5'] D1 = 121.70616916637475
['1' '2' '4' '6'] D2 = 12.4947833931279
['1' '8' '7' '6'] D3 = 0.5812900357414383
['1' '8' '7' '9'] D4 = 124.49090438776506
['2' '1' '8' '7'] D5 = 4.275377879885004
['2' '4' '6' '7'] D6 = -1.0083686839180268
['3' '1' '2' '4'] D7 = 219.50913271835373
['3' '1' '8' '7'] D8 = 113.61430773003195
['4' '2' '1' '8'] D9 = -12.301203958342715
['4' '6' '7' '8'] D10 = -1.5149382420410433
['4' '6' '7' '9'] D11 = 251.05485940683042
['5' '4' '6' '7'] D12 = 228.1795033154117
['8' '1' '2' '3'] O1 = -51.809912529870736
['3' '1' '2' '8'] O2 = 49.22326845715562
['2' '1' '3' '8'] O3 = -70.66011949349617
['2' '4' '5' '6'] O4 = 49.17589229004768
['6' '4' '2' '5'] O5 = 70.75894478374073
['5' '4' '2' '6'] O6 = -46.847870039148155
['6' '7' '8' '9'] O7 = 56.06947372762518
['9' '7' '6' '8'] O8 = 53.18960395750941
['8' '7' '6' '9'] O9 = -72.52506686082373
Final Geometric Internal Coordinate Values:
['1' '2'] R1 = 1.8383121037032006
['1' '3'] R2 = 1.815794574596821
['4' '5'] R3 = 1.8157530904477752
['4' '6'] R4 = 1.8395134673762414
['7' '8'] R5 = 1.8392562857565988
['7' '9'] R6 = 1.8163837798538005
['8' '1'] R7 = 3.5990369835535576
['2' '4'] R8 = 3.63850126437076
['6' '7'] R9 = 3.600874795439812
['2' '1' '3'] A1 = 105.53345609596542
['2' '1' '8'] A2 = 89.80446657946084
['1' '2' '4'] A3 = 148.96763365202403
['3' '1' '8'] A4 = 126.62637750683096
['5' '4' '6'] A5 = 105.44036768959758
['5' '4' '2'] A6 = 129.4153406682166
['6' '4' '2'] A7 = 88.91113236889736
['4' '6' '7'] A8 = 151.48756608317947
['8' '7' '9'] A9 = 105.26898000695242
['7' '8' '1'] A10 = 151.3445531313646
['8' '7' '6'] A11 = 88.73060897961379
['9' '7' '6'] A12 = 122.9490565472703
['1' '2' '4' '5'] D1 = 121.70616916637475
['1' '2' '4' '6'] D2 = 12.4947833931279
['1' '8' '7' '6'] D3 = 0.5812900357414383
['1' '8' '7' '9'] D4 = 124.49090438776506
['2' '1' '8' '7'] D5 = 4.275377879885004
['2' '4' '6' '7'] D6 = -1.0083686839180268
['3' '1' '2' '4'] D7 = 219.50913271835373
['3' '1' '8' '7'] D8 = 113.61430773003195
['4' '2' '1' '8'] D9 = -12.301203958342715
['4' '6' '7' '8'] D10 = -1.5149382420410433
['4' '6' '7' '9'] D11 = 251.05485940683042
['5' '4' '6' '7'] D12 = 228.1795033154117
['8' '1' '2' '3'] O1 = -51.809912529870736
['3' '1' '2' '8'] O2 = 49.22326845715562
['2' '1' '3' '8'] O3 = -70.66011949349617
['2' '4' '5' '6'] O4 = 49.17589229004768
['6' '4' '2' '5'] O5 = 70.75894478374073
['5' '4' '2' '6'] O6 = -46.847870039148155
['6' '7' '8' '9'] O7 = 56.06947372762518
['9' '7' '6' '8'] O8 = 53.18960395750941
['8' '7' '6' '9'] O9 = -72.52506686082373
Final - Initial Geometric Internal Coordinate Values:
R1 = 0.0
R2 = 0.0
R3 = 0.0
R4 = 0.0
R5 = 0.0
R6 = 0.0
R7 = 0.0
R8 = 0.0
R9 = 0.0
A1 = 0.0
A2 = 0.0
A3 = 0.0
A4 = 0.0
A5 = 0.0
A6 = 0.0
A7 = 0.0
A8 = 0.0
A9 = 0.0
A10 = 0.0
A11 = 0.0
A12 = 0.0
D1 = 0.0
D2 = 0.0
D3 = 0.0
D4 = 0.0
D5 = 0.0
D6 = 0.0
D7 = 0.0
D8 = 0.0
D9 = 0.0
D10 = 0.0
D11 = 0.0
D12 = 0.0
O1 = 0.0
O2 = 0.0
O3 = 0.0
O4 = 0.0
O5 = 0.0
O6 = 0.0
O7 = 0.0
O8 = 0.0
O9 = 0.0
this is proj, check for this when redundants executed
None
proj singular values:
[5.1472e+00 3.9117e+00 3.6862e+00 2.2109e+00 2.1524e+00 2.1178e+00 2.0368e+00 1.9510e+00 1.9202e+00 1.5986e+00 1.5239e+00 1.3511e+00 1.2706e+00 1.2208e+00 1.2171e+00 1.1172e+00 8.7375e-01 8.3867e-01 7.0650e-01 5.7325e-01 5.6549e-01 3.9084e-16 3.5960e-16 3.4988e-16 3.4988e-16 3.4988e-16 2.5353e-16]
Normal Coordinate Values:
Normal Coordinate #1   :  0.02914
Normal Coordinate #2   : -0.28323
Normal Coordinate #3   :  0.02848
Normal Coordinate #4   :  0.56196
Normal Coordinate #5   : -0.39147
Normal Coordinate #6   :  0.92457
Normal Coordinate #7   :  2.44168
Normal Coordinate #8   :  0.65893
Normal Coordinate #9   :  1.40655
Normal Coordinate #10  :  1.52818
Normal Coordinate #11  : -0.58687
Normal Coordinate #12  :  0.95245
Normal Coordinate #13  : -0.60372
Normal Coordinate #14  :  0.13808
Normal Coordinate #15  :  0.17854
Normal Coordinate #16  : -0.62047
Normal Coordinate #17  :  0.23534
Normal Coordinate #18  : -0.60532
Normal Coordinate #19  : -7.68356
Normal Coordinate #20  :  0.40064
Normal Coordinate #21  :  0.56760
deriv_level:
0
If something looks wrong with the final frequencies, check these energies!
(Job number 1 == Reference energy) :D
/home/vulcan/mel64643/packages/CMA_Benchmarker/3_Dimers/12_water_trimer/CCSD_T_aTZ/Disps_CCSD_T_haDZ/DispsInit
Reference energy: -228.840157663406
Relative energies plus-displacements on the diagonal and plus/plus-displacements on the off-diagonal elements
[[0. 0. 0. 0. 0. 0. 0. 0. 0. 0. 0. 0. 0. 0. 0. 0. 0. 0. 0. 0. 0.]
 [0. 0. 0. 0. 0. 0. 0. 0. 0. 0. 0. 0. 0. 0. 0. 0. 0. 0. 0. 0. 0.]
 [0. 0. 0. 0. 0. 0. 0. 0. 0. 0. 0. 0. 0. 0. 0. 0. 0. 0. 0. 0. 0.]
 [0. 0. 0. 0. 0. 0. 0. 0. 0. 0. 0. 0. 0. 0. 0. 0. 0. 0. 0. 0. 0.]
 [0. 0. 0. 0. 0. 0. 0. 0. 0. 0. 0. 0. 0. 0. 0. 0. 0. 0. 0. 0. 0.]
 [0. 0. 0. 0. 0. 0. 0. 0. 0. 0. 0. 0. 0. 0. 0. 0. 0. 0. 0. 0. 0.]
 [0. 0. 0. 0. 0. 0. 0. 0. 0. 0. 0. 0. 0. 0. 0. 0. 0. 0. 0. 0. 0.]
 [0. 0. 0. 0. 0. 0. 0. 0. 0. 0. 0. 0. 0. 0. 0. 0. 0. 0. 0. 0. 0.]
 [0. 0. 0. 0. 0. 0. 0. 0. 0. 0. 0. 0. 0. 0. 0. 0. 0. 0. 0. 0. 0.]
 [0. 0. 0. 0. 0. 0. 0. 0. 0. 0. 0. 0. 0. 0. 0. 0. 0. 0. 0. 0. 0.]
 [0. 0. 0. 0. 0. 0. 0. 0. 0. 0. 0. 0. 0. 0. 0. 0. 0. 0. 0. 0. 0.]
 [0. 0. 0. 0. 0. 0. 0. 0. 0. 0. 0. 0. 0. 0. 0. 0. 0. 0. 0. 0. 0.]
 [0. 0. 0. 0. 0. 0. 0. 0. 0. 0. 0. 0. 0. 0. 0. 0. 0. 0. 0. 0. 0.]
 [0. 0. 0. 0. 0. 0. 0. 0. 0. 0. 0. 0. 0. 0. 0. 0. 0. 0. 0. 0. 0.]
 [0. 0. 0. 0. 0. 0. 0. 0. 0. 0. 0. 0. 0. 0. 0. 0. 0. 0. 0. 0. 0.]
 [0. 0. 0. 0. 0. 0. 0. 0. 0. 0. 0. 0. 0. 0. 0. 0. 0. 0. 0. 0. 0.]
 [0. 0. 0. 0. 0. 0. 0. 0. 0. 0. 0. 0. 0. 0. 0. 0. 0. 0. 0. 0. 0.]
 [0. 0. 0. 0. 0. 0. 0. 0. 0. 0. 0. 0. 0. 0. 0. 0. 0. 0. 0. 0. 0.]
 [0. 0. 0. 0. 0. 0. 0. 0. 0. 0. 0. 0. 0. 0. 0. 0. 0. 0. 0. 0. 0.]
 [0. 0. 0. 0. 0. 0. 0. 0. 0. 0. 0. 0. 0. 0. 0. 0. 0. 0. 0. 0. 0.]
 [0. 0. 0. 0. 0. 0. 0. 0. 0. 0. 0. 0. 0. 0. 0. 0. 0. 0. 0. 0. 0.]]
Relative energies minus-displacements on the diagonal and minus/minus-displacements on the off-diagonal elements
[[0. 0. 0. 0. 0. 0. 0. 0. 0. 0. 0. 0. 0. 0. 0. 0. 0. 0. 0. 0. 0.]
 [0. 0. 0. 0. 0. 0. 0. 0. 0. 0. 0. 0. 0. 0. 0. 0. 0. 0. 0. 0. 0.]
 [0. 0. 0. 0. 0. 0. 0. 0. 0. 0. 0. 0. 0. 0. 0. 0. 0. 0. 0. 0. 0.]
 [0. 0. 0. 0. 0. 0. 0. 0. 0. 0. 0. 0. 0. 0. 0. 0. 0. 0. 0. 0. 0.]
 [0. 0. 0. 0. 0. 0. 0. 0. 0. 0. 0. 0. 0. 0. 0. 0. 0. 0. 0. 0. 0.]
 [0. 0. 0. 0. 0. 0. 0. 0. 0. 0. 0. 0. 0. 0. 0. 0. 0. 0. 0. 0. 0.]
 [0. 0. 0. 0. 0. 0. 0. 0. 0. 0. 0. 0. 0. 0. 0. 0. 0. 0. 0. 0. 0.]
 [0. 0. 0. 0. 0. 0. 0. 0. 0. 0. 0. 0. 0. 0. 0. 0. 0. 0. 0. 0. 0.]
 [0. 0. 0. 0. 0. 0. 0. 0. 0. 0. 0. 0. 0. 0. 0. 0. 0. 0. 0. 0. 0.]
 [0. 0. 0. 0. 0. 0. 0. 0. 0. 0. 0. 0. 0. 0. 0. 0. 0. 0. 0. 0. 0.]
 [0. 0. 0. 0. 0. 0. 0. 0. 0. 0. 0. 0. 0. 0. 0. 0. 0. 0. 0. 0. 0.]
 [0. 0. 0. 0. 0. 0. 0. 0. 0. 0. 0. 0. 0. 0. 0. 0. 0. 0. 0. 0. 0.]
 [0. 0. 0. 0. 0. 0. 0. 0. 0. 0. 0. 0. 0. 0. 0. 0. 0. 0. 0. 0. 0.]
 [0. 0. 0. 0. 0. 0. 0. 0. 0. 0. 0. 0. 0. 0. 0. 0. 0. 0. 0. 0. 0.]
 [0. 0. 0. 0. 0. 0. 0. 0. 0. 0. 0. 0. 0. 0. 0. 0. 0. 0. 0. 0. 0.]
 [0. 0. 0. 0. 0. 0. 0. 0. 0. 0. 0. 0. 0. 0. 0. 0. 0. 0. 0. 0. 0.]
 [0. 0. 0. 0. 0. 0. 0. 0. 0. 0. 0. 0. 0. 0. 0. 0. 0. 0. 0. 0. 0.]
 [0. 0. 0. 0. 0. 0. 0. 0. 0. 0. 0. 0. 0. 0. 0. 0. 0. 0. 0. 0. 0.]
 [0. 0. 0. 0. 0. 0. 0. 0. 0. 0. 0. 0. 0. 0. 0. 0. 0. 0. 0. 0. 0.]
 [0. 0. 0. 0. 0. 0. 0. 0. 0. 0. 0. 0. 0. 0. 0. 0. 0. 0. 0. 0. 0.]
 [0. 0. 0. 0. 0. 0. 0. 0. 0. 0. 0. 0. 0. 0. 0. 0. 0. 0. 0. 0. 0.]]
Computed Force Constants:
[[ 9.91e-03 -5.05e-04  1.42e-03  5.73e-03  1.32e-02 -2.40e-03 -7.64e-03  2.60e-03 -1.15e-02  2.75e-03 -3.22e-03
   2.34e-02 -6.95e-03 -3.88e-02  2.01e-02 -7.34e-03 -1.03e-02  8.13e-03 -4.31e-03 -2.46e-03  9.25e-03]
 [-5.05e-04  1.49e-02 -7.52e-04  9.30e-03 -6.65e-03  7.35e-03  4.47e-03 -1.90e-03 -1.62e-02 -2.65e-02  2.10e-02
   3.24e-03 -6.78e-03 -1.15e-02 -3.93e-02 -1.88e-02 -4.02e-03 -9.62e-03 -1.74e-02  9.96e-03 -2.05e-03]
 [ 1.42e-03 -7.52e-04  1.63e-02 -4.44e-03  5.48e-04  1.29e-02  9.01e-03  1.38e-02  5.73e-03 -1.19e-02 -4.17e-02
   9.06e-03  6.69e-03 -2.75e-02 -1.81e-02  1.67e-02 -3.54e-03 -5.09e-03  2.73e-02  1.82e-03 -2.30e-03]
 [ 5.73e-03  9.30e-03 -4.44e-03  8.50e-02  9.79e-03  1.50e-04 -2.49e-02  2.87e-02  4.55e-02 -8.96e-02  6.68e-02
   3.80e-03  2.03e-02 -1.81e-02  1.07e-02 -1.78e-02 -3.49e-02 -4.65e-02 -1.96e-02  6.58e-02  7.27e-02]
 [ 1.32e-02 -6.65e-03  5.48e-04  9.79e-03  8.34e-02 -5.69e-02  2.93e-02 -1.64e-02 -6.62e-03 -3.80e-02 -3.35e-02
   9.64e-02  1.07e-03 -2.98e-02  3.30e-02  1.49e-02 -5.57e-02  3.29e-02 -2.26e-03 -5.80e-02  6.78e-02]
 [-2.40e-03  7.35e-03  1.29e-02  1.50e-04 -5.69e-02  8.27e-02 -4.19e-02 -1.33e-02  1.17e-02 -1.85e-03 -3.47e-02
  -6.85e-02  4.23e-03 -3.63e-02 -2.90e-02  3.75e-02  4.32e-02 -3.37e-02 -1.86e-02  5.77e-02 -5.76e-02]
 [-7.64e-03  4.47e-03  9.01e-03 -2.49e-02  2.93e-02 -4.19e-02  8.01e-02  2.35e-02 -1.29e-02 -2.88e-02 -2.76e-02
   5.34e-02  1.44e-03  2.80e-02 -7.34e-02 -2.12e-02 -3.05e-02  1.58e-02  4.81e-02 -5.62e-02  1.63e-02]
 [ 2.60e-03 -1.90e-03  1.38e-02  2.87e-02 -1.64e-02 -1.33e-02  2.35e-02  1.71e-01  2.03e-02  3.13e-02  6.02e-02
   1.21e-02  8.08e-03 -3.26e-02 -2.32e-02 -1.31e-01 -2.12e-02 -3.24e-02  1.40e-01  4.67e-02  1.59e-02]
 [-1.15e-02 -1.62e-02  5.73e-03  4.55e-02 -6.62e-03  1.17e-02 -1.29e-02  2.03e-02  1.41e-01 -6.28e-02 -3.84e-02
  -5.37e-02  8.75e-02  6.48e-02  7.11e-04  7.48e-02 -6.12e-03 -6.48e-02  7.47e-02  5.87e-02  4.21e-02]
 [ 2.75e-03 -2.65e-02 -1.19e-02 -8.96e-02 -3.80e-02 -1.85e-03 -2.88e-02  3.13e-02 -6.28e-02  2.53e-01  3.21e-03
  -3.16e-02 -1.17e-02  4.10e-02  1.35e-01 -5.31e-02  8.07e-02  6.83e-02  7.93e-02 -5.54e-02 -7.58e-02]
 [-3.22e-03  2.10e-02 -4.17e-02  6.68e-02 -3.35e-02 -3.47e-02 -2.76e-02  6.02e-02 -3.84e-02  3.21e-03  2.60e-01
  -3.50e-02 -6.27e-02  8.58e-02  1.19e-02 -1.66e-01 -6.33e-03 -2.76e-02 -9.38e-02  4.51e-02  3.72e-02]
 [ 2.34e-02  3.24e-03  9.06e-03  3.80e-03  9.64e-02 -6.85e-02  5.34e-02  1.21e-02 -5.37e-02 -3.16e-02 -3.50e-02
   1.54e-01 -9.45e-03 -8.94e-02  1.18e-02 -2.75e-02 -7.71e-02  5.36e-02  2.53e-02 -7.59e-02  7.74e-02]
 [-6.95e-03 -6.78e-03  6.69e-03  2.03e-02  1.07e-03  4.23e-03  1.44e-03  8.08e-03  8.75e-02 -1.17e-02 -6.27e-02
  -9.45e-03  1.19e-01  3.18e-02  2.03e-02  7.54e-02  9.88e-04 -3.16e-02  1.21e-01  3.11e-02  4.22e-02]
 [-3.88e-02 -1.15e-02 -2.75e-02 -1.81e-02 -2.98e-02 -3.63e-02  2.80e-02 -3.26e-02  6.48e-02  4.10e-02  8.58e-02
  -8.94e-02  3.18e-02  4.17e-01 -3.02e-02  3.71e-02  5.26e-02 -2.09e-02 -9.18e-05 -1.13e-01  4.03e-02]
 [ 2.01e-02 -3.93e-02 -1.81e-02  1.07e-02  3.30e-02 -2.90e-02 -7.34e-02 -2.32e-02  7.11e-04  1.35e-01  1.19e-02
   1.18e-02  2.03e-02 -3.02e-02  3.99e-01  3.93e-02  2.54e-02  7.29e-02 -2.67e-02  3.81e-02  1.15e-01]
 [-7.34e-03 -1.88e-02  1.67e-02 -1.78e-02  1.49e-02  3.75e-02 -2.12e-02 -1.31e-01  7.48e-02 -5.31e-02 -1.66e-01
  -2.75e-02  7.54e-02  3.71e-02  3.93e-02  2.33e-01  2.23e-02 -9.57e-04 -2.31e-02 -1.57e-02  1.56e-02]
 [-1.03e-02 -4.02e-03 -3.54e-03 -3.49e-02 -5.57e-02  4.32e-02 -3.05e-02 -2.12e-02 -6.12e-03  8.07e-02 -6.33e-03
  -7.71e-02  9.88e-04  5.26e-02  2.54e-02  2.23e-02  7.78e-02  1.18e-03 -4.13e-03  2.88e-03 -5.55e-02]
 [ 8.13e-03 -9.62e-03 -5.09e-03 -4.65e-02  3.29e-02 -3.37e-02  1.58e-02 -3.24e-02 -6.48e-02  6.83e-02 -2.76e-02
   5.36e-02 -3.16e-02 -2.09e-02  7.29e-02 -9.57e-04  1.18e-03  8.10e-02 -2.09e-02 -6.29e-02  6.50e-03]
 [-4.31e-03 -1.74e-02  2.73e-02 -1.96e-02 -2.26e-03 -1.86e-02  4.81e-02  1.40e-01  7.47e-02  7.93e-02 -9.38e-02
   2.53e-02  1.21e-01 -9.18e-05 -2.67e-02 -2.31e-02 -4.13e-03 -2.09e-02  3.14e-01 -2.07e-04  5.63e-03]
 [-2.46e-03  9.96e-03  1.82e-03  6.58e-02 -5.80e-02  5.77e-02 -5.62e-02  4.67e-02  5.87e-02 -5.54e-02  4.51e-02
  -7.59e-02  3.11e-02 -1.13e-01  3.81e-02 -1.57e-02  2.88e-03 -6.29e-02 -2.07e-04  2.00e-01 -3.12e-04]
 [ 9.25e-03 -2.05e-03 -2.30e-03  7.27e-02  6.78e-02 -5.76e-02  1.63e-02  1.59e-02  4.21e-02 -7.58e-02  3.72e-02
   7.74e-02  4.22e-02  4.03e-02  1.15e-01  1.56e-02 -5.55e-02  6.50e-03  5.63e-03 -3.12e-04  1.93e-01]]
print_const has run
Force Constants saved at:
/CCSD_T_aTZ/Disps_CCSD_T_haDZ
             frequency #:        1       2       3       4       5       6       7       8       9      10      11      12      13      14      15
--------------------------------------------------------------------------------------------------------------------------------------------------
               frequency:      0.0     0.0     0.0     0.0     0.0     0.0     0.0     0.0     0.0     0.0     0.0     0.0     0.0     0.0     0.0
--------------------------------------------------------------------------------------------------------------------------------------------------
               B1   STRE:      0.0     0.0     0.2    10.1     0.4     0.0     2.1     3.8     7.1    21.0     3.0     0.6     1.1     2.1     5.0
               B2   STRE:      0.3     0.4     0.7     0.5     0.9     1.4     1.7     2.2     4.9    15.0     2.3     0.9     2.0     0.0    49.4
               B3   STRE:      0.4     0.9     0.0     2.6     0.1     0.0     0.0     2.8     6.2     3.9    13.1     2.6     6.9    25.4     2.4
               B4   STRE:      0.0     0.1     0.1     1.0     4.0    10.1     4.8    10.3     0.8     0.0     4.9     7.2     1.1    11.3     0.1
               B5   STRE:      0.0     0.1     0.0     1.5     5.3     2.2     3.7    13.2     4.3     6.5     3.0     7.8     2.8     0.9     9.1
               B6   STRE:      0.6     0.2     0.9     0.1     4.3     0.0     0.0     0.2     0.7     1.1    20.3     9.0     2.6    35.9     5.8
               B7   STRE:      0.0     0.0     0.0     1.3     9.6     4.6    10.7     4.2     3.3     0.0     0.2     1.0    17.9     5.4     1.5
               B8   STRE:      0.0     0.0     0.0    16.8     0.3     0.1     0.1     0.0     9.9    16.3     0.2     0.1     0.8     1.2    12.3
               B9   STRE:      0.0     0.0     0.0     2.0    17.6     1.6     0.6     8.9     0.0     1.6     1.1    11.0     8.6     6.8     0.1
               A1   BEND:      0.3     0.1     2.9     0.9     1.4     1.2     5.7     4.8     2.3     2.1     1.1     0.1     2.7     1.1     1.3
               A2   BEND:      0.0     0.0     0.1     1.7     0.8     2.7     2.1     0.1     1.6     3.0     2.6     0.0     2.0     1.2     0.1
               A3   BEND:      0.0     0.0     0.1     0.2     2.3     5.4     3.1     0.0     0.0     1.6     6.3     0.1     1.8     2.7     0.3
               A4   BEND:      0.4     0.8     0.2     0.1     1.1     1.3     7.0     0.3     0.1     2.1     0.9     2.9     2.7     0.0     0.0
               A5   BEND:      0.6     2.3     0.2     1.1     0.1     6.8     2.2     0.5     4.9     0.3     0.1     3.4     2.5     0.3     0.8
               A6   BEND:      0.4     0.4     0.6     4.8     0.3     0.0     0.0     1.8     2.9     2.7     5.1     1.1     0.3     0.3     0.1
               A7   BEND:      0.0     0.0     0.0     5.0     0.0     0.7     0.2     0.7     3.4     0.0     2.2     1.2     1.7     0.5     2.5
               A8   BEND:      0.0     0.0     0.0     5.4     0.4     0.3     1.9     1.3     5.0     0.6     0.5     1.2     1.0     0.1     3.9
               A9   BEND:      0.8     1.7     1.2     0.5     0.3     0.9     4.7     5.1     1.8     0.2     1.1     0.0     7.9     0.1     0.1
               A10  BEND:      0.0     0.0     0.0     1.5     6.9     1.6     0.4     0.3     2.2     0.0     3.0     0.7     5.5     0.1     0.0
               A11  BEND:      0.0     0.0     0.0     0.0     7.8     0.4     0.4     0.0     0.2     0.1     3.7     0.1     3.7     0.1     0.5
               A12  BEND:      0.5     0.1     0.7     0.0     3.9     4.8     0.0     1.3     0.5     0.5     1.3     5.0     0.3     0.1     0.3
               D1   TORS:      2.9     1.2    16.9     0.5     0.2    11.1     2.7     4.9     0.0     0.1     0.9     2.5     1.4     0.3     0.1
               D2   TORS:      8.6     1.2    14.6     0.1     0.8     0.7     0.0     0.9     1.0     0.0     1.6     0.0     0.1     0.4     0.0
               D3   TORS:      9.6     7.7     4.3     0.0     0.0     0.0     0.0     1.9     0.4     0.3     0.4     0.0     0.7     0.0     0.1
               D4   TORS:      4.9     8.2     1.1     0.1     9.3     4.8     0.4     0.2     0.0     0.0     1.9     7.0     0.0     0.1     0.4
               D5   TORS:     12.2    13.0     0.1     0.0     0.0     0.0     0.0     2.0     0.0     0.3     0.3     0.0     1.7     0.0     0.3
               D6   TORS:      9.1    11.9     0.6     0.1     0.0     0.3     0.0     1.1     1.0     0.4     0.0     0.4     1.0     0.0     0.0
               D7   TORS:      2.4     0.1     8.2     2.5     0.1     0.3     8.2     1.4     3.0     2.5     3.4     2.0     4.6     0.2     0.0
               D8   TORS:      6.3     8.5     7.9     6.4     0.2     0.1     1.1     1.5     8.4     1.8     0.0     0.4     0.6     0.3     0.3
               D9   TORS:      5.7     0.5    14.7     0.3     0.7     0.9     0.0     0.1     1.7     0.1     1.4     0.1     0.1     0.3     0.0
               D10  TORS:     13.6     6.0     5.2     0.1     0.0     0.3    -0.0     0.3     2.0     0.3     0.2     0.5     0.7     0.0     0.0
               D11  TORS:      6.3    15.7     0.6     0.1     3.0     0.8     9.1     3.7     0.0     0.0     0.3     2.4     1.4     0.1     0.4
               D12  TORS:      4.9     6.0     2.4     9.6     0.1     2.0     0.0     0.0     1.0     5.3     3.0     2.9     0.1     0.2     0.5
               O1    OOP:      0.7     1.0     0.9     1.1     1.4     2.4     7.8     0.9     0.2     1.5     0.5     3.2     3.6     0.0     0.0
               O2    OOP:      0.9     1.1     2.1     1.6     0.5     1.1     3.2     2.4     0.8     2.5     0.9     3.0     1.4     0.0     0.1
               O3    OOP:      0.9     0.5     6.3     5.5     0.3     0.0     1.6     7.0     8.1     0.7     0.1     0.4     0.3     0.2     1.2
               O4    OOP:      0.7     1.0     0.6     7.9     0.2     0.8     0.1     1.0     3.7     2.7     3.9     1.3     0.5     0.0     0.5
               O5    OOP:      1.5     4.8     0.1     1.0     0.2    17.0     2.8     1.5     1.0     0.1     0.0     3.4     0.8     1.3     0.1
               O6    OOP:      1.0     1.9     0.3     5.4     0.1     2.6     0.5     0.5     1.3     1.8     3.5     2.4     0.0     0.0     0.2
               O7    OOP:      0.8     0.0     1.1     0.0     7.6     5.4     0.3     0.8     0.7     0.4     0.6     6.0     0.4     0.2     0.1
               O8    OOP:      1.2     0.2     1.8     0.0     5.5     3.1     1.8     0.0     1.5     0.1     1.1     5.3     0.2     0.3     0.0
               O9    OOP:      1.4     2.3     2.2     0.5     1.8     0.1     8.8     6.0     2.1     0.4     0.1     0.7     4.6     0.3     0.4

             frequency #:       16      17      18      19      20      21
--------------------------------------------------------------------------
               frequency:      0.0     0.0     0.0     0.0     0.0     0.0
--------------------------------------------------------------------------
               B1   STRE:      6.7     1.0     2.4    11.2     5.2    12.5
               B2   STRE:      0.3     0.4     6.9     6.8     1.6     1.6
               B3   STRE:     19.6     2.5     0.1     7.0     3.5     0.0
               B4   STRE:      7.8     3.7     0.0    11.9     3.4    12.7
               B5   STRE:      3.4     1.7     2.6    11.0    16.5     0.1
               B6   STRE:      4.1     2.6     0.5     7.6     0.6     2.8
               B7   STRE:      0.4     0.0     0.0    11.6    23.5     0.2
               B8   STRE:      0.3     0.1     0.5    11.3     4.0    21.0
               B9   STRE:      0.0     0.0     0.1    12.5     8.6    14.3
               A1   BEND:      0.3     0.7     0.0     0.4     0.7     5.3
               A2   BEND:      3.9     1.8    10.1     0.0     0.0     6.3
               A3   BEND:      3.4     0.6    23.7     0.0     2.7     1.3
               A4   BEND:      3.5     0.1     4.7     0.2     0.8     0.0
               A5   BEND:      0.0     0.6     0.6     0.5     2.5     3.9
               A6   BEND:      2.6     2.9     1.4     0.2     0.4     1.1
               A7   BEND:      4.0    10.9     0.5     0.1     5.2     1.5
               A8   BEND:      5.6    15.0    11.5     0.2     2.4     0.5
               A9   BEND:      0.2     0.6     0.6     0.6     5.5     0.2
               A10  BEND:      2.8    25.8     3.2     0.1     0.0     3.6
               A11  BEND:      3.7     5.5     9.0     0.1     5.6     1.2
               A12  BEND:      2.9     4.6     1.3     0.2     0.2     0.7
               D1   TORS:      2.9     0.7     0.2     0.5     0.1     0.2
               D2   TORS:      0.1     0.2     0.7     0.0     0.0     0.7
               D3   TORS:      1.3     0.2     1.3     0.0     0.1     0.3
               D4   TORS:      0.0     0.8     2.3     0.4     0.3     0.0
               D5   TORS:      1.5     0.4     0.0     0.1     0.0     0.0
               D6   TORS:      1.8     0.4     0.0     0.0     0.1     0.0
               D7   TORS:      2.1     0.2     0.1     0.2     0.2     0.1
               D8   TORS:      0.3     0.6     3.3     0.3     0.8     1.0
               D9   TORS:      0.1     0.1     0.9     0.0     0.2     0.3
               D10  TORS:      0.6     0.2     1.3     0.0     0.0     0.4
               D11  TORS:      0.6     2.8     0.1     0.4     1.0     0.5
               D12  TORS:      0.1     2.2     0.4     0.5     0.0     0.8
               O1    OOP:      1.4     0.0     1.5     0.3     0.7     0.1
               O2    OOP:      0.8     0.1     1.3     0.5     0.2     0.2
               O3    OOP:      3.2     0.0     3.2     0.7     0.5     1.0
               O4    OOP:      1.1     0.8     0.7     0.3     0.1     1.2
               O5    OOP:      1.7     1.4     1.7     0.6     0.2     1.8
               O6    OOP:      0.8     1.0     0.3     0.5     0.4     0.2
               O7    OOP:      1.4     2.2     0.2     0.3     0.5     0.4
               O8    OOP:      0.7     1.0     0.4     0.5     0.0     0.5
               O9    OOP:      2.0     3.7     0.4     0.6     1.8     0.0

sym_sort:
[]
Initial Frequencies:
/home/vulcan/mel64643/packages/concordantmodes/concordantmodes/gf_method.py:56: ComplexWarning: Casting complex values to real discards the imaginary part
  self.freq = self.freq.astype(float)
frequency #  1:     175.83
frequency #  2:     187.34
frequency #  3:     193.34
frequency #  4:     206.41
frequency #  5:     225.74
frequency #  6:     251.57
frequency #  7:     348.24
frequency #  8:     361.62
frequency #  9:     444.10
frequency # 10:     569.67
frequency # 11:     668.74
frequency # 12:     865.96
frequency # 13:    1672.57
frequency # 14:    1675.07
frequency # 15:    1697.12
frequency # 16:    3655.21
frequency # 17:    3709.24
frequency # 18:    3716.62
frequency # 19:    3937.29
frequency # 20:    3940.96
frequency # 21:    3941.91
////////////////////////////////////////////
//    Total Energy Distribution (TED)     //
////////////////////////////////////////////
             frequency #:        1       2       3       4       5       6       7       8       9      10      11      12      13      14      15
--------------------------------------------------------------------------------------------------------------------------------------------------
               frequency:    175.8   187.3   193.3   206.4   225.7   251.6   348.2   361.6   444.1   569.7   668.7   866.0  1672.6  1675.1  1697.1
--------------------------------------------------------------------------------------------------------------------------------------------------
               Mode #  1       0.7     0.1    -0.1    -1.8     0.0     0.3     0.9     0.2     9.9     1.6    44.0     3.3    12.0    24.5     2.6
               Mode #  2      -1.6     0.2    -0.9    -0.2     0.1     5.4     1.3    15.5     2.2     8.1     0.1    18.3     8.3    19.9    21.7
               Mode #  3       2.1     0.0    -0.5     0.2    -0.3    -1.5    14.0    -1.4     3.2    28.9     1.2     6.1    27.3     1.1    17.3
               Mode #  4       5.3    15.2    16.0    -1.2    -0.4     0.2    16.5     0.4     2.5     1.3     6.7    -0.0     4.6     0.6     2.0
               Mode #  5       8.0    -0.7    -2.0    13.6     4.6    18.1    -0.2     5.5     1.0     4.7    12.2     1.0     0.0     5.5    -0.0
               Mode #  6       0.7     5.1    -3.1    -1.1     7.8    15.4     6.6    11.5     8.4     9.1     2.1    -0.0    21.5     0.1     0.9
               Mode #  7      -0.6    25.0     6.6    -4.6     9.4     2.8    -0.5     8.6     1.3    -0.0    10.6     0.1     0.8    23.9     5.0
               Mode #  8       3.1    -0.0    -0.0     0.3    -2.3    -1.7    10.4    16.5    12.6     1.5     1.8     5.0     0.4     0.5     6.9
               Mode #  9      20.3     2.1     5.3     4.2     8.5     5.2     2.3     4.1    -0.5     2.7     0.3     5.3     8.2     7.5     0.0
               Mode # 10      11.5    -7.4    11.1     8.4    -3.5     1.2    -0.3     0.4     2.2     4.2     0.1     2.4     0.1     1.1     6.9
               Mode # 11      -1.9    -1.0     7.1     2.6     2.3    16.4    -0.1     4.0    -0.9     2.3     1.4    20.4    -0.1    -0.1     1.8
               Mode # 12       2.3     5.0     1.7    43.0     0.4     4.0     0.2     0.0    -0.1     0.2    -0.6     1.8     3.4    -0.2     2.8
               Mode # 13      13.9    -0.0     4.2     1.1     9.6     4.7     0.4     1.9     0.6     0.6     1.1     7.6     0.0     2.9    27.0
               Mode # 14      -1.5     3.5    -1.1     1.2     0.3     0.5     0.1     0.6    -0.3     4.0     0.2     1.6     4.8    -0.1     1.0
               Mode # 15       1.9     3.0     0.9    -2.3     0.7     0.3     0.7     0.1     0.6     0.1     1.6     3.4     0.3     4.1     3.7
               Mode # 16       3.0    -0.9     3.9    -0.0    -1.2     8.2     3.8     4.7     7.4     0.0     0.2    23.4     0.2    -0.0    -0.3
               Mode # 17       1.4    -4.4     0.4    11.3     0.0     2.3     8.9     9.4    45.3     1.1    11.2     0.5     0.8    -0.1     0.1
               Mode # 18      -4.1     1.9    19.8     1.1    -0.1     8.7    22.3    10.1    -0.3    25.4     2.0     0.5    -0.3     0.8     0.0
               Mode # 19      -0.0    -0.2     0.1    -0.1    64.0     5.1     0.4     4.1     0.9     0.0     0.1    -0.4     0.0     0.0     0.6
               Mode # 20      17.4    36.4    -4.6    26.1    -0.1    -0.7     7.3    -1.0     1.7     4.3     1.2     0.0     0.3     7.5     0.1
               Mode # 21      18.2    17.1    35.5    -1.8     0.3     4.8     5.0     4.9     2.1    -0.3     2.6    -0.0     7.2     0.5     0.1

             frequency #:       16      17      18      19      20      21
--------------------------------------------------------------------------
               frequency:   3655.2  3709.2  3716.6  3937.3  3941.0  3941.9
--------------------------------------------------------------------------
               Mode #  1       0.0    -0.1     0.0     0.8     0.6     0.6
               Mode #  2       0.1     0.0     0.0     0.1     1.0     0.5
               Mode #  3       0.0     0.0     0.3     1.3     0.1     0.3
               Mode #  4       0.1     0.1    23.2    -0.0     3.9     3.2
               Mode #  5      -0.2    19.4    -0.0     7.5     1.3     0.9
               Mode #  6      -0.9    13.4    -0.0     0.5     0.8     1.2
               Mode #  7       4.0     4.8     1.6     0.3     0.3     0.7
               Mode #  8      35.9     0.2     0.7     0.4     6.8     0.9
               Mode #  9       4.5    -0.0     7.1     0.0     4.6     8.1
               Mode # 10      17.8     2.9     8.3     2.9     5.4    24.4
               Mode # 11      -0.3     0.4     6.6    25.2    13.3     0.6
               Mode # 12       0.8    14.8     1.0    11.9     5.9     1.8
               Mode # 13      10.0    -0.0     5.8     1.3     4.4     2.9
               Mode # 14       0.6    39.3     0.6    27.2    16.5     1.0
               Mode # 15       0.3     0.5    40.2     1.4     2.6    36.1
               Mode # 16      15.1     0.1     1.6     7.3    22.0     1.6
               Mode # 17      -0.0     4.0    -0.2     3.4     4.2     0.3
               Mode # 18       0.1    -0.3     2.7     0.7     0.1     8.8
               Mode # 19      12.1     0.0     0.2     5.7     3.6     3.9
               Mode # 20      -0.0     0.5    -0.5    -0.1     2.7     1.5
               Mode # 21       0.0    -0.0     0.7     2.2    -0.0     0.7

TED Frequencies:
frequency #  1:     175.83
frequency #  2:     187.34
frequency #  3:     193.34
frequency #  4:     206.41
frequency #  5:     225.74
frequency #  6:     251.57
frequency #  7:     348.24
frequency #  8:     361.62
frequency #  9:     444.10
frequency # 10:     569.67
frequency # 11:     668.74
frequency # 12:     865.96
frequency # 13:    1672.57
frequency # 14:    1675.07
frequency # 15:    1697.12
frequency # 16:    3655.21
frequency # 17:    3709.24
frequency # 18:    3716.62
frequency # 19:    3937.29
frequency # 20:    3940.96
frequency # 21:    3941.91
////////////////////////////////////////////
//    Total Energy Distribution (TED)     //
////////////////////////////////////////////
             frequency #:        1       2       3       4       5       6       7       8       9      10      11      12      13      14      15
--------------------------------------------------------------------------------------------------------------------------------------------------
               frequency:    175.8   187.3   193.3   206.4   225.7   251.6   348.2   361.6   444.1   569.7   668.7   866.0  1672.6  1675.1  1697.1
--------------------------------------------------------------------------------------------------------------------------------------------------
               Mode #  1     100.0     0.0     0.0     0.0     0.0     0.0     0.0     0.0     0.0     0.0     0.0     0.0     0.0     0.0     0.0
               Mode #  2       0.0   100.0     0.0     0.0     0.0     0.0     0.0     0.0     0.0     0.0     0.0     0.0     0.0     0.0     0.0
               Mode #  3       0.0     0.0   100.0     0.0     0.0     0.0     0.0     0.0     0.0     0.0     0.0     0.0     0.0     0.0     0.0
               Mode #  4       0.0     0.0     0.0   100.0     0.0     0.0     0.0     0.0     0.0     0.0     0.0     0.0     0.0     0.0     0.0
               Mode #  5       0.0     0.0     0.0     0.0   100.0     0.0     0.0     0.0     0.0     0.0     0.0     0.0     0.0     0.0     0.0
               Mode #  6       0.0     0.0     0.0     0.0     0.0   100.0     0.0     0.0     0.0     0.0     0.0     0.0     0.0     0.0     0.0
               Mode #  7       0.0     0.0     0.0     0.0     0.0     0.0   100.0     0.0     0.0     0.0     0.0     0.0     0.0     0.0     0.0
               Mode #  8       0.0     0.0     0.0     0.0     0.0     0.0     0.0   100.0     0.0     0.0     0.0     0.0     0.0     0.0     0.0
               Mode #  9       0.0     0.0     0.0     0.0     0.0     0.0     0.0     0.0   100.0     0.0     0.0     0.0     0.0     0.0     0.0
               Mode # 10       0.0     0.0     0.0     0.0     0.0     0.0     0.0     0.0     0.0   100.0     0.0     0.0     0.0     0.0     0.0
               Mode # 11       0.0     0.0     0.0     0.0     0.0     0.0     0.0     0.0     0.0     0.0   100.0     0.0     0.0     0.0     0.0
               Mode # 12       0.0     0.0     0.0     0.0     0.0     0.0     0.0     0.0     0.0     0.0     0.0   100.0     0.0     0.0     0.0
               Mode # 13       0.0     0.0     0.0     0.0     0.0     0.0     0.0     0.0     0.0     0.0     0.0     0.0   100.0     0.0     0.0
               Mode # 14       0.0     0.0     0.0     0.0     0.0     0.0     0.0     0.0     0.0     0.0     0.0     0.0     0.0   100.0     0.0
               Mode # 15       0.0     0.0     0.0     0.0     0.0     0.0     0.0     0.0     0.0     0.0     0.0     0.0     0.0     0.0   100.0
               Mode # 16       0.0     0.0     0.0     0.0     0.0     0.0     0.0     0.0     0.0     0.0     0.0     0.0     0.0     0.0     0.0
               Mode # 17       0.0     0.0     0.0     0.0     0.0     0.0     0.0     0.0     0.0     0.0     0.0     0.0     0.0     0.0     0.0
               Mode # 18       0.0     0.0     0.0     0.0     0.0     0.0     0.0     0.0     0.0     0.0     0.0     0.0     0.0     0.0     0.0
               Mode # 19       0.0     0.0     0.0     0.0     0.0     0.0     0.0     0.0     0.0     0.0     0.0     0.0     0.0     0.0     0.0
               Mode # 20       0.0     0.0     0.0     0.0     0.0     0.0     0.0     0.0     0.0     0.0     0.0     0.0     0.0     0.0     0.0
               Mode # 21       0.0     0.0     0.0     0.0     0.0     0.0     0.0     0.0     0.0     0.0     0.0     0.0     0.0     0.0     0.0

             frequency #:       16      17      18      19      20      21
--------------------------------------------------------------------------
               frequency:   3655.2  3709.2  3716.6  3937.3  3941.0  3941.9
