CMA Database Generation


      CCCCCCCC      MMMMMM     MMMMMM           AAAAA
    CCCCCCCCCCCC    MMMMMMM   MMMMMMM          AAAAAAA
   CCCC      CCCC   MMMMMMMM MMMMMMMM         AAAA AAAA
  CCCC              MMMM MMMMMMM MMMM        AAAA   AAAA
  CCCC              MMMM  MMMM   MMMM       AAAA     AAAA
  CCCC              MMMM         MMMM      AAAA       AAAA
  CCCC              MMMM         MMMM     AAAAAAAAAAAAAAAAA 
   CCCC      CCCC   MMMM         MMMM    AAAAAAAAAAAAAAAAAAA
    CCCCCCCCCCCC    MMMM         MMMM   AAAA             AAAA
      CCCCCCCC      MMMM         MMMM  AAAA               AAAA


.............................................................................,............
........................................................;+..,,,:::::::::,,,,..;;..........
......................................................:?S%*?*?%%%%SSSS%%%%?*++##?:........
...................................................,:?SS%%S#S%%?*******??%SSS###@#*,......
...................................................;??%%S#@%,.............,:#@@@@#@S;.....
......................................................,,,:::...............,;;;::,,,,.....
..........................................................................................
.................................................................,,,,,,,,,,,,.............
................................................................:::,,....,,:::............
...............................................................:;::,.,,,,,,:;+;...........
..............................................................,++;;:::::::;;++*,..........
..............................................................:*+*++++;;;++****,..........
..............................................................,+??????**?????%+...........
...............................................................,+%SSSSSSSSSS%+,...........
.................................................................:+%#@#@S%?+,.............
...................................................................:###S:,................
...................................................................+SS#?..................
...................................................................?SS#+..................
..................................................................,SSS#:..................
................................................................,.:SSSS,..................
................,*+...............................................+#S#?...................
.............,:*%#%...........................................,,,,?SS#+...................
...........,;?%?%#S,......................................,:;+*??%%%%S?*+:,...............
...........,;*?*?##:.................................,,.,;*%%%%%%%%%%%%%%%?+:.............
............,%S#?;*:...................................:?%%%%%%%%%%%%%%%%%%%%+,,..........
............+SS#;............,,.......................+%%%%%%%%%%%%%%%%%%%%%%S?,..........
............%S#%..,......,,,,,,,,,,,.................;S%%%%%%?*?%%%%%%?*?%%%%%S*,.........
...........,SS#*.....,.,::,,.....,::;,..............,?S%%%%%%%%%%%%%%%%%%%%%SSSS:.........
...........:SS#+......,;;;:,,,,,,,::++;;;;;+++++*****SSSSS%%%%%%%%%%%%%%%%%SSSSS;.........
...........:#S#+......:++;::::::::;;**%SSSSSSSSSSSSSS#SSSSSSS%%%%%%%%%SSSSSSSSS#;.........
...........,SS#?......;**+++;;;;+++*???????***+++;;;:*#SSSSSSSSSSSSSSSSSSSSSSSS%,.........
............?#SS,...,.,*%??*****??????:..............,?#SSSSSSSSSSSSSSSSSSSSS#S:..........
............:#SS%%*,...,*%%SSSSSSSS%?:................,*##SSSS###############%:...........
...........;S@@#@@?......:+?%SSSS%*;,...................;?S################%+,.,..........
...........,;%@@@@;.........,,,,,.........................:*%S####@@@##S%*;,..............
.............,;%@#,..........................................,:;+++++;:,..................
................;+,.......................................................................
..........................................................................................
..........................................................................................
..........................................................................................
..........................................................................................
..........................................................................................
..........................................................................................

Authors: Dr. Mitchell Lahm, Nathaniel Kitzmiller, Dr. Henry Mull

Combinations of levels of theory (high, low): ('CCSD_T_aTZ', 'CCSD_T_aDZ')
Coordinate types: Nattys
Number of off-diagonal corrections: 0

Generating database entries for 1 jobs:
7_water_ethynyl     

////////////////////////////////////////////
//            7_water_ethynyl             //
////////////////////////////////////////////
I am in /home/vulcan/mel64643/packages/CMA_Benchmarker/3_Dimers/7_water_ethynyl and I can see ['CCSD_T_aDZ', 'fc2.dat', 'CCSD_T_aTZ', 'CCSD_T_haDZ', 'manual_projection.py', 'zmat2', 'MP2_aTZ', 'zmat', '__pycache__', 'CCSD_T_DZ']

==================================================
                Current Parameters
--------------------------------------------------
  Job                     water_ethynyl (3.7)
  High level of theory    CCSD_T_aTZ
  Low level of theory     CCSD_T_aDZ
  Coordinate type         Nattys
==================================================

/home/vulcan/mel64643/.conda/envs/TEST2/lib/python3.9/site-packages/scipy/__init__.py:146: UserWarning: A NumPy version >=1.17.3 and <1.25.0 is required for this version of SciPy (detected version 1.26.0
  warnings.warn(f"A NumPy version >={np_minversion} and <{np_maxversion}"
Where are the zmats coming from?
CCSD_T_aTZ
You have imported the merger script!
Initial Geometric Internal Coordinate Values:
('1', '3') R1 = 2.2894039507096515
('1', '2') R2 = 2.019509974505082
('3', '4') R3 = 2.011235413893035
('5', '6') R4 = 1.8176940577287295
('5', '7') R5 = 1.8176940577287295
('2', '5') R6 = 4.143296193600381
('6', '5', '7') A1 = 104.50979645820644
[['2'], ['5'], ['6', '7']] A2 = 149.95998164168978
[['5'], ['2'], ['9', '1', '8']] A3 = 167.67667338695486
[['6', '7'], ['5'], ['2'], ['9', '1', '8']] D1 = 229.0721413822484
[['6'], ['6', '7'], ['5'], ['2']] D2 = 270.0
[['5'], ['2'], ['9', '1', '8'], ['11', '3', '10', '4']] D3 = 175.61130637968313
('3', '1', '2', '8') L1 = 0.09756288248550374
('1', '3', '4', '10') L2 = 0.07506731894539014
('3', '1', '2', '9') L3 = 0.0
('1', '3', '4', '11') L4 = 0.0
Final Geometric Internal Coordinate Values:
('1', '3') R1 = 2.2894039507096515
('1', '2') R2 = 2.019509974505082
('3', '4') R3 = 2.011235413893035
('5', '6') R4 = 1.8176940577287295
('5', '7') R5 = 1.8176940577287295
('2', '5') R6 = 4.143296193600381
('6', '5', '7') A1 = 104.50979645820644
[['2'], ['5'], ['6', '7']] A2 = 149.95998164168978
[['5'], ['2'], ['9', '1', '8']] A3 = 167.67667338695486
[['6', '7'], ['5'], ['2'], ['9', '1', '8']] D1 = 229.0721413822484
[['6'], ['6', '7'], ['5'], ['2']] D2 = 270.0
[['5'], ['2'], ['9', '1', '8'], ['11', '3', '10', '4']] D3 = 175.61130637968313
('3', '1', '2', '8') L1 = 0.09756288248550374
('1', '3', '4', '10') L2 = 0.07506731894539014
('3', '1', '2', '9') L3 = 0.0
('1', '3', '4', '11') L4 = 0.0
Final - Initial Geometric Internal Coordinate Values:
R1 = 0.0
R2 = 0.0
R3 = 0.0
R4 = 0.0
R5 = 0.0
R6 = 0.0
A1 = 0.0
A2 = 0.0
A3 = 0.0
D1 = 0.0
D2 = 0.0
D3 = 0.0
L1 = 0.0
L2 = 0.0
L3 = 0.0
L4 = 0.0
this is proj, check for this when redundants executed
[[ 1.      0.      0.      0.      0.      0.      0.      0.      0.      0.      0.      0.      0.      0.      0.      0.    ]
 [ 0.      0.7071  0.7071  0.      0.      0.      0.      0.      0.      0.      0.      0.      0.      0.      0.      0.    ]
 [ 0.      0.7071 -0.7071  0.      0.      0.      0.      0.      0.      0.      0.      0.      0.      0.      0.      0.    ]
 [ 0.      0.      0.      0.7071  0.7071  0.      0.      0.      0.      0.      0.      0.      0.      0.      0.      0.    ]
 [ 0.      0.      0.      0.7071 -0.7071  0.      0.      0.      0.      0.      0.      0.      0.      0.      0.      0.    ]
 [ 0.      0.      0.      0.      0.      1.      0.      0.      0.      0.      0.      0.      0.      0.      0.      0.    ]
 [ 0.      0.      0.      0.      0.      0.      1.      0.      0.      0.      0.      0.      0.      0.      0.      0.    ]
 [ 0.      0.      0.      0.      0.      0.      0.      1.      0.      0.      0.      0.      0.      0.      0.      0.    ]
 [ 0.      0.      0.      0.      0.      0.      0.      0.      1.      0.      0.      0.      0.      0.      0.      0.    ]
 [ 0.      0.      0.      0.      0.      0.      0.      0.      0.      1.      0.      0.      0.      0.      0.      0.    ]
 [ 0.      0.      0.      0.      0.      0.      0.      0.      0.      0.      1.      0.      0.      0.      0.      0.    ]
 [ 0.      0.      0.      0.      0.      0.      0.      0.      0.      0.      0.      1.      0.      0.      0.      0.    ]
 [ 0.      0.      0.      0.      0.      0.      0.      0.      0.      0.      0.      0.      0.7071  0.7071  0.      0.    ]
 [ 0.      0.      0.      0.      0.      0.      0.      0.      0.      0.      0.      0.      0.7071 -0.7071  0.      0.    ]
 [ 0.      0.      0.      0.      0.      0.      0.      0.      0.      0.      0.      0.      0.      0.      0.7071  0.7071]
 [ 0.      0.      0.      0.      0.      0.      0.      0.      0.      0.      0.      0.      0.      0.      0.7071 -0.7071]]
Normal Coordinate Values:
Normal Coordinate #1   :  2.28940
Normal Coordinate #2   :  2.85017
Normal Coordinate #3   :  0.00585
Normal Coordinate #4   :  2.57061
Normal Coordinate #5   :  0.00000
Normal Coordinate #6   :  4.14330
Normal Coordinate #7   :  1.82404
Normal Coordinate #8   :  2.61730
Normal Coordinate #9   :  2.92651
Normal Coordinate #10  : -2.28512
Normal Coordinate #11  : -1.57080
Normal Coordinate #12  :  3.06500
Normal Coordinate #13  :  0.00213
Normal Coordinate #14  :  0.00028
Normal Coordinate #15  :  0.00000
Normal Coordinate #16  :  0.00000
deriv_level:
0
If something looks wrong with the final frequencies, check these energies!
(Job number 1 == Reference energy) :D
/home/vulcan/mel64643/packages/CMA_Benchmarker/3_Dimers/7_water_ethynyl/CCSD_T_aTZ/Disps_CCSD_T_aDZ/DispsInit
Reference energy: -153.40003936928
Relative energies plus-displacements on the diagonal and plus/plus-displacements on the off-diagonal elements
[[0. 0. 0. 0. 0. 0. 0. 0. 0. 0. 0. 0. 0. 0. 0. 0.]
 [0. 0. 0. 0. 0. 0. 0. 0. 0. 0. 0. 0. 0. 0. 0. 0.]
 [0. 0. 0. 0. 0. 0. 0. 0. 0. 0. 0. 0. 0. 0. 0. 0.]
 [0. 0. 0. 0. 0. 0. 0. 0. 0. 0. 0. 0. 0. 0. 0. 0.]
 [0. 0. 0. 0. 0. 0. 0. 0. 0. 0. 0. 0. 0. 0. 0. 0.]
 [0. 0. 0. 0. 0. 0. 0. 0. 0. 0. 0. 0. 0. 0. 0. 0.]
 [0. 0. 0. 0. 0. 0. 0. 0. 0. 0. 0. 0. 0. 0. 0. 0.]
 [0. 0. 0. 0. 0. 0. 0. 0. 0. 0. 0. 0. 0. 0. 0. 0.]
 [0. 0. 0. 0. 0. 0. 0. 0. 0. 0. 0. 0. 0. 0. 0. 0.]
 [0. 0. 0. 0. 0. 0. 0. 0. 0. 0. 0. 0. 0. 0. 0. 0.]
 [0. 0. 0. 0. 0. 0. 0. 0. 0. 0. 0. 0. 0. 0. 0. 0.]
 [0. 0. 0. 0. 0. 0. 0. 0. 0. 0. 0. 0. 0. 0. 0. 0.]
 [0. 0. 0. 0. 0. 0. 0. 0. 0. 0. 0. 0. 0. 0. 0. 0.]
 [0. 0. 0. 0. 0. 0. 0. 0. 0. 0. 0. 0. 0. 0. 0. 0.]
 [0. 0. 0. 0. 0. 0. 0. 0. 0. 0. 0. 0. 0. 0. 0. 0.]
 [0. 0. 0. 0. 0. 0. 0. 0. 0. 0. 0. 0. 0. 0. 0. 0.]]
Relative energies minus-displacements on the diagonal and minus/minus-displacements on the off-diagonal elements
[[0. 0. 0. 0. 0. 0. 0. 0. 0. 0. 0. 0. 0. 0. 0. 0.]
 [0. 0. 0. 0. 0. 0. 0. 0. 0. 0. 0. 0. 0. 0. 0. 0.]
 [0. 0. 0. 0. 0. 0. 0. 0. 0. 0. 0. 0. 0. 0. 0. 0.]
 [0. 0. 0. 0. 0. 0. 0. 0. 0. 0. 0. 0. 0. 0. 0. 0.]
 [0. 0. 0. 0. 0. 0. 0. 0. 0. 0. 0. 0. 0. 0. 0. 0.]
 [0. 0. 0. 0. 0. 0. 0. 0. 0. 0. 0. 0. 0. 0. 0. 0.]
 [0. 0. 0. 0. 0. 0. 0. 0. 0. 0. 0. 0. 0. 0. 0. 0.]
 [0. 0. 0. 0. 0. 0. 0. 0. 0. 0. 0. 0. 0. 0. 0. 0.]
 [0. 0. 0. 0. 0. 0. 0. 0. 0. 0. 0. 0. 0. 0. 0. 0.]
 [0. 0. 0. 0. 0. 0. 0. 0. 0. 0. 0. 0. 0. 0. 0. 0.]
 [0. 0. 0. 0. 0. 0. 0. 0. 0. 0. 0. 0. 0. 0. 0. 0.]
 [0. 0. 0. 0. 0. 0. 0. 0. 0. 0. 0. 0. 0. 0. 0. 0.]
 [0. 0. 0. 0. 0. 0. 0. 0. 0. 0. 0. 0. 0. 0. 0. 0.]
 [0. 0. 0. 0. 0. 0. 0. 0. 0. 0. 0. 0. 0. 0. 0. 0.]
 [0. 0. 0. 0. 0. 0. 0. 0. 0. 0. 0. 0. 0. 0. 0. 0.]
 [0. 0. 0. 0. 0. 0. 0. 0. 0. 0. 0. 0. 0. 0. 0. 0.]]
Computed Force Constants:
[[ 1.12e+00 -1.22e-02 -9.81e-05 -7.78e-05 -2.00e-05  2.10e-03 -5.80e-04  3.15e-04 -1.49e-04 -1.52e-05  7.56e-06
   3.04e-05 -2.52e-04  7.67e-05 -4.22e-06 -2.07e-05]
 [-1.22e-02  4.31e-01 -4.05e-03 -1.57e-04 -3.86e-05  3.59e-03 -1.09e-03  7.80e-04 -1.75e-04 -7.61e-06  3.79e-05
   1.27e-05 -8.25e-05  3.96e-05 -3.39e-05 -9.43e-05]
 [-9.81e-05 -4.05e-03  4.31e-01 -1.91e-04 -3.18e-05  3.61e-03 -1.08e-03  7.99e-04 -1.61e-04 -9.23e-06  2.82e-05
   1.77e-05 -3.76e-05  1.19e-04 -2.31e-05 -6.87e-05]
 [-7.78e-05 -1.57e-04 -1.91e-04  5.41e-01  8.91e-05  4.66e-04  4.15e-02  1.13e-03  8.51e-05  1.21e-05  4.95e-06
  -2.50e-05 -1.62e-04 -2.27e-04 -7.23e-06 -9.10e-06]
 [-2.00e-05 -3.86e-05 -3.18e-05  8.91e-05  5.59e-01  1.87e-05 -6.85e-06  8.02e-05  8.08e-04 -3.43e-05 -2.21e-03
   1.30e-04 -4.50e-06 -9.74e-05  5.88e-04  1.11e-03]
 [ 2.10e-03  3.59e-03  3.61e-03  4.66e-04  1.87e-05  6.82e-03  2.56e-04  4.44e-04 -2.91e-05 -1.77e-05 -4.11e-05
   3.89e-05  5.69e-05  1.88e-04  4.24e-05  9.45e-05]
 [-5.80e-04 -1.09e-03 -1.08e-03  4.15e-02 -6.85e-06  2.56e-04  1.62e-01 -1.16e-03 -1.03e-04 -1.49e-05 -6.98e-06
   3.19e-05  1.38e-04  2.34e-04  9.34e-06  1.21e-05]
 [ 3.15e-04  7.80e-04  7.99e-04  1.13e-03  8.02e-05  4.44e-04 -1.16e-03  9.04e-04  4.99e-04  3.89e-05 -4.98e-05
  -7.94e-05 -1.79e-04 -6.02e-04  3.70e-05  1.21e-04]
 [-1.49e-04 -1.75e-04 -1.61e-04  8.51e-05  8.08e-04 -2.91e-05 -1.03e-04  4.99e-04  3.05e-03  1.99e-05 -9.43e-04
   4.89e-05 -5.00e-04 -1.77e-03  8.75e-04  2.25e-03]
 [-1.52e-05 -7.61e-06 -9.23e-06  1.21e-05 -3.43e-05 -1.77e-05 -1.49e-05  3.89e-05  1.99e-05  3.67e-05  8.13e-05
  -7.56e-05 -9.02e-05 -2.69e-04 -8.54e-05 -2.03e-04]
 [ 7.56e-06  3.79e-05  2.82e-05  4.95e-06 -2.21e-03 -4.11e-05 -6.98e-06 -4.98e-05 -9.43e-04  8.13e-05  1.48e-03
  -2.33e-04 -9.07e-05 -1.70e-04 -7.06e-04 -1.50e-03]
 [ 3.04e-05  1.27e-05  1.77e-05 -2.50e-05  1.30e-04  3.89e-05  3.19e-05 -7.94e-05  4.89e-05 -7.56e-05 -2.33e-04
   1.87e-04  1.97e-04  5.73e-04  2.32e-04  5.16e-04]
 [-2.52e-04 -8.25e-05 -3.76e-05 -1.62e-04 -4.50e-06  5.69e-05  1.38e-04 -1.79e-04 -5.00e-04 -9.02e-05 -9.07e-05
   1.97e-04  1.97e-02  4.07e-03  1.15e-04  2.00e-04]
 [ 7.67e-05  3.96e-05  1.19e-04 -2.27e-04 -9.74e-05  1.88e-04  2.34e-04 -6.02e-04 -1.77e-03 -2.69e-04 -1.70e-04
   5.73e-04  4.07e-03  7.76e-02  2.28e-04  3.33e-04]
 [-4.22e-06 -3.39e-05 -2.31e-05 -7.23e-06  5.88e-04  4.24e-05  9.34e-06  3.70e-05  8.75e-04 -8.54e-05 -7.06e-04
   2.32e-04  1.15e-04  2.28e-04  1.97e-02  3.74e-03]
 [-2.07e-05 -9.43e-05 -6.87e-05 -9.10e-06  1.11e-03  9.45e-05  1.21e-05  1.21e-04  2.25e-03 -2.03e-04 -1.50e-03
   5.16e-04  2.00e-04  3.33e-04  3.74e-03  7.72e-02]]
print_const has run
Force Constants saved at:
/CCSD_T_aTZ/Disps_CCSD_T_aDZ
             frequency #:        1       2       3       4       5       6       7       8       9      10      11      12      13      14      15
--------------------------------------------------------------------------------------------------------------------------------------------------
               frequency:      0.0     0.0     0.0     0.0     0.0     0.0     0.0     0.0     0.0     0.0     0.0     0.0     0.0     0.0     0.0
--------------------------------------------------------------------------------------------------------------------------------------------------
               B1   STRE:    100.0     0.0     0.0     0.0     0.0     0.0     0.0     0.0     0.0     0.0     0.0     0.0     0.0     0.0     0.0
               B2   STRE:      0.0    50.0    50.0     0.0     0.0     0.0     0.0     0.0     0.0     0.0     0.0     0.0     0.0     0.0     0.0
               B3   STRE:      0.0    50.0    50.0     0.0     0.0     0.0     0.0     0.0     0.0     0.0     0.0     0.0     0.0     0.0     0.0
               B4   STRE:      0.0     0.0     0.0    50.0    50.0     0.0     0.0     0.0     0.0     0.0     0.0     0.0     0.0     0.0     0.0
               B5   STRE:      0.0     0.0     0.0    50.0    50.0     0.0     0.0     0.0     0.0     0.0     0.0     0.0     0.0     0.0     0.0
               B6   STRE:      0.0     0.0     0.0     0.0     0.0   100.0     0.0     0.0     0.0     0.0     0.0     0.0     0.0     0.0     0.0
               A1   BEND:      0.0     0.0     0.0     0.0     0.0     0.0   100.0     0.0     0.0     0.0     0.0     0.0     0.0     0.0     0.0
               A2   BEND:      0.0     0.0     0.0     0.0     0.0     0.0     0.0   100.0     0.0     0.0     0.0     0.0     0.0     0.0     0.0
               A3   BEND:      0.0     0.0     0.0     0.0     0.0     0.0     0.0     0.0   100.0     0.0     0.0     0.0     0.0     0.0     0.0
               D1   TORS:      0.0     0.0     0.0     0.0     0.0     0.0     0.0     0.0     0.0   100.0     0.0     0.0     0.0     0.0     0.0
               D2   TORS:      0.0     0.0     0.0     0.0     0.0     0.0     0.0     0.0     0.0     0.0   100.0     0.0     0.0     0.0     0.0
               D3   TORS:      0.0     0.0     0.0     0.0     0.0     0.0     0.0     0.0     0.0     0.0     0.0   100.0     0.0     0.0     0.0
               L1    LIN:      0.0     0.0     0.0     0.0     0.0     0.0     0.0     0.0     0.0     0.0     0.0     0.0    50.0    50.0     0.0
               L2    LIN:      0.0     0.0     0.0     0.0     0.0     0.0     0.0     0.0     0.0     0.0     0.0     0.0    50.0    50.0     0.0
               L3    LIN:      0.0     0.0     0.0     0.0     0.0     0.0     0.0     0.0     0.0     0.0     0.0     0.0     0.0     0.0    50.0
               L4    LIN:      0.0     0.0     0.0     0.0     0.0     0.0     0.0     0.0     0.0     0.0     0.0     0.0     0.0     0.0    50.0

             frequency #:       16
----------------------------------
               frequency:      0.0
----------------------------------
               B1   STRE:      0.0
               B2   STRE:      0.0
               B3   STRE:      0.0
               B4   STRE:      0.0
               B5   STRE:      0.0
               B6   STRE:      0.0
               A1   BEND:      0.0
               A2   BEND:      0.0
               A3   BEND:      0.0
               D1   TORS:      0.0
               D2   TORS:      0.0
               D3   TORS:      0.0
               L1    LIN:      0.0
               L2    LIN:      0.0
               L3    LIN:     50.0
               L4    LIN:     50.0

sym_sort:
[]
Initial Frequencies:
/home/vulcan/mel64643/packages/concordantmodes/concordantmodes/gf_method.py:56: ComplexWarning: Casting complex values to real discards the imaginary part
  self.freq = self.freq.astype(float)
frequency #  1:       3.90
frequency #  2:      57.92
frequency #  3:      75.95
frequency #  4:     123.92
frequency #  5:     130.30
frequency #  6:     174.14
frequency #  7:     473.55
frequency #  8:     487.23
frequency #  9:     791.75
frequency # 10:     805.74
frequency # 11:    1648.58
frequency # 12:    2074.54
frequency # 13:    3488.13
frequency # 14:    3599.99
frequency # 15:    3847.35
frequency # 16:    3965.52
////////////////////////////////////////////
//    Total Energy Distribution (TED)     //
////////////////////////////////////////////
             frequency #:        1       2       3       4       5       6       7       8       9      10      11      12      13      14      15
--------------------------------------------------------------------------------------------------------------------------------------------------
               frequency:      3.9    57.9    76.0   123.9   130.3   174.1   473.5   487.2   791.7   805.7  1648.6  2074.5  3488.1  3600.0  3847.4
--------------------------------------------------------------------------------------------------------------------------------------------------
               Mode #  1      -0.0    -0.0    -0.0     0.0     0.1     0.0     0.0    -0.0     0.0    -0.0     0.0    92.0     0.4     7.5     0.0
               Mode #  2      -0.0    -0.0    -0.0     0.0     0.2     0.0     0.0    -0.0     0.0    -0.0     0.0     7.8     3.7    88.3     0.0
               Mode #  3      -0.0    -0.0    -0.0     0.0     0.1     0.0     0.0    -0.0     0.0     0.0     0.0     0.0    95.8     4.1     0.0
               Mode #  4       0.0     0.0     0.0     0.0    -0.0    -0.0    -0.0    -0.0    -0.0    -0.0     0.0     0.0     0.0     0.0   100.0
               Mode #  5       0.0    -0.0    -0.0    -0.0     0.0    -0.1    -0.0    -0.0     0.0    -0.0    -0.0     0.0     0.0     0.0     0.0
               Mode #  6       0.0     0.0    -0.1     4.7    94.8    -0.0     0.0    -0.0     0.0    -0.0     0.0     0.1     0.2     0.1    -0.0
               Mode #  7       0.0     0.0     0.0     0.0     0.0    -0.0    -0.0    -0.0     0.0     0.0    99.9     0.0     0.0     0.0     0.0
               Mode #  8       0.0     8.9    33.2    52.7     3.7     0.2     0.5     0.0     0.8    -0.0    -0.0     0.0     0.0     0.0    -0.0
               Mode #  9      -0.0    73.6     0.0     8.0     0.1     3.9     3.3     1.9     4.2     4.9    -0.0     0.0     0.0     0.0    -0.0
               Mode # 10      59.6     0.6    25.6     9.0     0.2    -1.6     1.1     1.4     2.4     1.8    -0.0     0.0     0.0     0.0    -0.0
               Mode # 11       0.5    10.7     4.4    -0.1     0.0    77.2     0.2     3.0     0.0     4.2     0.0    -0.0     0.0     0.0    -0.0
               Mode # 12      39.9     1.0    32.5    14.5     0.3     3.7     1.2     2.6     2.2     2.2    -0.0     0.0     0.0     0.0    -0.0
               Mode # 13      -0.0     1.0     1.8     6.8     0.3    -0.0    82.5     4.8     2.8     0.0     0.0     0.0     0.0     0.0     0.0
               Mode # 14       0.0     0.8     1.0     4.1     0.2     0.0     5.9     0.5    87.0     0.5     0.0     0.0     0.0     0.0     0.0
               Mode # 15      -0.0     2.0     1.1     0.1     0.0    11.4     4.9    76.9     0.0     3.5     0.0    -0.0     0.0     0.0     0.0
               Mode # 16       0.0     1.4     0.5    -0.0     0.0     5.3     0.4     8.9     0.5    82.9     0.0     0.0     0.0     0.0     0.0

             frequency #:       16
----------------------------------
               frequency:   3965.5
----------------------------------
               Mode #  1       0.0
               Mode #  2       0.0
               Mode #  3       0.0
               Mode #  4       0.0
               Mode #  5     100.2
               Mode #  6       0.0
               Mode #  7       0.0
               Mode #  8       0.0
               Mode #  9       0.0
               Mode # 10      -0.0
               Mode # 11      -0.1
               Mode # 12       0.0
               Mode # 13      -0.0
               Mode # 14       0.0
               Mode # 15      -0.0
               Mode # 16      -0.0

TED Frequencies:
frequency #  1:       3.90
frequency #  2:      57.92
frequency #  3:      75.95
frequency #  4:     123.92
frequency #  5:     130.30
frequency #  6:     174.14
frequency #  7:     473.55
frequency #  8:     487.23
frequency #  9:     791.75
frequency # 10:     805.74
frequency # 11:    1648.58
frequency # 12:    2074.54
frequency # 13:    3488.13
frequency # 14:    3599.99
frequency # 15:    3847.35
frequency # 16:    3965.52
////////////////////////////////////////////
//    Total Energy Distribution (TED)     //
////////////////////////////////////////////
             frequency #:        1       2       3       4       5       6       7       8       9      10      11      12      13      14      15
--------------------------------------------------------------------------------------------------------------------------------------------------
               frequency:      3.9    57.9    76.0   123.9   130.3   174.1   473.5   487.2   791.7   805.7  1648.6  2074.5  3488.1  3600.0  3847.4
--------------------------------------------------------------------------------------------------------------------------------------------------
               Mode #  1     100.0     0.0     0.0     0.0     0.0     0.0     0.0     0.0     0.0     0.0     0.0     0.0     0.0     0.0     0.0
               Mode #  2       0.0   100.0     0.0     0.0     0.0     0.0     0.0     0.0     0.0     0.0     0.0     0.0     0.0     0.0     0.0
               Mode #  3       0.0     0.0   100.0     0.0     0.0     0.0     0.0     0.0     0.0     0.0     0.0     0.0     0.0     0.0     0.0
               Mode #  4       0.0     0.0     0.0   100.0     0.0     0.0     0.0     0.0     0.0     0.0     0.0     0.0     0.0     0.0     0.0
               Mode #  5       0.0     0.0     0.0     0.0   100.0     0.0     0.0     0.0     0.0     0.0     0.0     0.0     0.0     0.0     0.0
               Mode #  6       0.0     0.0     0.0     0.0     0.0   100.0     0.0     0.0     0.0     0.0     0.0     0.0     0.0     0.0     0.0
               Mode #  7       0.0     0.0     0.0     0.0     0.0     0.0   100.0     0.0     0.0     0.0     0.0     0.0     0.0     0.0     0.0
               Mode #  8       0.0     0.0     0.0     0.0     0.0     0.0     0.0   100.0     0.0     0.0     0.0     0.0     0.0     0.0     0.0
               Mode #  9       0.0     0.0     0.0     0.0     0.0     0.0     0.0     0.0   100.0     0.0     0.0     0.0     0.0     0.0     0.0
               Mode # 10       0.0     0.0     0.0     0.0     0.0     0.0     0.0     0.0     0.0   100.0     0.0     0.0     0.0     0.0     0.0
               Mode # 11       0.0     0.0     0.0     0.0     0.0     0.0     0.0     0.0     0.0     0.0   100.0     0.0     0.0     0.0     0.0
               Mode # 12       0.0     0.0     0.0     0.0     0.0     0.0     0.0     0.0     0.0     0.0     0.0   100.0     0.0     0.0     0.0
               Mode # 13       0.0     0.0     0.0     0.0     0.0     0.0     0.0     0.0     0.0     0.0     0.0     0.0   100.0     0.0     0.0
               Mode # 14       0.0     0.0     0.0     0.0     0.0     0.0     0.0     0.0     0.0     0.0     0.0     0.0     0.0   100.0     0.0
               Mode # 15       0.0     0.0     0.0     0.0     0.0     0.0     0.0     0.0     0.0     0.0     0.0     0.0     0.0     0.0   100.0
               Mode # 16       0.0     0.0     0.0     0.0     0.0     0.0     0.0     0.0     0.0     0.0     0.0     0.0     0.0     0.0     0.0

             frequency #:       16
----------------------------------
               frequency:   3965.5
----------------------------------
               Mode #  1       0.0
               Mode #  2       0.0
               Mode #  3       0.0
               Mode #  4       0.0
               Mode #  5       0.0
               Mode #  6       0.0
               Mode #  7       0.0
               Mode #  8       0.0
               Mode #  9       0.0
               Mode # 10       0.0
               Mode # 11       0.0
               Mode # 12       0.0
               Mode # 13       0.0
               Mode # 14       0.0
               Mode # 15       0.0
               Mode # 16     100.0

eigs
16
Everything before this statement has been crosschecked with merger/coordep
/home/vulcan/mel64643/packages/CMA_Benchmarker/3_Dimers/7_water_ethynyl
Initial Geometric Internal Coordinate Values:
('1', '3') R1 = 2.2894039507096515
('1', '2') R2 = 2.019509974505082
('3', '4') R3 = 2.011235413893035
('5', '6') R4 = 1.8176940577287295
('5', '7') R5 = 1.8176940577287295
('2', '5') R6 = 4.143296193600381
('6', '5', '7') A1 = 104.50979645820644
[['2'], ['5'], ['6', '7']] A2 = 149.95998164168978
[['5'], ['2'], ['9', '1', '8']] A3 = 167.67667338695486
[['6', '7'], ['5'], ['2'], ['9', '1', '8']] D1 = 229.0721413822484
[['6'], ['6', '7'], ['5'], ['2']] D2 = 270.0
[['5'], ['2'], ['9', '1', '8'], ['11', '3', '10', '4']] D3 = 175.61130637968313
('3', '1', '2', '8') L1 = 0.09756288248550374
('1', '3', '4', '10') L2 = 0.07506731894539014
('3', '1', '2', '9') L3 = 0.0
('1', '3', '4', '11') L4 = 0.0
Final Geometric Internal Coordinate Values:
('1', '3') R1 = 2.2894039507096515
('1', '2') R2 = 2.019509974505082
('3', '4') R3 = 2.011235413893035
('5', '6') R4 = 1.8176940577287295
('5', '7') R5 = 1.8176940577287295
('2', '5') R6 = 4.143296193600381
('6', '5', '7') A1 = 104.50979645820644
[['2'], ['5'], ['6', '7']] A2 = 149.95998164168978
[['5'], ['2'], ['9', '1', '8']] A3 = 167.67667338695486
[['6', '7'], ['5'], ['2'], ['9', '1', '8']] D1 = 229.0721413822484
[['6'], ['6', '7'], ['5'], ['2']] D2 = 270.0
[['5'], ['2'], ['9', '1', '8'], ['11', '3', '10', '4']] D3 = 175.61130637968313
('3', '1', '2', '8') L1 = 0.09756288248550374
('1', '3', '4', '10') L2 = 0.07506731894539014
('3', '1', '2', '9') L3 = 0.0
('1', '3', '4', '11') L4 = 0.0
Final - Initial Geometric Internal Coordinate Values:
R1 = 0.0
R2 = 0.0
R3 = 0.0
R4 = 0.0
R5 = 0.0
R6 = 0.0
A1 = 0.0
A2 = 0.0
A3 = 0.0
D1 = 0.0
D2 = 0.0
D3 = 0.0
L1 = 0.0
L2 = 0.0
L3 = 0.0
L4 = 0.0
True
(16, 33)
(33, 33)
Giraffe G
[[ 9.14e-05 -6.47e-05  0.00e+00  0.00e+00  0.00e+00  0.00e+00  0.00e+00  0.00e+00 -1.68e-06 -6.17e-07  0.00e+00
   5.83e-07  4.83e-08  6.20e-09  0.00e+00  0.00e+00]
 [-6.47e-05  5.90e-04  0.00e+00  0.00e+00  0.00e+00 -3.85e-04  0.00e+00  2.04e-06  4.49e-05  2.19e-05  0.00e+00
  -2.23e-05  6.02e-08  0.00e+00  0.00e+00  0.00e+00]
 [ 0.00e+00  0.00e+00  5.90e-04  0.00e+00  0.00e+00 -3.85e-04  0.00e+00  2.04e-06  4.49e-05  2.19e-05  0.00e+00
  -2.24e-05  7.84e-09  0.00e+00  0.00e+00  0.00e+00]
 [ 0.00e+00  0.00e+00  0.00e+00  5.70e-04  0.00e+00 -2.57e-05 -2.58e-05 -3.59e-06 -2.35e-06 -1.24e-05  0.00e+00
   1.27e-05  0.00e+00  0.00e+00  0.00e+00  0.00e+00]
 [ 0.00e+00  0.00e+00  0.00e+00  0.00e+00  5.87e-04  0.00e+00  0.00e+00  0.00e+00 -6.99e-06 -6.03e-04  5.51e-04
  -2.84e-05  0.00e+00  0.00e+00  0.00e+00  0.00e+00]
 [ 0.00e+00 -3.85e-04 -3.85e-04 -2.57e-05  0.00e+00  5.79e-04  2.58e-05 -1.54e-05 -5.62e-05  0.00e+00  0.00e+00
   1.53e-05 -4.18e-06 -4.18e-06  0.00e+00  0.00e+00]
 [ 0.00e+00  0.00e+00  0.00e+00 -2.58e-05  0.00e+00  2.58e-05  3.55e-04  3.61e-06  2.36e-06  1.25e-05  0.00e+00
  -1.28e-05  0.00e+00  0.00e+00  0.00e+00  0.00e+00]
 [ 0.00e+00  2.04e-06  2.04e-06 -3.59e-06  0.00e+00 -1.54e-05  3.61e-06  2.94e-04  6.70e-05  3.64e-04  0.00e+00
  -2.02e-04 -4.60e-05 -4.60e-05  0.00e+00  0.00e+00]
 [-1.68e-06  4.49e-05  4.49e-05 -2.35e-06 -6.99e-06 -5.62e-05  2.36e-06  6.70e-05  2.86e-04  1.36e-04 -1.54e-04
  -5.23e-05 -9.32e-05 -9.03e-05  1.08e-04  1.05e-04]
 [-6.17e-07  2.19e-05  2.19e-05 -1.24e-05 -6.03e-04  0.00e+00  1.25e-05  3.64e-04  1.36e-04  6.28e-03 -3.93e-04
  -2.74e-03 -5.11e-04 -4.94e-04 -3.63e-04 -3.49e-04]
 [ 0.00e+00  0.00e+00  0.00e+00  0.00e+00  5.51e-04  0.00e+00  0.00e+00  0.00e+00 -1.54e-04 -3.93e-04  1.06e-03
  -3.05e-04  0.00e+00  0.00e+00 -9.19e-05 -9.19e-05]
 [ 5.83e-07 -2.23e-05 -2.24e-05  1.27e-05 -2.84e-05  1.53e-05 -1.28e-05 -2.02e-04 -5.23e-05 -2.74e-03 -3.05e-04
   1.56e-03  2.77e-04  2.06e-04  2.08e-04  1.39e-04]
 [ 4.83e-08  6.02e-08  7.84e-09  0.00e+00  0.00e+00 -4.18e-06  0.00e+00 -4.60e-05 -9.32e-05 -5.11e-04  0.00e+00
   2.77e-04  2.20e-04 -6.37e-07  0.00e+00  0.00e+00]
 [ 6.20e-09  0.00e+00  0.00e+00  0.00e+00  0.00e+00 -4.18e-06  0.00e+00 -4.60e-05 -9.03e-05 -4.94e-04  0.00e+00
   2.06e-04 -6.37e-07  1.45e-04  0.00e+00  0.00e+00]
 [ 0.00e+00  0.00e+00  0.00e+00  0.00e+00  0.00e+00  0.00e+00  0.00e+00  0.00e+00  1.08e-04 -3.63e-04 -9.19e-05
   2.08e-04  0.00e+00  0.00e+00  2.20e-04 -6.37e-07]
 [ 0.00e+00  0.00e+00  0.00e+00  0.00e+00  0.00e+00  0.00e+00  0.00e+00  0.00e+00  1.05e-04 -3.49e-04 -9.19e-05
   1.39e-04  0.00e+00  0.00e+00 -6.37e-07  1.45e-04]]
Giraffe F
[[ 1.03e+00 -1.16e-02 -2.27e-03 -1.17e-04 -1.58e-05  2.10e-03 -5.90e-04  2.18e-04 -8.31e-05  0.00e+00  1.06e-05
   1.27e-05 -1.87e-04  1.06e-04  0.00e+00 -2.29e-05]
 [-1.16e-02  4.04e-01 -3.62e-03 -1.06e-04 -3.67e-05  3.72e-03 -1.01e-03  6.23e-04 -1.01e-04  0.00e+00  4.14e-05
   0.00e+00  3.42e-05  0.00e+00 -3.19e-05 -8.56e-05]
 [-2.27e-03 -3.62e-03  4.00e-01 -2.27e-04 -3.32e-05  3.48e-03 -1.03e-03  5.76e-04 -1.38e-04  0.00e+00  2.92e-05
   1.47e-05  0.00e+00  9.74e-05 -2.02e-05 -6.07e-05]
 [-1.17e-04 -1.06e-04 -2.27e-04  5.30e-01  0.00e+00  7.09e-04  4.29e-02  8.96e-04  9.01e-05  1.24e-05  0.00e+00
  -2.65e-05 -6.80e-05 -1.87e-04  0.00e+00 -1.13e-05]
 [-1.58e-05 -3.67e-05 -3.32e-05  0.00e+00  5.45e-01  2.35e-05  0.00e+00  8.43e-05  8.58e-04 -4.52e-05 -2.07e-03
   1.56e-04  0.00e+00 -7.11e-05  3.17e-04  1.00e-03]
 [ 2.10e-03  3.72e-03  3.48e-03  7.09e-04  2.35e-05  6.11e-03  5.58e-04  3.90e-04 -1.76e-05 -1.29e-05 -4.08e-05
   3.16e-05  1.23e-04  1.82e-04  3.60e-05  8.36e-05]
 [-5.90e-04 -1.01e-03 -1.03e-03  4.29e-02  0.00e+00  5.58e-04  1.62e-01 -1.09e-03 -9.34e-05 -1.31e-05  0.00e+00
   2.80e-05  6.69e-05  1.81e-04  0.00e+00  1.36e-05]
 [ 2.18e-04  6.23e-04  5.76e-04  8.96e-04  8.43e-05  3.90e-04 -1.09e-03  9.48e-04  4.53e-04  3.99e-05 -5.64e-05
  -7.61e-05 -6.55e-05 -4.93e-04  3.23e-05  1.18e-04]
 [-8.31e-05 -1.01e-04 -1.38e-04  9.01e-05  8.58e-04 -1.76e-05 -9.34e-05  4.53e-04  2.32e-03  2.44e-05 -9.72e-04
   7.71e-05 -4.45e-04 -1.54e-03  7.56e-04  2.01e-03]
 [ 0.00e+00  0.00e+00  0.00e+00  1.24e-05 -4.52e-05 -1.29e-05 -1.31e-05  3.99e-05  2.44e-05  2.31e-05  7.68e-05
  -5.36e-05 -7.73e-05 -2.29e-04 -7.06e-05 -1.55e-04]
 [ 1.06e-05  4.14e-05  2.92e-05  0.00e+00 -2.07e-03 -4.08e-05  0.00e+00 -5.64e-05 -9.72e-04  7.68e-05  1.70e-03
  -2.38e-04 -8.80e-05 -1.57e-04 -3.76e-04 -1.28e-03]
 [ 1.27e-05  0.00e+00  1.47e-05 -2.65e-05  1.56e-04  3.16e-05  2.80e-05 -7.61e-05  7.71e-05 -5.36e-05 -2.38e-04
   1.45e-04  1.73e-04  4.99e-04  1.97e-04  4.91e-04]
 [-1.87e-04  3.42e-05  0.00e+00 -6.80e-05  0.00e+00  1.23e-04  6.69e-05 -6.55e-05 -4.45e-04 -7.73e-05 -8.80e-05
   1.73e-04  3.53e-02  4.05e-03  8.90e-05  1.80e-04]
 [ 1.06e-04  0.00e+00  9.74e-05 -1.87e-04 -7.11e-05  1.82e-04  1.81e-04 -4.93e-04 -1.54e-03 -2.29e-04 -1.57e-04
   4.99e-04  4.05e-03  8.25e-02  1.85e-04  3.19e-04]
 [ 0.00e+00 -3.19e-05 -2.02e-05  0.00e+00  3.17e-04  3.60e-05  0.00e+00  3.23e-05  7.56e-04 -7.06e-05 -3.76e-04
   1.97e-04  8.90e-05  1.85e-04  3.54e-02  3.87e-03]
 [-2.29e-05 -8.56e-05 -6.07e-05 -1.13e-05  1.00e-03  8.36e-05  1.36e-05  1.18e-04  2.01e-03 -1.55e-04 -1.28e-03
   4.91e-04  1.80e-04  3.19e-04  3.87e-03  8.34e-02]]
frequency #  1:       2.39
frequency #  2:      50.25
frequency #  3:      66.48
frequency #  4:     122.57
frequency #  5:     125.21
frequency #  6:     194.63
frequency #  7:     615.48
frequency #  8:     622.68
frequency #  9:     807.72
frequency # 10:     828.29
frequency # 11:    1646.95
frequency # 12:    1985.57
frequency # 13:    3361.07
frequency # 14:    3479.28
frequency # 15:    3809.50
frequency # 16:    3917.29
////////////////////////////////////////////
//    Total Energy Distribution (TED)     //
////////////////////////////////////////////
             frequency #:        1       2       3       4       5       6       7       8       9      10      11      12      13      14      15
--------------------------------------------------------------------------------------------------------------------------------------------------
               frequency:      2.4    50.2    66.5   122.6   125.2   194.6   615.5   622.7   807.7   828.3  1647.0  1985.6  3361.1  3479.3  3809.5
--------------------------------------------------------------------------------------------------------------------------------------------------
               Mode #  1      99.9     0.0     0.0    -0.0     0.0     0.0     0.0     0.0    -0.0     0.0     0.0    -0.0    -0.0    -0.0     0.0
               Mode #  2       0.0    98.5     1.2     0.0     0.1     0.1     0.0     0.0     0.0     0.0     0.0    -0.0     0.0    -0.0     0.0
               Mode #  3       0.0     1.3    97.3     0.4     0.9     0.0     0.0     0.0     0.0     0.0     0.0    -0.0     0.0    -0.0     0.0
               Mode #  4       0.0     0.1     1.4    38.8    59.5     0.0     0.1     0.0     0.0     0.0    -0.0    -0.0     0.0    -0.0     0.0
               Mode #  5       0.0     0.0     0.0    60.7    39.3     0.0     0.0     0.0     0.0    -0.0     0.0     0.0     0.0     0.0     0.0
               Mode #  6       0.0     0.1     0.0     0.0     0.0    99.4     0.0     0.5     0.0     0.0    -0.0    -0.0    -0.0    -0.0     0.0
               Mode #  7       0.0     0.0     0.0     0.0     0.1     0.0    99.1     0.2     0.4     0.0    -0.0     0.0    -0.0    -0.0    -0.0
               Mode #  8       0.0     0.0     0.0     0.0     0.0     0.5     0.2    98.8     0.0     0.4    -0.0    -0.0     0.0     0.0    -0.0
               Mode #  9       0.0     0.0     0.0     0.0     0.0     0.0     0.4     0.0    99.3     0.2    -0.0     0.0     0.0     0.0    -0.0
               Mode # 10       0.0     0.0     0.0     0.0     0.0     0.0     0.0     0.5     0.2    99.3     0.0    -0.0     0.0     0.0    -0.0
               Mode # 11       0.0     0.0     0.0     0.0     0.0    -0.0    -0.0    -0.0    -0.0     0.0   100.0     0.0     0.0     0.0     0.0
               Mode # 12      -0.0    -0.0    -0.0     0.0     0.0     0.0    -0.0    -0.0     0.0    -0.0     0.0   100.0     0.0     0.0     0.0
               Mode # 13      -0.0    -0.0     0.0     0.0     0.0    -0.0    -0.0     0.0     0.0    -0.0     0.0     0.0    99.9     0.1     0.0
               Mode # 14       0.0     0.0    -0.0     0.0     0.0    -0.0    -0.0     0.0     0.0     0.0     0.0     0.0     0.1    99.9    -0.0
               Mode # 15       0.0     0.0     0.0     0.0     0.0     0.0    -0.0    -0.0    -0.0    -0.0     0.0     0.0     0.0    -0.0   100.0
               Mode # 16       0.0     0.0     0.0     0.0     0.0     0.0     0.0     0.0    -0.0     0.0     0.0     0.0     0.0    -0.0     0.0

             frequency #:       16
----------------------------------
               frequency:   3917.3
----------------------------------
               Mode #  1       0.0
               Mode #  2       0.0
               Mode #  3       0.0
               Mode #  4       0.0
               Mode #  5       0.0
               Mode #  6       0.0
               Mode #  7       0.0
               Mode #  8       0.0
               Mode #  9       0.0
               Mode # 10       0.0
               Mode # 11       0.0
               Mode # 12       0.0
               Mode # 13       0.0
               Mode # 14      -0.0
               Mode # 15       0.0
               Mode # 16     100.0

////////////////////////////////////////////
//            Full Hessian TED            //
////////////////////////////////////////////
             frequency #:        1       2       3       4       5       6       7       8       9      10      11      12      13      14      15
--------------------------------------------------------------------------------------------------------------------------------------------------
               frequency:      2.4    50.2    66.5   122.6   125.2   194.6   615.5   622.7   807.7   828.3  1647.0  1985.6  3361.1  3479.3  3809.5
--------------------------------------------------------------------------------------------------------------------------------------------------
               Mode #  1      -0.0    -0.0    -0.0     0.1     0.0     0.0     0.0     0.0     0.0    -0.0     0.0    92.6     0.4     7.0     0.0
               Mode #  2      -0.0    -0.0    -0.0     0.2    -0.4     0.0     0.0     0.0     0.0    -0.0     0.0     7.3     2.9    90.0     0.0
               Mode #  3      -0.0     0.0     0.0    -0.1    -0.0     0.0     0.0     0.0     0.0     0.0     0.0     0.0    96.9     3.2     0.0
