   16   48
        0.7572908299        0.0537581397        0.0087777647
       -0.2790078602        0.1173558505        0.0195718553
       -0.0676965800       -0.0414665899       -0.0064687998
       -0.0312194098        0.0491347203        0.0080876603
        0.0612838099       -0.0317931097       -0.0052323699
       -0.1644047700       -0.0521228350       -0.0082359799
       -0.2792597149       -0.1168283950       -0.0197818102
        0.0072512901       -0.0036379700       -0.0007340901
       -0.0038333499       -0.0039058850       -0.0007079350
        0.0001553602        0.0011105553        0.0001570200
       -0.0052646399       -0.0036077398       -0.0005596399
        0.0049365650        0.0322093300        0.0050644698
        0.0000812949        0.0003306297       -0.0002755252
        0.0000333051        0.0001874702       -0.0000121548
       -0.0000258751        0.0001063751       -0.0002391300
       -0.0003191752       -0.0007930748        0.0005442951
        0.0537581397        0.6815310206        0.0817487145
        0.0134963548       -0.2000120952       -0.0195665652
        0.0414678547        0.1018016195        0.0146004399
        0.0492873048       -0.0865093401       -0.0127130753
       -0.1147231205       -0.0240251953       -0.0049875752
        0.0515180596       -0.3115851004       -0.0368951351
       -0.1167825403       -0.1401441756       -0.0153681805
        0.0308571697       -0.0110740001       -0.0024694003
       -0.0043861152       -0.0006593504       -0.0013740654
        0.0010987446       -0.0011346751       -0.0000669652
       -0.0030723754        0.0007507049       -0.0012304102
       -0.0023746455       -0.0089545904       -0.0021728903
        0.0003782145       -0.0004164656       -0.0001579903
        0.0000926497       -0.0000802353        0.0002953249
        0.0000007194       -0.0000732652        0.0000047646
       -0.0005549404        0.0005930247        0.0003217548
        0.0087777647        0.0817487145        0.1898787906
        0.0020322148       -0.0188588851       -0.0827902554
        0.0064683849        0.0146004649        0.0101687047
        0.0076867599       -0.0125993802       -0.0096412853
       -0.0185147655       -0.0050300852        0.0072314799
        0.0084553997       -0.0378062956       -0.0856362399
       -0.0196179005       -0.0151465105       -0.0512312803
        0.0051440597       -0.0026475502        0.0041981744
       -0.0006927652       -0.0014557304        0.0080732548
        0.0001766296       -0.0000281753       -0.0009428604
       -0.0004862352       -0.0012210802        0.0080713298
       -0.0003920505       -0.0021353250        0.0042205048
        0.0012496844        0.0004780495       -0.0001082856
       -0.0000424453       -0.0000424851        0.0002069697
       -0.0000565407        0.0000491798       -0.0004361405
       -0.0002285051        0.0000653995       -0.0012574154
       -0.2790078602        0.0134963548        0.0020322148
        0.6627535703        0.0000145050       -0.0000168203
       -0.2790078250       -0.0134514852       -0.0020496603
        0.0612287252       -0.1150575000       -0.0183501902
       -0.1177975503       -0.0000002998        0.0000000199
        0.0612287099        0.1150697847        0.0183491650
       -0.0188247100        0.0159747998        0.0024945248
       -0.0742547400       -0.0000156950        0.0000010948
       -0.0188246702       -0.0159763701       -0.0024951854
        0.0020365800        0.0010673952        0.0001128947
       -0.0017742403       -0.0000000148       -0.0000000452
        0.0020365547       -0.0010674600       -0.0001133404
       -0.0008160004       -0.0000000054       -0.0000000554
        0.0000514297        0.0000404501       -0.0002844902
        0.0000514797       -0.0000405001        0.0002844098
        0.0009354747       -0.0000000102       -0.0000000250
        0.1173558505       -0.2000120952       -0.0188588851
        0.0000145050        0.7742287397        0.0976666951
       -0.1173247247       -0.2000120401       -0.0188588848
       -0.0320820047       -0.0237933546       -0.0051741597
       -0.0000002649       -0.0024030047        0.0009225352
        0.0320824401       -0.0237933747       -0.0051742148
       -0.0185597051        0.0142493701        0.0014273201
       -0.0000173799       -0.3402052445       -0.0494888499
        0.0185589451        0.0142494000        0.0014273451
        0.0005600350       -0.0063718497       -0.0023468198
        0.0000000401        0.0007545353        0.0002387850
       -0.0005600100       -0.0063718898       -0.0023468749
        0.0000000000        0.0001888898       -0.0002890050
       -0.0000469049        0.0000056900       -0.0000410898
        0.0000469851        0.0000057051       -0.0000411399
       -0.0000000048       -0.0007185699        0.0008995252
        0.0195718553       -0.0195665652       -0.0827902554
       -0.0000168203        0.0976666951        0.1935102000
       -0.0195889851       -0.0195665652       -0.0827902247
       -0.0050274349       -0.0052265747        0.0071356899
       -0.0000000500        0.0007624152       -0.0074633101
        0.0050273201       -0.0052265850        0.0071357201
       -0.0031148500        0.0015810349        0.0048456599
        0.0000003101       -0.0488442748       -0.0571267853
        0.0031145652        0.0015809798        0.0048456249
        0.0000679449       -0.0023667099        0.0079049900
        0.0000000350        0.0002785350       -0.0008907000
       -0.0000679302       -0.0023667499        0.0079050000
       -0.0000000202        0.0010454846       -0.0001763249
       -0.0000123148        0.0001359652       -0.0002807599
        0.0000123700        0.0001359300       -0.0002808051
        0.0000000648       -0.0000583000       -0.0014783697
       -0.0676965800        0.0414678547        0.0064683849
       -0.2790078250       -0.1173247247       -0.0195889851
        0.7572907703       -0.0537180202       -0.0088218201
       -0.1644047100        0.0520960103        0.0082356047
        0.0612838897        0.0317932901        0.0052321050
       -0.0312194001       -0.0491327151       -0.0080872701
       -0.0038333101        0.0039057349        0.0007076648
        0.0072513100        0.0036371100        0.0007342146
       -0.2792596800        0.1168590899        0.0197568647
        0.0049366449       -0.0322091850       -0.0050650652
       -0.0052645902        0.0036076801        0.0005596297
        0.0001552948       -0.0011104399       -0.0001569350
        0.0000813398       -0.0003305902        0.0002754098
       -0.0000259251       -0.0001064001        0.0002390951
        0.0000333898       -0.0001874551        0.0000121597
       -0.0003191602        0.0007931146       -0.0005442649
       -0.0414665899        0.1018016195        0.0146004649
       -0.0134514852       -0.2000120401       -0.0195665652
       -0.0537180202        0.6815309803        0.0817487049
       -0.0515448997       -0.3115850652       -0.0368950751
        0.1147353598       -0.0240251501       -0.0049875703
       -0.0492852752       -0.0865093651       -0.0127130750
        0.0043859998       -0.0006592853       -0.0013740453
       -0.0308574400       -0.0110739452       -0.0024693202
        0.1168149950       -0.1401441702       -0.0153681302
        0.0023734549       -0.0089545398       -0.0021728252
        0.0030722947        0.0007507401       -0.0012303801
       -0.0010987651       -0.0011346751       -0.0000669300
       -0.0003783202       -0.0004164605       -0.0001579451
       -0.0000007151       -0.0000732251        0.0000048050
       -0.0000927403       -0.0000802652        0.0002952797
        0.0005549748        0.0005930298        0.0003218250
       -0.0064687998        0.0146004399        0.0101687047
       -0.0020496603       -0.0188588848       -0.0827902247
       -0.0088218201        0.0817487049        0.1898788099
       -0.0084557797       -0.0378062498       -0.0856362399
        0.0185136952       -0.0050301097        0.0072314950
       -0.0076863000       -0.0125994350       -0.0096412847
        0.0006927951       -0.0014557298        0.0080732599
       -0.0051444948       -0.0026475900        0.0041980996
        0.0195964151       -0.0151465352       -0.0512312948
        0.0003923051       -0.0021353600        0.0042204951
        0.0004863651       -0.0012210998        0.0080713801
       -0.0001764198       -0.0000282097       -0.0009428950
       -0.0012497301        0.0004780546       -0.0001082998
        0.0000565799        0.0000492301       -0.0004361198
        0.0000425149       -0.0000424899        0.0002068700
        0.0002286100        0.0000653699       -0.0012574748
       -0.0312194098        0.0492873048        0.0076867599
        0.0612287252       -0.0320820047       -0.0050274349
       -0.1644047100       -0.0515448997       -0.0084557797
        0.7570328899        0.0529001852        0.0086279599
       -0.2795248898        0.1176633802        0.0187503403
       -0.0675463249       -0.0414462150       -0.0067397448
        0.0001526601        0.0010916452        0.0002236101
       -0.0052727347       -0.0035362697       -0.0005231351
        0.0050602651        0.0320958500        0.0051794899
       -0.2788573198       -0.1166257999       -0.0185682751
        0.0073159049       -0.0037619299       -0.0005515452
       -0.0038419799       -0.0038968449       -0.0006456850
       -0.0000150249        0.0005627999        0.0005283499
       -0.0000839651       -0.0001152549       -0.0000887201
        0.0002110198       -0.0000233447       -0.0001876850
       -0.0002333599       -0.0005301899       -0.0002521446
        0.0491347203       -0.0865093401       -0.0125993802
       -0.1150575000       -0.0237933546       -0.0052265747
        0.0520960103       -0.3115850652       -0.0378062498
        0.0529001852        0.6814705898        0.0813984201
        0.0140034601       -0.1994563448       -0.0193496700
        0.0414475099        0.1012414899        0.0154119601
        0.0010996550       -0.0011169050       -0.0000876250
       -0.0030667098        0.0007499602       -0.0011920051
       -0.0024437000       -0.0089827901       -0.0020379650
       -0.1166241648       -0.1400957748       -0.0146495449
        0.0308545600       -0.0112849349       -0.0025196900
       -0.0044056799       -0.0006248848       -0.0014575448
        0.0010294499       -0.0003201001        0.0000582000
       -0.0000213200       -0.0000807898        0.0002723402
       -0.0000245601        0.0001564251       -0.0001287850
       -0.0008598198        0.0002399699       -0.0001164446
        0.0080876603       -0.0127130753       -0.0096412853
       -0.0183501902       -0.0051741597        0.0071356899
        0.0082356047       -0.0368950751       -0.0856362399
        0.0086279599        0.0813984201        0.1886911701
        0.0022219999       -0.0196004098       -0.0827054001
        0.0067393097        0.0154119201        0.0104894849
        0.0001855548       -0.0000330101       -0.0009358550
       -0.0004842201       -0.0012851399        0.0080605599
       -0.0004011400       -0.0022735099        0.0042077798
       -0.0185220551       -0.0146214700       -0.0508360750
        0.0049240347       -0.0025257199        0.0041263448
       -0.0007163399       -0.0014476899        0.0080567648
       -0.0005276402       -0.0004250003       -0.0003707751
        0.0000151999       -0.0000560399       -0.0001063498
       -0.0001348403       -0.0000456600        0.0003394848
        0.0000584498        0.0002562851       -0.0008688647
        0.0612838099       -0.1147231205       -0.0185147655
       -0.1177975503       -0.0000002649       -0.0000000500
        0.0612838897        0.1147353598        0.0185136952
       -0.2795248898        0.0140034601        0.0022219999
        0.6638265603        0.0000144502       -0.0000166804
       -0.2795249401       -0.0139587502       -0.0022394750
        0.0020118651        0.0010671599        0.0001086048
       -0.0017404349        0.0000000202       -0.0000000455
        0.0020118446       -0.0010672352       -0.0001090004
       -0.0188056953        0.0159305151        0.0025779497
       -0.0742577953       -0.0000157200        0.0000011599
       -0.0188057251       -0.0159320152       -0.0025786804
       -0.0000897901       -0.0000000102       -0.0000000304
       -0.0001318352       -0.0000575201       -0.0002761251
       -0.0001317403        0.0000574701        0.0002760999
        0.0004073848       -0.0000000099       -0.0000000551
       -0.0317931097       -0.0240251953       -0.0050300852
       -0.0000002998       -0.0024030047        0.0007624152
        0.0317932901       -0.0240251501       -0.0050301097
        0.1176633802       -0.1994563448       -0.0196004098
        0.0000144502        0.7728243799        0.0960956001
       -0.1176319648       -0.1994563698       -0.0196004299
        0.0005817699       -0.0063371101       -0.0023529799
        0.0000000202        0.0007464351        0.0002724249
       -0.0005818549       -0.0063371351       -0.0023529651
       -0.0186412797        0.0141800004        0.0016370200
       -0.0000174498       -0.3398224547       -0.0464695751
        0.0186405001        0.0141799651        0.0016370899
       -0.0000000003        0.0006606348        0.0005583749
       -0.0000562451        0.0000581201       -0.0001999248
        0.0000562048        0.0000580701       -0.0001999950
        0.0000000250       -0.0008443899       -0.0001657446
       -0.0052323699       -0.0049875752        0.0072314799
        0.0000000199        0.0009225352       -0.0074633101
        0.0052321050       -0.0049875703        0.0072314950
        0.0187503403       -0.0193496700       -0.0827054001
       -0.0000166804        0.0960956001        0.1905759802
       -0.0187675150       -0.0193496953       -0.0827054248
        0.0000742298       -0.0023631500        0.0078912745
        0.0000000350        0.0002793649       -0.0008713101
       -0.0000741750       -0.0023631952        0.0078913297
       -0.0029934353        0.0015464201        0.0048017048
        0.0000003749       -0.0465132351       -0.0557783352
        0.0029931948        0.0015463951        0.0048016597
       -0.0000000301       -0.0008304951       -0.0006117699
        0.0001200297        0.0000491551        0.0002049299
       -0.0001200203        0.0000491349        0.0002048949
        0.0000000199        0.0002190200       -0.0006930850
       -0.1644047700        0.0515180596        0.0084553997
        0.0612287099        0.0320824401        0.0050273201
       -0.0312194001       -0.0492852752       -0.0076863000
       -0.0675463249        0.0414475099        0.0067393097
       -0.2795249401       -0.1176319648       -0.0187675150
        0.7570329802       -0.0528599904       -0.0086721749
        0.0050602398       -0.0320957602       -0.0051800052
       -0.0052728001        0.0035362450        0.0005231448
        0.0001526851       -0.0010915701       -0.0002235055
       -0.0038420151        0.0038967599        0.0006455051
        0.0073158748        0.0037610951        0.0005516299
       -0.2788573602        0.1166566250        0.0185431099
       -0.0000150354       -0.0005627552       -0.0005283351
        0.0002108899        0.0000233598        0.0001876151
       -0.0000839353        0.0001152549        0.0000886848
       -0.0002334053        0.0005302249        0.0002521952
       -0.0521228350       -0.3115851004       -0.0378062956
        0.1150697847       -0.0237933747       -0.0052265850
       -0.0491327151       -0.0865093651       -0.0125994350
       -0.0414462150        0.1012414899        0.0154119201
       -0.0139587502       -0.1994563698       -0.0193496953
       -0.0528599904        0.6814706603        0.0813983550
        0.0024424898       -0.0089828052       -0.0020380352
        0.0030666797        0.0007499449       -0.0011920503
       -0.0010996402       -0.0011170002       -0.0000876051
        0.0044055949       -0.0006248999       -0.0014575650
       -0.0308548101       -0.0112849949       -0.0025197500
        0.1166566699       -0.1400958351       -0.0146495452
       -0.0010295602       -0.0003201455        0.0000581997
        0.0000245848        0.0001564149       -0.0001287950
        0.0000213146       -0.0000808402        0.0002722496
        0.0008599298        0.0002399747       -0.0001165151
       -0.0082359799       -0.0368951351       -0.0856362399
        0.0183491650       -0.0051742148        0.0071357201
       -0.0080872701       -0.0127130750       -0.0096412847
       -0.0067397448        0.0154119601        0.0104894849
       -0.0022394750       -0.0196004299       -0.0827054248
       -0.0086721749        0.0813983550        0.1886911798
        0.0004013253       -0.0022734648        0.0042077249
        0.0004842752       -0.0012851746        0.0080605400
       -0.0001853800       -0.0000329999       -0.0009358999
        0.0007164351       -0.0014476447        0.0080568051
       -0.0049244599       -0.0025257447        0.0041263050
        0.0185004652       -0.0146214998       -0.0508361052
        0.0005276550       -0.0004250452       -0.0003708200
        0.0001349301       -0.0000456200        0.0003395800
       -0.0000151201       -0.0000560749       -0.0001064001
       -0.0000583250        0.0002562950       -0.0008688897
       -0.2792597149       -0.1167825403       -0.0196179005
       -0.0188247100       -0.0185597051       -0.0031148500
       -0.0038333101        0.0043859998        0.0006927951
        0.0001526601        0.0010996550        0.0001855548
        0.0020118651        0.0005817699        0.0000742298
        0.0050602398        0.0024424898        0.0004013253
        0.2937977501        0.1278491300        0.0215507296
        0.0011067050        0.0005161101        0.0001126097
       -0.0011352452       -0.0008849702       -0.0001501800
        0.0000036349       -0.0000865501       -0.0000076849
        0.0000952400        0.0001895449        0.0000244998
        0.0008332199       -0.0007100547       -0.0000869653
        0.0001715199        0.0000912749        0.0000553050
       -0.0000375249       -0.0000794552        0.0000251549
        0.0000066498        0.0000349149       -0.0000240399
       -0.0001481951       -0.0000559399       -0.0001425599
       -0.1168283950       -0.1401441756       -0.0151465105
        0.0159747998        0.0142493701        0.0015810349
        0.0039057349       -0.0006592853       -0.0014557298
        0.0010916452       -0.0011169050       -0.0000330101
        0.0010671599       -0.0063371101       -0.0023631500
       -0.0320957602       -0.0089828052       -0.0022734648
        0.1278491300        0.1413806802        0.0177426347
       -0.0008426150        0.0007612800        0.0008878999
        0.0008849148        0.0004838097        0.0000993899
       -0.0000829900        0.0000732800        0.0001829596
       -0.0015794100       -0.0007145749       -0.0001014351
        0.0006993596        0.0010506000        0.0009246850
        0.0001048647        0.0000887647        0.0000348197
       -0.0000528101       -0.0000680652        0.0000269551
        0.0000195698        0.0000033248       -0.0000207351
       -0.0000861053       -0.0000674603       -0.0000922549
       -0.0197818102       -0.0153681805       -0.0512312803
        0.0024945248        0.0014273201        0.0048456599
        0.0007076648       -0.0013740453        0.0080732599
        0.0002236101       -0.0000876250       -0.0009358550
        0.0001086048       -0.0023529799        0.0078912745
       -0.0051800052       -0.0020380352        0.0042077249
        0.0215507296        0.0177426347        0.0370585104
       -0.0001314950        0.0009347497       -0.0044472205
        0.0001501297        0.0000993597       -0.0000835703
       -0.0000140051        0.0001766750       -0.0010144851
       -0.0002518203       -0.0000981248       -0.0000933352
        0.0001233596        0.0009109050       -0.0044642951
       -0.0002693503       -0.0001416203        0.0000163647
        0.0000524298        0.0001029196       -0.0000630803
       -0.0000073203       -0.0000433602        0.0000279798
        0.0001998447        0.0001033399        0.0002144100
        0.0072512901        0.0308571697        0.0051440597
       -0.0742547400       -0.0000173799        0.0000003101
        0.0072513100       -0.0308574400       -0.0051444948
       -0.0052727347       -0.0030667098       -0.0004842201
       -0.0017404349        0.0000000202        0.0000000350
       -0.0052728001        0.0030666797        0.0004842752
        0.0011067050       -0.0008426150       -0.0001314950
        0.0695373501       -0.0000147099        0.0000006798
        0.0011066851        0.0008429100        0.0001314800
        0.0000850599       -0.0015878697       -0.0002493150
        0.0001520200       -0.0000000099        0.0000000000
        0.0000850349        0.0015879149        0.0002493098
       -0.0000254005        0.0000000196        0.0000000048
        0.0000067951        0.0000297049        0.0000245052
        0.0000068599       -0.0000296350       -0.0000245450
       -0.0000231600       -0.0000000202       -0.0000000148
       -0.0036379700       -0.0110740001       -0.0026475502
       -0.0000156950       -0.3402052445       -0.0488442748
        0.0036371100       -0.0110739452       -0.0026475900
       -0.0035362697        0.0007499602       -0.0012851399
        0.0000000202        0.0007464351        0.0002793649
        0.0035362450        0.0007499449       -0.0012851746
        0.0005161101        0.0007612800        0.0009347497
       -0.0000147099        0.3600584699        0.0547881950
       -0.0005161050        0.0007612300        0.0009347951
        0.0001818702       -0.0007002450       -0.0001006899
        0.0000000099       -0.0000707149        0.0001714250
       -0.0001817401       -0.0007002498       -0.0001007049
       -0.0000000301        0.0002414649        0.0000583449
       -0.0000075300        0.0000282600       -0.0000372299
        0.0000075497        0.0000282000       -0.0000372600
        0.0000000250       -0.0003007051       -0.0002034648
       -0.0007340901       -0.0024694003        0.0041981744
        0.0000010948       -0.0494888499       -0.0571267853
        0.0007342146       -0.0024693202        0.0041980996
       -0.0005231351       -0.0011920051        0.0080605599
       -0.0000000455        0.0002724249       -0.0008713101
        0.0005231448       -0.0011920503        0.0080605400
        0.0001126097        0.0008878999       -0.0044472205
        0.0000006798        0.0547881950        0.0432981506
       -0.0001126853        0.0008878797       -0.0044472353
        0.0000339847       -0.0000847899       -0.0001034954
       -0.0000000153        0.0001522349       -0.0010133203
       -0.0000339102       -0.0000848303       -0.0001035602
       -0.0000000455       -0.0002491757        0.0000113798
       -0.0000015004       -0.0000426354        0.0000272598
        0.0000015194       -0.0000426652        0.0000272146
       -0.0000000054        0.0003000596        0.0002335250
       -0.0038333499       -0.0043861152       -0.0006927652
       -0.0188246702        0.0185589451        0.0031145652
       -0.2792596800        0.1168149950        0.0195964151
        0.0050602651       -0.0024437000       -0.0004011400
        0.0020118446       -0.0005818549       -0.0000741750
        0.0001526851       -0.0010996402       -0.0001853800
       -0.0011352452        0.0008849148        0.0001501297
        0.0011066851       -0.0005161050       -0.0001126853
        0.2937977501       -0.1278174551       -0.0215731251
        0.0008332799        0.0007101602        0.0000869198
        0.0000952448       -0.0001895199       -0.0000244503
        0.0000035999        0.0000865850        0.0000076798
        0.0001715546       -0.0000912502       -0.0000553052
        0.0000065799       -0.0000349499        0.0000240252
       -0.0000374851        0.0000794600       -0.0000251902
       -0.0001482150        0.0000559601        0.0001426000
       -0.0039058850       -0.0006593504       -0.0014557304
       -0.0159763701        0.0142494000        0.0015809798
        0.1168590899       -0.1401441702       -0.0151465352
        0.0320958500       -0.0089827901       -0.0022735099
       -0.0010672352       -0.0063371351       -0.0023631952
       -0.0010915701       -0.0011170002       -0.0000329999
       -0.0008849702        0.0004838097        0.0000993597
        0.0008429100        0.0007612300        0.0008878797
       -0.1278174551        0.1413807303        0.0177426048
       -0.0006992101        0.0010505951        0.0009246651
        0.0015793549       -0.0007145999       -0.0001014803
        0.0000830650        0.0000732351        0.0001828846
       -0.0001048952        0.0000886845        0.0000348197
       -0.0000195200        0.0000033251       -0.0000206902
        0.0000528297       -0.0000680700        0.0000268747
        0.0000861996       -0.0000674652       -0.0000922950
       -0.0007079350       -0.0013740654        0.0080732548
       -0.0024951854        0.0014273451        0.0048456249
        0.0197568647       -0.0153681302       -0.0512312948
        0.0051794899       -0.0020379650        0.0042077798
       -0.0001090004       -0.0023529651        0.0078913297
       -0.0002235055       -0.0000876051       -0.0009358999
       -0.0001501800        0.0000993899       -0.0000835703
        0.0001314800        0.0009347951       -0.0044472353
       -0.0215731251        0.0177426048        0.0370585104
       -0.0001232550        0.0009109249       -0.0044642550
        0.0002518249       -0.0000981350       -0.0000933653
        0.0000140298        0.0001766497       -0.0010144754
        0.0002691945       -0.0001415904        0.0000163698
        0.0000073098       -0.0000433852        0.0000280647
       -0.0000524653        0.0001028698       -0.0000631803
       -0.0001998305        0.0001033399        0.0002144301
        0.0001553602        0.0010987446        0.0001766296
        0.0020365800        0.0005600350        0.0000679449
        0.0049366449        0.0023734549        0.0003923051
       -0.2788573198       -0.1166241648       -0.0185220551
       -0.0188056953       -0.0186412797       -0.0029934353
       -0.0038420151        0.0044055949        0.0007164351
        0.0000036349       -0.0000829900       -0.0000140051
        0.0000850599        0.0001818702        0.0000339847
        0.0008332799       -0.0006992101       -0.0001232550
        0.2935047502        0.1278045352        0.0202819999
        0.0011078450        0.0005542151        0.0000853598
       -0.0011412851       -0.0008836150       -0.0001431852
        0.0000756546        0.0000607898       -0.0000172602
       -0.0000043653       -0.0000021600        0.0000197650
       -0.0000047504       -0.0000042951       -0.0000918251
       -0.0000818602       -0.0000691551        0.0001093400
        0.0011105553       -0.0011346751       -0.0000281753
        0.0010673952       -0.0063718497       -0.0023667099
       -0.0322091850       -0.0089545398       -0.0021353600
       -0.1166257999       -0.1400957748       -0.0146214700
        0.0159305151        0.0141800004        0.0015464201
        0.0038967599       -0.0006248999       -0.0014476447
       -0.0000865501        0.0000732800        0.0001766750
       -0.0015878697       -0.0007002450       -0.0000847899
        0.0007101602        0.0010505951        0.0009109249
        0.1278045352        0.1413150000        0.0170982651
       -0.0008599352        0.0007921201        0.0008616050
        0.0008836449        0.0004813302        0.0000927699
        0.0000261747        0.0000140048       -0.0000225700
        0.0000112499        0.0000107650       -0.0000105899
       -0.0000309052        0.0000406851       -0.0000246851
       -0.0000113801       -0.0000746198        0.0000499500
        0.0001570200       -0.0000669652       -0.0009428604
        0.0001128947       -0.0023468198        0.0079049900
       -0.0050650652       -0.0021728252        0.0042204951
       -0.0185682751       -0.0146495449       -0.0508360750
        0.0025779497        0.0016370200        0.0048017048
        0.0006455051       -0.0014575650        0.0080568051
       -0.0000076849        0.0001829596       -0.0010144851
       -0.0002493150       -0.0001006899       -0.0001034954
        0.0000869198        0.0009246651       -0.0044642550
        0.0202819999        0.0170982651        0.0368182202
       -0.0001411851        0.0008611951       -0.0044729302
        0.0001432397        0.0000927599       -0.0000692302
        0.0001376497        0.0000977948        0.0000869997
        0.0000007648        0.0000060649       -0.0000015152
       -0.0000089150        0.0000243151       -0.0001756601
       -0.0001284999       -0.0001366101        0.0001935001
       -0.0052646399       -0.0030723754       -0.0004862352
       -0.0017742403        0.0000000401        0.0000000350
       -0.0052645902        0.0030722947        0.0004863651
        0.0073159049        0.0308545600        0.0049240347
       -0.0742577953       -0.0000174498        0.0000003749
        0.0073158748       -0.0308548101       -0.0049244599
        0.0000952400       -0.0015794100       -0.0002518203
        0.0001520200        0.0000000099       -0.0000000153
        0.0000952448        0.0015793549        0.0002518249
        0.0011078450       -0.0008599352       -0.0001411851
        0.0693762303       -0.0000147250        0.0000007748
        0.0011078100        0.0008602902        0.0001411749
        0.0000467796       -0.0000000003        0.0000000045
        0.0000010547       -0.0000169001        0.0000012898
        0.0000011696        0.0000168600       -0.0000013702
       -0.0000539151        0.0000000298        0.0000000051
       -0.0036077398        0.0007507049       -0.0012210802
       -0.0000000148        0.0007545353        0.0002785350
        0.0036076801        0.0007507401       -0.0012210998
       -0.0037619299       -0.0112849349       -0.0025257199
       -0.0000157200       -0.3398224547       -0.0465132351
        0.0037610951       -0.0112849949       -0.0025257447
        0.0001895449       -0.0007145749       -0.0000981248
       -0.0000000099       -0.0000707149        0.0001522349
       -0.0001895199       -0.0007145999       -0.0000981350
        0.0005542151        0.0007921201        0.0008611951
       -0.0000147250        0.3600761198        0.0520078501
       -0.0005541051        0.0007921102        0.0008611400
       -0.0000000503        0.0001468348       -0.0000127599
       -0.0000300000       -0.0000310351       -0.0000335999
        0.0000300651       -0.0000310351       -0.0000336649
        0.0000000099       -0.0001087898        0.0000990704
       -0.0005596399       -0.0012304102        0.0080713298
       -0.0000000452        0.0002387850       -0.0008907000
        0.0005596297       -0.0012303801        0.0080713801
       -0.0005515452       -0.0025196900        0.0041263448
        0.0000011599       -0.0464695751       -0.0557783352
        0.0005516299       -0.0025197500        0.0041263050
        0.0000244998       -0.0001014351       -0.0000933352
        0.0000000000        0.0001714250       -0.0010133203
       -0.0000244503       -0.0001014803       -0.0000933653
        0.0000853598        0.0008616050       -0.0044729302
        0.0000007748        0.0520078501        0.0422973403
       -0.0000854050        0.0008616149       -0.0044729254
       -0.0000000654        0.0003201546        0.0001432997
       -0.0000743950       -0.0000620702       -0.0000989499
        0.0000744245       -0.0000621102       -0.0000990201
       -0.0000000551       -0.0001923550        0.0001791201
        0.0049365650       -0.0023746455       -0.0003920505
        0.0020365547       -0.0005600100       -0.0000679302
        0.0001552948       -0.0010987651       -0.0001764198
       -0.0038419799       -0.0044056799       -0.0007163399
       -0.0188057251        0.0186405001        0.0029931948
       -0.2788573602        0.1166566699        0.0185004652
        0.0008332199        0.0006993596        0.0001233596
        0.0000850349       -0.0001817401       -0.0000339102
        0.0000035999        0.0000830650        0.0000140298
       -0.0011412851        0.0008836449        0.0001432397
        0.0011078100       -0.0005541051       -0.0000854050
        0.2935048502       -0.1277727398       -0.0203045451
        0.0000756145       -0.0000607852        0.0000173100
       -0.0000048701        0.0000042999        0.0000918550
       -0.0000043752        0.0000022098       -0.0000197602
       -0.0000819603        0.0000692049       -0.0001093250
        0.0322093300       -0.0089545904       -0.0021353250
       -0.0010674600       -0.0063718898       -0.0023667499
       -0.0011104399       -0.0011346751       -0.0000282097
       -0.0038968449       -0.0006248848       -0.0014476899
       -0.0159320152        0.0141799651        0.0015463951
        0.1166566250       -0.1400958351       -0.0146214998
       -0.0007100547        0.0010506000        0.0009109050
        0.0015879149       -0.0007002498       -0.0000848303
        0.0000865850        0.0000732351        0.0001766497
       -0.0008836150        0.0004813302        0.0000927599
        0.0008602902        0.0007921102        0.0008616149
       -0.1277727398        0.1413150500        0.0170982099
       -0.0000261852        0.0000139997       -0.0000226200
        0.0000309751        0.0000406700       -0.0000246501
       -0.0000112001        0.0000106749       -0.0000106951
        0.0000115250       -0.0000746999        0.0000498852
        0.0050644698       -0.0021728903        0.0042205048
       -0.0001133404       -0.0023468749        0.0079050000
       -0.0001569350       -0.0000669300       -0.0009428950
       -0.0006456850       -0.0014575448        0.0080567648
       -0.0025786804        0.0016370899        0.0048016597
        0.0185431099       -0.0146495452       -0.0508361052
       -0.0000869653        0.0009246850       -0.0044642951
        0.0002493098       -0.0001007049       -0.0001035602
        0.0000076798        0.0001828846       -0.0010144754
       -0.0001431852        0.0000927699       -0.0000692302
        0.0001411749        0.0008611400       -0.0044729254
       -0.0203045451        0.0170982099        0.0368182504
       -0.0001377805        0.0000977445        0.0000869699
        0.0000088500        0.0000243497       -0.0001756601
       -0.0000008203        0.0000061050       -0.0000015751
        0.0001285397       -0.0001366303        0.0001934700
        0.0000812949        0.0003782145        0.0012496844
       -0.0008160004        0.0000000000       -0.0000000202
        0.0000813398       -0.0003783202       -0.0012497301
       -0.0000150249        0.0010294499       -0.0005276402
       -0.0000897901       -0.0000000003       -0.0000000301
       -0.0000150354       -0.0010295602        0.0005276550
        0.0001715199        0.0001048647       -0.0002693503
       -0.0000254005       -0.0000000301       -0.0000000455
        0.0001715546       -0.0001048952        0.0002691945
        0.0000756546        0.0000261747        0.0001376497
        0.0000467796       -0.0000000503       -0.0000000654
        0.0000756145       -0.0000261852       -0.0001377805
        0.6636716705        0.0000672094       -0.0000423654
       -0.2943034704        0.1959695047       -0.0360781152
       -0.2943034156       -0.1959059503        0.0360584897
       -0.0748074501        0.0000018846       -0.0000232950
        0.0003306297       -0.0004164656        0.0004780495
       -0.0000000054        0.0001888898        0.0010454846
       -0.0003305902       -0.0004164605        0.0004780546
        0.0005627999       -0.0003201001       -0.0004250003
       -0.0000000102        0.0006606348       -0.0008304951
       -0.0005627552       -0.0003201455       -0.0004250452
        0.0000912749        0.0000887647       -0.0001416203
        0.0000000196        0.0002414649       -0.0002491757
       -0.0000912502        0.0000886845       -0.0001415904
        0.0000607898        0.0000140048        0.0000977948
       -0.0000000003        0.0001468348        0.0003201546
       -0.0000607852        0.0000139997        0.0000977445
        0.0000672094        0.3631232107       -0.1705344954
        0.1519536696       -0.1661727202        0.0493840096
       -0.1518924606       -0.1661727455        0.0493840045
        0.0000011846       -0.0307479155        0.0714051947
       -0.0002755252       -0.0001579903       -0.0001082856
       -0.0000000554       -0.0002890050       -0.0001763249
        0.0002754098       -0.0001579451       -0.0001082998
        0.0005283499        0.0000582000       -0.0003707751
       -0.0000000304        0.0005583749       -0.0006117699
       -0.0005283351        0.0000581997       -0.0003708200
        0.0000553050        0.0000348197        0.0000163647
        0.0000000048        0.0000583449        0.0000113798
       -0.0000553052        0.0000348197        0.0000163698
       -0.0000172602       -0.0000225700        0.0000869997
        0.0000000045       -0.0000127599        0.0001432997
        0.0000173100       -0.0000226200        0.0000869699
       -0.0000423654       -0.1705344954        0.5689851503
       -0.0605299800        0.0782447052       -0.0702001699
        0.0605141895        0.0782446901       -0.0702002302
       -0.0000249599        0.0138420450       -0.4272001200
        0.0000333051        0.0000926497       -0.0000424453
        0.0000514297       -0.0000469049       -0.0000123148
       -0.0000259251       -0.0000007151        0.0000565799
       -0.0000839651       -0.0000213200        0.0000151999
       -0.0001318352       -0.0000562451        0.0001200297
        0.0002108899        0.0000245848        0.0001349301
       -0.0000375249       -0.0000528101        0.0000524298
        0.0000067951       -0.0000075300       -0.0000015004
        0.0000065799       -0.0000195200        0.0000073098
       -0.0000043653        0.0000112499        0.0000007648
        0.0000010547       -0.0000300000       -0.0000743950
       -0.0000048701        0.0000309751        0.0000088500
       -0.2943034704        0.1519536696       -0.0605299800
        0.3227285703       -0.1763121500        0.0671028150
       -0.0293055302        0.0241594199       -0.0086927400
        0.0008585499        0.0003360398        0.0018377651
        0.0001874702       -0.0000802353       -0.0000424851
        0.0000404501        0.0000056900        0.0001359652
       -0.0001064001       -0.0000732251        0.0000492301
       -0.0001152549       -0.0000807898       -0.0000560399
       -0.0000575201        0.0000581201        0.0000491551
        0.0000233598        0.0001564149       -0.0000456200
       -0.0000794552       -0.0000680652        0.0001029196
        0.0000297049        0.0000282600       -0.0000426354
       -0.0000349499        0.0000033251       -0.0000433852
       -0.0000021600        0.0000107650        0.0000060649
       -0.0000169001       -0.0000310351       -0.0000620702
        0.0000042999        0.0000406700        0.0000243497
        0.1959695047       -0.1661727202        0.0782447052
       -0.1763121500        0.1603546701       -0.0671317051
       -0.0241608552        0.0121143751       -0.0080575950
        0.0046937751       -0.0062662099       -0.0031388149
       -0.0000121548        0.0002953249        0.0002069697
       -0.0002844902       -0.0000410898       -0.0002807599
        0.0002390951        0.0000048050       -0.0004361198
       -0.0000887201        0.0002723402       -0.0001063498
       -0.0002761251       -0.0001999248        0.0002049299
        0.0001876151       -0.0001287950        0.0003395800
        0.0000251549        0.0000269551       -0.0000630803
        0.0000245052       -0.0000372299        0.0000272598
        0.0000240252       -0.0000206902        0.0000280647
        0.0000197650       -0.0000105899       -0.0000015152
        0.0000012898       -0.0000335999       -0.0000989499
        0.0000918550       -0.0000246501       -0.0001756601
       -0.0360781152        0.0493840096       -0.0702001699
        0.0671028150       -0.0671317051        0.0775065701
        0.0086916796       -0.0080575902        0.0018812202
       -0.0396878801        0.0256965950       -0.0088318649
       -0.0000258751        0.0000007194       -0.0000565407
        0.0000514797        0.0000469851        0.0000123700
        0.0000333898       -0.0000927403        0.0000425149
        0.0002110198       -0.0000245601       -0.0001348403
       -0.0001317403        0.0000562048       -0.0001200203
       -0.0000839353        0.0000213146       -0.0000151201
        0.0000066498        0.0000195698       -0.0000073203
        0.0000068599        0.0000075497        0.0000015194
       -0.0000374851        0.0000528297       -0.0000524653
       -0.0000047504       -0.0000309052       -0.0000089150
        0.0000011696        0.0000300651        0.0000744245
       -0.0000043752       -0.0000112001       -0.0000008203
       -0.2943034156       -0.1518924606        0.0605141895
       -0.0293055302       -0.0241608552        0.0086916796
        0.3227284606        0.1763730248       -0.0671196253
        0.0008586045       -0.0003355953       -0.0018379299
        0.0001063751       -0.0000732652        0.0000491798
       -0.0000405001        0.0000057051        0.0001359300
       -0.0001874551       -0.0000802652       -0.0000424899
       -0.0000233447        0.0001564251       -0.0000456600
        0.0000574701        0.0000580701        0.0000491349
        0.0001152549       -0.0000808402       -0.0000560749
        0.0000349149        0.0000033248       -0.0000433602
       -0.0000296350        0.0000282000       -0.0000426652
        0.0000794600       -0.0000680700        0.0001028698
       -0.0000042951        0.0000406851        0.0000243151
        0.0000168600       -0.0000310351       -0.0000621102
        0.0000022098        0.0000106749        0.0000061050
       -0.1959059503       -0.1661727455        0.0782446901
        0.0241594199        0.0121143751       -0.0080575902
        0.1763730248        0.1603547202       -0.0671317952
       -0.0046939152       -0.0062662801       -0.0031388549
       -0.0002391300        0.0000047646       -0.0004361405
        0.0002844098       -0.0000411399       -0.0002808051
        0.0000121597        0.0002952797        0.0002068700
       -0.0001876850       -0.0001287850        0.0003394848
        0.0002760999       -0.0001999950        0.0002048949
        0.0000886848        0.0002722496       -0.0001064001
       -0.0000240399       -0.0000207351        0.0000279798
       -0.0000245450       -0.0000372600        0.0000272146
       -0.0000251902        0.0000268747       -0.0000631803
       -0.0000918251       -0.0000246851       -0.0001756601
       -0.0000013702       -0.0000336649       -0.0000990201
       -0.0000197602       -0.0000106951       -0.0000015751
        0.0360584897        0.0493840045       -0.0702002302
       -0.0086927400       -0.0080575950        0.0018812202
       -0.0671196253       -0.0671317952        0.0775066803
        0.0396868646        0.0256965248       -0.0088319001
       -0.0003191752       -0.0005549404       -0.0002285051
        0.0009354747       -0.0000000048        0.0000000648
       -0.0003191602        0.0005549748        0.0002286100
       -0.0002333599       -0.0008598198        0.0000584498
        0.0004073848        0.0000000250        0.0000000199
       -0.0002334053        0.0008599298       -0.0000583250
       -0.0001481951       -0.0000861053        0.0001998447
       -0.0000231600        0.0000000250       -0.0000000054
       -0.0001482150        0.0000861996       -0.0001998305
       -0.0000818602       -0.0000113801       -0.0001284999
       -0.0000539151        0.0000000099       -0.0000000551
       -0.0000819603        0.0000115250        0.0001285397
       -0.0748074501        0.0000011846       -0.0000249599
        0.0008585499        0.0046937751       -0.0396878801
        0.0008586045       -0.0046939152        0.0396868646
        0.0733900703        0.0000015999       -0.0000225148
       -0.0007930748        0.0005930247        0.0000653995
       -0.0000000102       -0.0007185699       -0.0000583000
        0.0007931146        0.0005930298        0.0000653699
       -0.0005301899        0.0002399699        0.0002562851
       -0.0000000099       -0.0008443899        0.0002190200
        0.0005302249        0.0002399747        0.0002562950
       -0.0000559399       -0.0000674603        0.0001033399
       -0.0000000202       -0.0003007051        0.0003000596
        0.0000559601       -0.0000674652        0.0001033399
       -0.0000691551       -0.0000746198       -0.0001366101
        0.0000000298       -0.0001087898       -0.0001923550
        0.0000692049       -0.0000746999       -0.0001366303
        0.0000018846       -0.0307479155        0.0138420450
        0.0003360398       -0.0062662099        0.0256965950
       -0.0003355953       -0.0062662801        0.0256965248
        0.0000015999        0.0438711203       -0.0661247100
        0.0005442951        0.0003217548       -0.0012574154
       -0.0000000250        0.0008995252       -0.0014783697
       -0.0005442649        0.0003218250       -0.0012574748
       -0.0002521446       -0.0001164446       -0.0008688647
       -0.0000000551       -0.0001657446       -0.0006930850
        0.0002521952       -0.0001165151       -0.0008688897
       -0.0001425599       -0.0000922549        0.0002144100
       -0.0000000148       -0.0002034648        0.0002335250
        0.0001426000       -0.0000922950        0.0002144301
        0.0001093400        0.0000499500        0.0001935001
        0.0000000051        0.0000990704        0.0001791201
       -0.0001093250        0.0000498852        0.0001934700
       -0.0000232950        0.0714051947       -0.4272001200
        0.0018377651       -0.0031388149       -0.0088318649
       -0.0018379299       -0.0031388549       -0.0088319001
       -0.0000225148       -0.0661247100        0.4500592598
