   16   48
        0.1459427301       -0.0912749849        0.0158012696
       -0.0598672949        0.0168058250        0.0085250701
        0.0042171450       -0.0060749250        0.0009696046
       -0.0046074300        0.0044224049        0.0024166300
        0.0024579799        0.0048990449       -0.0083423751
       -0.0651879151        0.0474281353        0.0028859799
       -0.0399434350        0.0177130150       -0.0254534152
        0.0021059151        0.0023429649        0.0047312551
        0.0075591851        0.0013581149       -0.0009559849
       -0.0013431702       -0.0001080002        0.0003789049
        0.0074613399        0.0013734450       -0.0006688751
        0.0022080252        0.0013842597       -0.0007309600
       -0.0001786651       -0.0002405497        0.0008420295
        0.0002000800        0.0000408602       -0.0000796049
       -0.0003566751       -0.0001018600        0.0000303996
       -0.0005851197        0.0000307298       -0.0003719950
       -0.0912749849        0.6712828394       -0.0269636800
        0.0177302005       -0.1734711049       -0.0761199846
       -0.0064302597        0.0436979755       -0.0104044997
        0.0040467205       -0.0310819297       -0.0182472147
        0.0056755655       -0.0252328996        0.0509033950
        0.0464356805       -0.3389838545       -0.0219464900
        0.0178899603       -0.1261815297        0.1213159354
        0.0016081202       -0.0099470196       -0.0276930697
        0.0013531152       -0.0004139895        0.0038417804
        0.0000166551       -0.0012996546       -0.0013747899
        0.0012460552        0.0006213853        0.0028510149
        0.0019730004       -0.0091123897        0.0037882555
        0.0001140404       -0.0002851297       -0.0001611400
       -0.0002803947       -0.0000609197       -0.0001094648
        0.0000060004       -0.0000954796        0.0000003351
       -0.0001178697        0.0005667653        0.0003578654
        0.0158012696       -0.0269636800        0.7196550700
        0.0159551351       -0.1185197502       -0.2903836798
       -0.0028291251        0.0106938901       -0.0496203700
        0.0033325202       -0.0182055950       -0.0107137851
       -0.0048124301        0.0295407600        0.0215575398
       -0.0043514453        0.0205445900       -0.1197691654
       -0.0256793149        0.1213424699       -0.2703450198
       -0.0008295351        0.0043039250        0.0043948253
       -0.0007694152        0.0034488900       -0.0035588801
        0.0001885348       -0.0014046250        0.0003316450
       -0.0006999650        0.0033393951       -0.0045685502
        0.0045738500       -0.0283255801        0.0033687300
       -0.0001892653       -0.0002347849        0.0000578351
        0.0000074800       -0.0001492251        0.0000099951
       -0.0002075450       -0.0000983900       -0.0000132204
        0.0005051402        0.0007507049       -0.0003884000
       -0.0598672949        0.0177302005        0.0159551351
        0.1475658098       -0.0999817698        0.0094908702
       -0.0609065251        0.0205609703       -0.0242819601
        0.0023632401        0.0055748649       -0.0041397098
       -0.0038733350       -0.0000679199       -0.0006486999
        0.0027315252        0.0038547853        0.0047784150
        0.0026260452       -0.0016277500       -0.0032927301
       -0.0452797997        0.0514280251       -0.0002031149
        0.0025696002       -0.0010415548        0.0025527152
        0.0073643048        0.0022857151       -0.0001815849
       -0.0012778750       -0.0005421398       -0.0000116350
        0.0074167301        0.0023216847       -0.0000190698
       -0.0002466399       -0.0006329347        0.0001295550
       -0.0002120348       -0.0001493896       -0.0001097098
       -0.0002321150       -0.0001888648        0.0000495152
       -0.0006537198        0.0004654552       -0.0000754798
        0.0168058250       -0.1734711049       -0.1185197502
       -0.0999817698        0.7206243197        0.0018732104
        0.0211504502       -0.1733931296        0.1177530152
        0.0055274953       -0.0252223998        0.0296832451
       -0.0010379449       -0.0000332849        0.0000569349
        0.0044701952       -0.0251531748       -0.0298503801
       -0.0009330697        0.0107815751        0.0165568153
        0.0519604902       -0.3340485046       -0.0008828147
       -0.0015394249        0.0107800952       -0.0165609598
        0.0021811701       -0.0057076798       -0.0004048047
       -0.0003134997        0.0010741303        0.0000068701
        0.0021990999       -0.0057061501        0.0003266351
        0.0001051251        0.0000872151       -0.0000634500
        0.0000469302       -0.0000568946        0.0000664602
        0.0000493949        0.0000027802       -0.0000329899
       -0.0006976745       -0.0005454848        0.0000363553
        0.0085250701       -0.0761199846       -0.2903836798
        0.0094908702        0.0018732104        0.6692086595
       -0.0169560349        0.0754188403       -0.2891710798
       -0.0080941447        0.0509284303        0.0213779555
       -0.0006900447       -0.0000382798       -0.0425858801
        0.0086739954       -0.0510603147        0.0209840400
        0.0021831403       -0.0154716696       -0.0169138346
       -0.0002456346       -0.0008990497       -0.0575559247
       -0.0028396195        0.0154911604       -0.0169263845
       -0.0000143649       -0.0008717248        0.0018937402
       -0.0000099848        0.0000162805       -0.0021047001
       -0.0001722196        0.0007585052        0.0018838503
        0.0000281503       -0.0000240595       -0.0006667500
       -0.0002494247       -0.0000862644        0.0000315154
        0.0002120152        0.0000559052        0.0000086899
        0.0001285557        0.0000420653        0.0009101652
        0.0042171450       -0.0064302597       -0.0028291251
       -0.0609065251        0.0211504502       -0.0169560349
        0.1449276698       -0.0897525297        0.0054422500
       -0.0648759496        0.0462654501       -0.0049208299
        0.0028660253        0.0039005300        0.0091360602
       -0.0047476098        0.0051000853       -0.0026578002
        0.0076133952        0.0012567403        0.0005234853
        0.0019101103        0.0021567652       -0.0046616697
       -0.0381493649        0.0130633401        0.0165319102
        0.0019760049        0.0023813149        0.0007743401
        0.0075339500        0.0012445051        0.0002403848
       -0.0014268400       -0.0000600451       -0.0003067697
       -0.0000521248       -0.0002861498       -0.0008466151
       -0.0003858099       -0.0000918496       -0.0000540047
        0.0001512899        0.0000166852        0.0000579348
       -0.0005649298        0.0000844452        0.0005066150
       -0.0060749250        0.0436979755        0.0106938901
        0.0205609703       -0.1733931296        0.0754188403
       -0.0897525297        0.6706595394        0.0301162351
        0.0471115604       -0.3384213048        0.0203006303
        0.0037982505       -0.0253071099       -0.0510230348
        0.0046907752       -0.0310146643        0.0180766150
        0.0012326254       -0.0004176545       -0.0038802847
        0.0025567752       -0.0099394995        0.0276220553
        0.0131901652       -0.1261765394       -0.1217722146
        0.0018299750       -0.0091186050       -0.0038711448
        0.0011503954        0.0006228453       -0.0028913399
        0.0000557654       -0.0013096448        0.0013702103
        0.0000787551       -0.0003633596        0.0002497200
       -0.0000084344       -0.0000927895       -0.0000105746
       -0.0002335898       -0.0000434599        0.0000464649
       -0.0002014795        0.0006170103       -0.0004202548
        0.0009696046       -0.0104044997       -0.0496203700
       -0.0242819601        0.1177530152       -0.2891710798
        0.0054422500        0.0301162351        0.7195614899
        0.0024050502       -0.0221181148       -0.1196385901
        0.0055200852       -0.0296417849        0.0209796249
       -0.0035304799        0.0179386751       -0.0105025600
        0.0003629401       -0.0034980098       -0.0035946547
        0.0009338049       -0.0043826347        0.0045036953
        0.0166772199       -0.1217918398       -0.2715912748
       -0.0045614652        0.0282570349        0.0035054151
        0.0002756701       -0.0033893500       -0.0046025400
       -0.0001311599        0.0014105950        0.0003542550
        0.0002133248        0.0002452703       -0.0000073601
        0.0001819751        0.0001240502       -0.0000147151
        0.0000537150        0.0001714102        0.0000363801
       -0.0005438048       -0.0007543949       -0.0001924900
       -0.0046074300        0.0040467205        0.0033325202
        0.0023632401        0.0055274953       -0.0080941447
       -0.0648759496        0.0471115604        0.0024050502
        0.1445291696       -0.0904403049        0.0148893002
       -0.0598503047        0.0173581353        0.0081958601
        0.0044941501       -0.0069871646        0.0008217350
       -0.0013971047        0.0000285053        0.0001822153
        0.0075668100        0.0011987902       -0.0006931546
        0.0021034600        0.0014454301       -0.0005232897
       -0.0393673599        0.0170647053       -0.0241558499
        0.0021562903        0.0020930003        0.0046532500
        0.0075122801        0.0014903250       -0.0007779298
       -0.0003467849        0.0003917205       -0.0004185048
       -0.0000635200        0.0000599204        0.0000061951
        0.0003489600       -0.0000247249       -0.0000129251
       -0.0004786847       -0.0003715297        0.0001655403
        0.0044224049       -0.0310819297       -0.0182055950
        0.0055748649       -0.0252223998        0.0509284303
        0.0462654501       -0.3384213048       -0.0221181148
       -0.0904403049        0.6706902298       -0.0265898498
        0.0181846804       -0.1731807851       -0.0760933651
       -0.0073779302        0.0435911403       -0.0106068251
       -0.0000751999       -0.0012920398       -0.0014144399
        0.0012650301        0.0006071653        0.0028475554
        0.0019232402       -0.0091144548        0.0038708700
        0.0170281399       -0.1261103850        0.1211363951
        0.0015284300       -0.0101737649       -0.0277013950
        0.0014939550       -0.0003439501        0.0039005451
        0.0000611851       -0.0002388700       -0.0006476648
       -0.0002433697       -0.0000584348       -0.0000584197
        0.0000904600        0.0001028252        0.0000336698
        0.0002900453        0.0002452853        0.0007519702
        0.0024166300       -0.0182472147       -0.0107137851
       -0.0041397098        0.0296832451        0.0213779555
       -0.0049208299        0.0203006303       -0.1196385901
        0.0148893002       -0.0265898498        0.7191835897
        0.0156737153       -0.1188062498       -0.2905663300
       -0.0026819549        0.0108455754       -0.0495582151
        0.0003599652       -0.0013693597        0.0003214402
       -0.0008119449        0.0032495751       -0.0045599595
        0.0048182801       -0.0282100498        0.0034294501
       -0.0241556899        0.1211545651       -0.2700198951
       -0.0006530999        0.0044621052        0.0044228099
       -0.0008072399        0.0034179450       -0.0035597898
        0.0003470151       -0.0004646148        0.0000637098
       -0.0001020399        0.0000920303       -0.0001640447
       -0.0001053797        0.0000144203        0.0001225050
       -0.0001397095        0.0005233201       -0.0001320097
        0.0024579799        0.0056755655       -0.0048124301
       -0.0038733350       -0.0010379449       -0.0006900447
        0.0028660253        0.0037982505        0.0055200852
       -0.0598503047        0.0181846804        0.0156737153
        0.1457145896       -0.0980840849        0.0092753652
       -0.0611178149        0.0208457402       -0.0238367849
        0.0073874904        0.0021852054        0.0000238853
       -0.0013484851       -0.0003080996       -0.0000210548
        0.0073789752        0.0022137053       -0.0002432347
        0.0026412900       -0.0017283747       -0.0030738900
       -0.0442744798        0.0491999151       -0.0002304452
        0.0026560102       -0.0011724902        0.0023790602
       -0.0005106199        0.0005776755       -0.0000930947
        0.0001810304       -0.0000566294        0.0001832703
        0.0001555051       -0.0000251950       -0.0000839751
       -0.0003778996       -0.0002774848        0.0000154705
        0.0048990449       -0.0252328996        0.0295407600
       -0.0000679199       -0.0000332849       -0.0000382798
        0.0039005300       -0.0253071099       -0.0296417849
        0.0173581353       -0.1731807851       -0.1188062498
       -0.0980840849        0.7199031597        0.0018714050
        0.0216572101       -0.1732120046        0.1180298150
        0.0023049603       -0.0056529700       -0.0003977499
       -0.0005265048        0.0010747053        0.0000098103
        0.0023128203       -0.0056706747        0.0002989452
       -0.0011685350        0.0106699051        0.0167139299
        0.0491596401       -0.3338234899       -0.0008723953
       -0.0017829998        0.0106612799       -0.0166520749
       -0.0003830951        0.0004361704       -0.0000024102
        0.0001956602        0.0000727903        0.0000696801
        0.0001009352        0.0000487202       -0.0000262901
        0.0001418906       -0.0007314850       -0.0000352048
       -0.0083423751        0.0509033950        0.0215575398
       -0.0006486999        0.0000569349       -0.0425858801
        0.0091360602       -0.0510230348        0.0209796249
        0.0081958601       -0.0760933651       -0.2905663300
        0.0092753652        0.0018714050        0.6694293000
       -0.0164533802        0.0753270604       -0.2891755003
        0.0000392751       -0.0008318750        0.0018734951
       -0.0000180401       -0.0000078799       -0.0021061896
       -0.0002506050        0.0007598953        0.0018992151
        0.0022819498       -0.0154253902       -0.0168939448
       -0.0002336651       -0.0008887250       -0.0575726054
       -0.0029812901        0.0154712299       -0.0169052998
       -0.0000542752        0.0000997102       -0.0001903302
       -0.0002418400        0.0000118453       -0.0000787298
        0.0002473450       -0.0001112852       -0.0000675453
        0.0000143402       -0.0001090100        0.0003895101
       -0.0651879151        0.0464356805       -0.0043514453
        0.0027315252        0.0044701952        0.0086739954
       -0.0047476098        0.0046907752       -0.0035304799
        0.0044941501       -0.0073779302       -0.0026819549
       -0.0611178149        0.0216572101       -0.0164533802
        0.1445611798       -0.0896915947        0.0056287300
        0.0020563502        0.0025416853        0.0005882552
        0.0076075051        0.0010813653        0.0002717053
       -0.0014045401        0.0000738351       -0.0001101748
        0.0075159147        0.0013687250        0.0003730352
        0.0020573202        0.0019254151       -0.0045730400
       -0.0380320847        0.0127046548        0.0158461103
       -0.0003092953        0.0002383001        0.0003214549
        0.0003361600        0.0000312005        0.0000659003
       -0.0001061849        0.0000903452        0.0000306397
       -0.0003654296       -0.0002445648       -0.0001183898
        0.0474281353       -0.3389838545        0.0205445900
        0.0038547853       -0.0251531748       -0.0510603147
        0.0051000853       -0.0310146643        0.0179386751
       -0.0069871646        0.0435911403        0.0108455754
        0.0208457402       -0.1732120046        0.0753270604
       -0.0896915947        0.6712594194        0.0298352202
        0.0017633803       -0.0091153046       -0.0039557747
        0.0011512103        0.0005809505       -0.0029062696
       -0.0000265496       -0.0012908146        0.0014297152
        0.0013563300       -0.0003497749       -0.0039500244
        0.0025117905       -0.0101599346        0.0276186651
        0.0127371203       -0.1261137851       -0.1216081847
       -0.0001058748       -0.0002017148        0.0007441051
        0.0001407852        0.0001276504       -0.0000550696
       -0.0002085199       -0.0001019546        0.0000093550
        0.0001244103        0.0001388656       -0.0007287247
        0.0028859799       -0.0219464900       -0.1197691654
        0.0047784150       -0.0298503801        0.0209840400
       -0.0026578002        0.0180766150       -0.0105025600
        0.0008217350       -0.0106068251       -0.0495582151
       -0.0238367849        0.1180298150       -0.2891755003
        0.0056287300        0.0298352202        0.7191439101
       -0.0047576700        0.0281124900        0.0036226200
        0.0003832398       -0.0032803399       -0.0045945700
       -0.0002868302        0.0013786502        0.0003371449
        0.0003982746       -0.0034639649       -0.0036027251
        0.0007354450       -0.0045347099        0.0045752449
        0.0158813100       -0.1216083052       -0.2713251149
       -0.0003496902        0.0004146850        0.0000206248
        0.0001753600        0.0000024750        0.0001909450
        0.0000335598       -0.0000520251       -0.0000710403
        0.0001537254       -0.0004652901       -0.0002676200
       -0.0399434350        0.0178899603       -0.0256793149
        0.0026260452       -0.0009330697        0.0021831403
        0.0076133952        0.0012326254        0.0003629401
       -0.0013971047       -0.0000751999        0.0003599652
        0.0073874904        0.0023049603        0.0000392751
        0.0020563502        0.0017633803       -0.0047576700
        0.0297015896       -0.0203896496        0.0274298949
       -0.0036349499       -0.0008244848       -0.0000039347
        0.0000877952       -0.0000353847        0.0001601703
       -0.0010608548       -0.0001852300       -0.0000299400
        0.0000684253        0.0000772005       -0.0002474098
       -0.0036627398       -0.0008083600        0.0001830253
        0.0000265652        0.0001055952       -0.0001915848
       -0.0000318195       -0.0000954145        0.0000561752
       -0.0000016149        0.0000477553       -0.0000224301
        0.0001744854       -0.0000795046        0.0001330653
        0.0177130150       -0.1261815297        0.1213424699
       -0.0016277500        0.0107815751       -0.0154716696
        0.0012567403       -0.0004176545       -0.0034980098
        0.0000285053       -0.0012920398       -0.0013693597
        0.0021852054       -0.0056529700       -0.0008318750
        0.0025416853       -0.0091153046        0.0281124900
       -0.0203896496        0.1301927296       -0.1291890550
       -0.0007755600        0.0007143353        0.0006574155
       -0.0000629495        0.0004396202       -0.0008775945
       -0.0002223999        0.0001393201        0.0001457502
        0.0001421353       -0.0005853545        0.0014642401
       -0.0008242048        0.0010457950       -0.0004590598
       -0.0000040799        0.0000668652       -0.0000887599
       -0.0000143348       -0.0000667347        0.0000686401
        0.0000090051        0.0000085601       -0.0000244401
        0.0000480503       -0.0000699899        0.0000588253
       -0.0254534152        0.1213159354       -0.2703450198
       -0.0032927301        0.0165568153       -0.0169138346
        0.0005234853       -0.0038802847       -0.0035946547
        0.0001822153       -0.0014144399        0.0003214402
        0.0000238853       -0.0003977499        0.0018734951
        0.0005882552       -0.0039557747        0.0036226200
        0.0274298949       -0.1291890550        0.2840607198
        0.0001619250       -0.0002549245        0.0010709903
       -0.0001895998        0.0008767603       -0.0009425347
        0.0000258149        0.0001567452        0.0000007702
        0.0000201703       -0.0002975247        0.0001073400
        0.0000460054        0.0005068847        0.0007561852
       -0.0000092200       -0.0000736998        0.0001400747
        0.0000238953        0.0000626054       -0.0000484451
       -0.0000087050       -0.0000408349        0.0000166847
       -0.0000892047        0.0000613352       -0.0001247699
        0.0021059151        0.0016081202       -0.0008295351
       -0.0452797997        0.0519604902       -0.0002456346
        0.0019101103        0.0025567752        0.0009338049
        0.0075668100        0.0012650301       -0.0008119449
       -0.0013484851       -0.0005265048       -0.0000180401
        0.0076075051        0.0011512103        0.0003832398
       -0.0036349499       -0.0007755600        0.0001619250
        0.0354049098       -0.0565156296        0.0003749153
       -0.0036325750       -0.0007926147        0.0000214203
        0.0000754301        0.0001158651        0.0000747701
       -0.0010582798       -0.0001307049        0.0000231600
        0.0000587002        0.0000596549       -0.0000730898
       -0.0000029300        0.0001817654        0.0000013998
        0.0000218202        0.0000420803       -0.0000092348
        0.0000041899        0.0000369948        0.0000042999
        0.0002179203       -0.0002555399        0.0000168552
        0.0023429649       -0.0099470196        0.0043039250
        0.0514280251       -0.3340485046       -0.0008990497
        0.0021567652       -0.0099394995       -0.0043826347
        0.0011987902        0.0006071653        0.0032495751
       -0.0003080996        0.0010747053       -0.0000078799
        0.0010813653        0.0005809505       -0.0032803399
       -0.0008244848        0.0007143353       -0.0002549245
       -0.0565156296        0.3515348095        0.0009352706
       -0.0008155149        0.0007163754        0.0002966104
        0.0001329900       -0.0005643000       -0.0002826599
       -0.0002049495       -0.0001123547        0.0000040401
        0.0001372754       -0.0005675099        0.0002763903
       -0.0000119098        0.0001742902        0.0000125300
        0.0000348453        0.0000400155        0.0000091953
        0.0000179853        0.0000304505       -0.0000134949
        0.0001279153       -0.0002935045        0.0000004854
        0.0047312551       -0.0276930697        0.0043948253
       -0.0002031149       -0.0008828147       -0.0575559247
       -0.0046616697        0.0276220553        0.0045036953
       -0.0006931546        0.0028475554       -0.0045599595
       -0.0000210548        0.0000098103       -0.0021061896
        0.0002717053       -0.0029062696       -0.0045945700
       -0.0000039347        0.0006574155        0.0010709903
        0.0003749153        0.0009352706        0.0573773394
        0.0001800453       -0.0006341196        0.0010730054
       -0.0002388498        0.0014768051        0.0000949703
        0.0000230952        0.0000015754        0.0002586251
        0.0002397053       -0.0014799249        0.0000883006
        0.0000097103       -0.0000020447       -0.0000379751
        0.0000233254       -0.0000260346        0.0000088156
       -0.0000215996        0.0000315302        0.0000055701
       -0.0000120394        0.0000091705       -0.0000237796
        0.0075591851        0.0013531152       -0.0007694152
        0.0025696002       -0.0015394249       -0.0028396195
       -0.0381493649        0.0131901652        0.0166772199
        0.0021034600        0.0019232402        0.0048182801
        0.0073789752        0.0023128203       -0.0002506050
       -0.0014045401       -0.0000265496       -0.0002868302
        0.0000877952       -0.0000629495       -0.0001895998
       -0.0036325750       -0.0008155149        0.0001800453
        0.0279723798       -0.0153896099       -0.0176197449
       -0.0036370349       -0.0008161950       -0.0000241249
        0.0000756000        0.0000927804        0.0002499849
       -0.0010487048       -0.0001873903        0.0000694303
       -0.0000320350        0.0001027152        0.0001925000
        0.0000236452        0.0000343505        0.0000053299
       -0.0000464399       -0.0000715747       -0.0000375800
        0.0001992504       -0.0000958298       -0.0001879800
        0.0013581149       -0.0004139895        0.0034488900
       -0.0010415548        0.0107800952        0.0154911604
        0.0130633401       -0.1261765394       -0.1217918398
        0.0014454301       -0.0091144548       -0.0282100498
        0.0022137053       -0.0056706747        0.0007598953
        0.0000738351       -0.0012908146        0.0013786502
       -0.0000353847        0.0004396202        0.0008767603
       -0.0007926147        0.0007163754       -0.0006341196
       -0.0153896099        0.1301911595        0.1298643852
       -0.0007904001        0.0010470251        0.0004946901
        0.0000932303       -0.0005843546       -0.0014714999
       -0.0002202597        0.0001405149       -0.0001379897
       -0.0000296950        0.0000615555        0.0000809749
        0.0000257452       -0.0000000344        0.0000226453
       -0.0000289498       -0.0000402196       -0.0000411902
        0.0000607054       -0.0000756697       -0.0000937348
       -0.0009559849        0.0038417804       -0.0035588801
        0.0025527152       -0.0165609598       -0.0169263845
        0.0165319102       -0.1217722146       -0.2715912748
       -0.0005232897        0.0038708700        0.0034294501
       -0.0002432347        0.0002989452        0.0018992151
       -0.0001101748        0.0014297152        0.0003371449
        0.0001601703       -0.0008775945       -0.0009425347
        0.0000214203        0.0002966104        0.0010730054
       -0.0176197449        0.1298643852        0.2854672096
        0.0001260449       -0.0004782001        0.0007615503
       -0.0000240149        0.0002932052        0.0000956601
        0.0000181703       -0.0001493999       -0.0000013296
       -0.0000366751        0.0000640554        0.0001466250
        0.0000270751        0.0000381553        0.0000033401
       -0.0000283649       -0.0000529948       -0.0000327398
        0.0000866154       -0.0000653296       -0.0001562998
       -0.0013431702        0.0000166551        0.0001885348
        0.0073643048        0.0021811701       -0.0000143649
        0.0019760049        0.0018299750       -0.0045614652
       -0.0393673599        0.0170281399       -0.0241556899
        0.0026412900       -0.0011685350        0.0022819498
        0.0075159147        0.0013563300        0.0003982746
       -0.0010608548       -0.0002223999        0.0000258149
        0.0000754301        0.0001329900       -0.0002388498
       -0.0036370349       -0.0007904001        0.0001260449
        0.0293143302       -0.0195823600        0.0258616697
       -0.0036516050       -0.0007401900       -0.0000404202
        0.0000939900       -0.0000621452        0.0001148450
        0.0000480998       -0.0000939750        0.0001366996
        0.0000019600       -0.0000154500       -0.0000184801
       -0.0001425201        0.0000055999       -0.0000187754
        0.0001825953        0.0001239900       -0.0001095998
       -0.0001080002       -0.0012996546       -0.0014046250
        0.0022857151       -0.0057076798       -0.0008717248
        0.0023813149       -0.0091186050        0.0282570349
        0.0170647053       -0.1261103850        0.1211545651
       -0.0017283747        0.0106699051       -0.0154253902
        0.0013687250       -0.0003497749       -0.0034639649
       -0.0001852300        0.0001393201        0.0001567452
        0.0001158651       -0.0005643000        0.0014768051
       -0.0008161950        0.0010470251       -0.0004782001
       -0.0195823600        0.1301402199       -0.1291680300
       -0.0007155350        0.0007518503        0.0006743349
       -0.0000922100        0.0004252749       -0.0008793049
        0.0000120397        0.0000135850       -0.0000388800
        0.0000070150        0.0000104254       -0.0000105948
        0.0000245399        0.0000293900        0.0000286249
       -0.0000342948       -0.0000726249        0.0000269301
        0.0003789049       -0.0013747899        0.0003316450
       -0.0001815849       -0.0004048047        0.0018937402
        0.0007743401       -0.0038711448        0.0035054151
       -0.0241558499        0.1211363951       -0.2700198951
       -0.0030738900        0.0167139299       -0.0168939448
        0.0003730352       -0.0039500244       -0.0036027251
       -0.0000299400        0.0001457502        0.0000007702
        0.0000747701       -0.0002826599        0.0000949703
       -0.0000241249        0.0004946901        0.0007615503
        0.0258616697       -0.1291680300        0.2838297098
        0.0001290954       -0.0002980798        0.0010761102
       -0.0001527050        0.0008828300       -0.0009480098
        0.0000068351       -0.0000761446        0.0000887349
        0.0000197502        0.0000080453       -0.0000108946
       -0.0000808899        0.0000210352       -0.0000105851
        0.0000655754        0.0000602301       -0.0000918396
        0.0074613399        0.0012460552       -0.0006999650
       -0.0012778750       -0.0003134997       -0.0000099848
        0.0075339500        0.0011503954        0.0002756701
        0.0021562903        0.0015284300       -0.0006530999
       -0.0442744798        0.0491596401       -0.0002336651
        0.0020573202        0.0025117905        0.0007354450
        0.0000684253        0.0001421353        0.0000201703
       -0.0010582798       -0.0002049495        0.0000230952
        0.0000756000        0.0000932303       -0.0000240149
       -0.0036516050       -0.0007155350        0.0001290954
        0.0344632997       -0.0538732496        0.0004099698
       -0.0036565200       -0.0007398950        0.0000408050
        0.0001049000       -0.0002478248        0.0000286752
       -0.0000820947        0.0000544705       -0.0000865998
       -0.0000761349        0.0000402454        0.0000494501
        0.0001655752        0.0001427352       -0.0000057747
        0.0013734450        0.0006213853        0.0033393951
       -0.0005421398        0.0010741303        0.0000162805
        0.0012445051        0.0006228453       -0.0033893500
        0.0020930003       -0.0101737649        0.0044621052
        0.0491999151       -0.3338234899       -0.0008887250
        0.0019254151       -0.0101599346       -0.0045347099
        0.0000772005       -0.0005853545       -0.0002975247
       -0.0001307049       -0.0001123547        0.0000015754
        0.0000927804       -0.0005843546        0.0002932052
       -0.0007401900        0.0007518503       -0.0002980798
       -0.0538732496        0.3516455996        0.0009378650
       -0.0007323149        0.0007503201        0.0003246853
       -0.0000226001        0.0001368204       -0.0000230000
        0.0000397253       -0.0000377597        0.0000337454
        0.0000376801       -0.0000234996       -0.0000160350
       -0.0000619247       -0.0001005296        0.0000083352
       -0.0006688751        0.0028510149       -0.0045685502
       -0.0000116350        0.0000068701       -0.0021047001
        0.0002403848       -0.0028913399       -0.0046025400
        0.0046532500       -0.0277013950        0.0044228099
       -0.0002304452       -0.0008723953       -0.0575726054
       -0.0045730400        0.0276186651        0.0045752449
       -0.0002474098        0.0014642401        0.0001073400
        0.0000231600        0.0000040401        0.0002586251
        0.0002499849       -0.0014714999        0.0000956601
       -0.0000404202        0.0006743349        0.0010761102
        0.0004099698        0.0009378650        0.0572572901
        0.0002115601       -0.0006504854        0.0010729750
       -0.0000089753        0.0000069701        0.0000383247
        0.0000024801        0.0000181350        0.0000023300
        0.0000029547       -0.0000191301       -0.0000012554
       -0.0000091097       -0.0000059148       -0.0000564100
        0.0022080252        0.0019730004        0.0045738500
        0.0074167301        0.0021990999       -0.0001722196
       -0.0014268400        0.0000557654       -0.0001311599
        0.0075122801        0.0014939550       -0.0008072399
        0.0026560102       -0.0017829998       -0.0029812901
       -0.0380320847        0.0127371203        0.0158813100
       -0.0036627398       -0.0008242048        0.0000460054
        0.0000587002        0.0001372754        0.0002397053
       -0.0010487048       -0.0002202597        0.0000181703
        0.0000939900       -0.0000922100       -0.0001527050
       -0.0036565200       -0.0007323149        0.0002115601
        0.0278337598       -0.0149491854       -0.0167498649
        0.0000660100       -0.0000463046       -0.0001059800
       -0.0001541699       -0.0000203246        0.0000414803
       -0.0000121599       -0.0000234249       -0.0000044500
        0.0001584201        0.0000906303        0.0000674052
        0.0013842597       -0.0091123897       -0.0283255801
        0.0023216847       -0.0057061501        0.0007585052
       -0.0000600451       -0.0013096448        0.0014105950
        0.0014903250       -0.0003439501        0.0034179450
       -0.0011724902        0.0106612799        0.0154712299
        0.0127046548       -0.1261137851       -0.1216083052
       -0.0008083600        0.0010457950        0.0005068847
        0.0000596549       -0.0005675099       -0.0014799249
       -0.0001873903        0.0001405149       -0.0001493999
       -0.0000621452        0.0004252749        0.0008828300
       -0.0007398950        0.0007503201       -0.0006504854
       -0.0149491854        0.1301486702        0.1297908651
        0.0000058247        0.0000061053        0.0000322646
        0.0000244398        0.0000397051       -0.0000424350
        0.0000100647        0.0000104649        0.0000148745
       -0.0000271902       -0.0000725001       -0.0000019648
       -0.0007309600        0.0037882555        0.0033687300
       -0.0000190698        0.0003266351        0.0018838503
       -0.0003067697        0.0013702103        0.0003542550
       -0.0007779298        0.0039005451       -0.0035597898
        0.0023790602       -0.0166520749       -0.0169052998
        0.0158461103       -0.1216081847       -0.2713251149
        0.0001830253       -0.0004590598        0.0007561852
       -0.0000730898        0.0002763903        0.0000883006
        0.0000694303       -0.0001379897       -0.0000013296
        0.0001148450       -0.0008793049       -0.0009480098
        0.0000408050        0.0003246853        0.0010729750
       -0.0167498649        0.1297908651        0.2852407096
       -0.0000133647        0.0000467654        0.0000586050
        0.0000972054       -0.0000121196       -0.0000231296
       -0.0000097398        0.0000072851        0.0000045949
       -0.0000672546       -0.0000455145       -0.0000624698
       -0.0001786651        0.0001140404       -0.0001892653
       -0.0002466399        0.0001051251        0.0000281503
       -0.0000521248        0.0000787551        0.0002133248
       -0.0003467849        0.0000611851        0.0003470151
       -0.0005106199       -0.0003830951       -0.0000542752
       -0.0003092953       -0.0001058748       -0.0003496902
        0.0000265652       -0.0000040799       -0.0000092200
       -0.0000029300       -0.0000119098        0.0000097103
       -0.0000320350       -0.0000296950       -0.0000366751
        0.0000480998        0.0000120397        0.0000068351
        0.0001049000       -0.0000226001       -0.0000089753
        0.0000660100        0.0000058247       -0.0000133647
        0.5342592800        0.1755856351       -0.0321499954
       -0.0456332401       -0.0467601100       -0.0206408498
       -0.0772688151       -0.0984570900        0.1050646998
       -0.4099173748       -0.0302379149       -0.0522748198
       -0.0002405497       -0.0002851297       -0.0002347849
       -0.0006329347        0.0000872151       -0.0000240595
       -0.0002861498       -0.0003633596        0.0002452703
        0.0003917205       -0.0002388700       -0.0004646148
        0.0005776755        0.0004361704        0.0000997102
        0.0002383001       -0.0002017148        0.0004146850
        0.0001055952        0.0000668652       -0.0000736998
        0.0001817654        0.0001742902       -0.0000020447
        0.0001027152        0.0000615555        0.0000640554
       -0.0000939750        0.0000135850       -0.0000761446
       -0.0002478248        0.0001368204        0.0000069701
       -0.0000463046        0.0000061053        0.0000467654
        0.1755856351        0.3378408695        0.0528583499
       -0.0237951545       -0.1870491695       -0.1716630047
       -0.0662897398       -0.1281844996        0.1352248199
       -0.0856099797       -0.0224959598       -0.0162959145
        0.0008420295       -0.0001611400        0.0000578351
        0.0001295550       -0.0000634500       -0.0006667500
       -0.0008466151        0.0002497200       -0.0000073601
       -0.0004185048       -0.0006476648        0.0000637098
       -0.0000930947       -0.0000024102       -0.0001903302
        0.0003214549        0.0007441051        0.0000206248
       -0.0001915848       -0.0000887599        0.0001400747
        0.0000013998        0.0000125300       -0.0000379751
        0.0001925000        0.0000809749        0.0001466250
        0.0001366996       -0.0000388800        0.0000887349
        0.0000286752       -0.0000230000        0.0000383247
       -0.0001059800        0.0000322646        0.0000586050
       -0.0321499954        0.0528583499        0.6297284301
        0.0016755351       -0.2183906298       -0.2683064901
        0.0780800599        0.1732207849       -0.2958899802
       -0.0476651098       -0.0076504452       -0.0652431800
        0.0002000800       -0.0002803947        0.0000074800
       -0.0002120348        0.0000469302       -0.0002494247
       -0.0003858099       -0.0000084344        0.0001819751
       -0.0000635200       -0.0002433697       -0.0001020399
        0.0001810304        0.0001956602       -0.0002418400
        0.0003361600        0.0001407852        0.0001753600
       -0.0000318195       -0.0000143348        0.0000238953
        0.0000218202        0.0000348453        0.0000233254
        0.0000236452        0.0000257452        0.0000270751
        0.0000019600        0.0000070150        0.0000197502
       -0.0000820947        0.0000397253        0.0000024801
       -0.0001541699        0.0000244398        0.0000972054
       -0.0456332401       -0.0237951545        0.0016755351
        0.0499467296        0.0382437503        0.0214152954
       -0.0000195197        0.0112451551        0.0112283800
       -0.0041297847       -0.0256798495       -0.0343123247
        0.0000408602       -0.0000609197       -0.0001492251
       -0.0001493896       -0.0000568946       -0.0000862644
       -0.0000918496       -0.0000927895        0.0001240502
        0.0000599204       -0.0000584348        0.0000920303
       -0.0000566294        0.0000727903        0.0000118453
        0.0000312005        0.0001276504        0.0000024750
       -0.0000954145       -0.0000667347        0.0000626054
        0.0000420803        0.0000400155       -0.0000260346
        0.0000343505       -0.0000000344        0.0000381553
       -0.0000154500        0.0000104254        0.0000080453
        0.0000544705       -0.0000377597        0.0000181350
       -0.0000203246        0.0000397051       -0.0000121196
       -0.0467601100       -0.1870491695       -0.2183906298
        0.0382437503        0.1869424995        0.2007434205
        0.0025226851        0.0078950603        0.0218535351
        0.0061455506       -0.0077051396       -0.0042131595
       -0.0000796049       -0.0001094648        0.0000099951
       -0.0001097098        0.0000664602        0.0000315154
       -0.0000540047       -0.0000105746       -0.0000147151
        0.0000061951       -0.0000584197       -0.0001640447
        0.0001832703        0.0000696801       -0.0000787298
        0.0000659003       -0.0000550696        0.0001909450
        0.0000561752        0.0000686401       -0.0000484451
       -0.0000092348        0.0000091953        0.0000088156
        0.0000053299        0.0000226453        0.0000033401
       -0.0000184801       -0.0000105948       -0.0000108946
       -0.0000865998        0.0000337454        0.0000023300
        0.0000414803       -0.0000424350       -0.0000231296
       -0.0206408498       -0.1716630047       -0.2683064901
        0.0214152954        0.2007434205        0.2978722097
       -0.0043628449       -0.0251773349       -0.0248390100
        0.0035565503       -0.0038125046       -0.0046388797
       -0.0003566751        0.0000060004       -0.0002075450
       -0.0002321150        0.0000493949        0.0002120152
        0.0001512899       -0.0002335898        0.0000537150
        0.0003489600        0.0000904600       -0.0001053797
        0.0001555051        0.0001009352        0.0002473450
       -0.0001061849       -0.0002085199        0.0000335598
       -0.0000016149        0.0000090051       -0.0000087050
        0.0000041899        0.0000179853       -0.0000215996
       -0.0000464399       -0.0000289498       -0.0000283649
       -0.0001425201        0.0000245399       -0.0000808899
       -0.0000761349        0.0000376801        0.0000029547
       -0.0000121599        0.0000100647       -0.0000097398
       -0.0772688151       -0.0662897398        0.0780800599
       -0.0000195197        0.0025226851       -0.0043628449
        0.0909222899        0.0836975698       -0.1092383602
       -0.0133139346       -0.0197962598        0.0354398802
       -0.0001018600       -0.0000954796       -0.0000983900
       -0.0001888648        0.0000027802        0.0000559052
        0.0000166852       -0.0000434599        0.0001714102
       -0.0000247249        0.0001028252        0.0000144203
       -0.0000251950        0.0000487202       -0.0001112852
        0.0000903452       -0.0001019546       -0.0000520251
        0.0000477553        0.0000085601       -0.0000408349
        0.0000369948        0.0000304505        0.0000315302
       -0.0000715747       -0.0000402196       -0.0000529948
        0.0000055999        0.0000293900        0.0000210352
        0.0000402454       -0.0000234996       -0.0000191301
       -0.0000234249        0.0000104649        0.0000072851
       -0.0984570900       -0.1281844996        0.1732207849
        0.0112451551        0.0078950603       -0.0251773349
        0.0836975698        0.1271581198       -0.1546967050
        0.0037166805       -0.0067935247        0.0067726154
        0.0000303996        0.0000003351       -0.0000132204
        0.0000495152       -0.0000329899        0.0000086899
        0.0000579348        0.0000464649        0.0000363801
       -0.0000129251        0.0000336698        0.0001225050
       -0.0000839751       -0.0000262901       -0.0000675453
        0.0000306397        0.0000093550       -0.0000710403
       -0.0000224301       -0.0000244401        0.0000166847
        0.0000042999       -0.0000134949        0.0000055701
       -0.0000375800       -0.0000411902       -0.0000327398
       -0.0000187754        0.0000286249       -0.0000105851
        0.0000494501       -0.0000160350       -0.0000012554
       -0.0000044500        0.0000148745        0.0000045949
        0.1050646998        0.1352248199       -0.2958899802
        0.0112283800        0.0218535351       -0.0248390100
       -0.1092383602       -0.1546967050        0.3167781801
       -0.0070926100       -0.0023116849        0.0039568650
       -0.0005851197       -0.0001178697        0.0005051402
       -0.0006537198       -0.0006976745        0.0001285557
       -0.0005649298       -0.0002014795       -0.0005438048
       -0.0004786847        0.0002900453       -0.0001397095
       -0.0003778996        0.0001418906        0.0000143402
       -0.0003654296        0.0001244103        0.0001537254
        0.0001744854        0.0000480503       -0.0000892047
        0.0002179203        0.0001279153       -0.0000120394
        0.0001992504        0.0000607054        0.0000866154
        0.0001825953       -0.0000342948        0.0000655754
        0.0001655752       -0.0000619247       -0.0000091097
        0.0001584201       -0.0000271902       -0.0000672546
       -0.4099173748       -0.0856099797       -0.0476651098
       -0.0041297847        0.0061455506        0.0035565503
       -0.0133139346        0.0037166805       -0.0070926100
        0.4292918794        0.0760645753        0.0510751303
        0.0000307298        0.0005667653        0.0007507049
        0.0004654552       -0.0005454848        0.0000420653
        0.0000844452        0.0006170103       -0.0007543949
       -0.0003715297        0.0002452853        0.0005233201
       -0.0002774848       -0.0007314850       -0.0001090100
       -0.0002445648        0.0001388656       -0.0004652901
       -0.0000795046       -0.0000699899        0.0000613352
       -0.0002555399       -0.0002935045        0.0000091705
       -0.0000958298       -0.0000756697       -0.0000653296
        0.0001239900       -0.0000726249        0.0000602301
        0.0001427352       -0.0001005296       -0.0000059148
        0.0000906303       -0.0000725001       -0.0000455145
       -0.0302379149       -0.0224959598       -0.0076504452
       -0.0256798495       -0.0077051396       -0.0038125046
       -0.0197962598       -0.0067935247       -0.0023116849
        0.0760645753        0.0373935995        0.0137812503
       -0.0003719950        0.0003578654       -0.0003884000
       -0.0000754798        0.0000363553        0.0009101652
        0.0005066150       -0.0004202548       -0.0001924900
        0.0001655403        0.0007519702       -0.0001320097
        0.0000154705       -0.0000352048        0.0003895101
       -0.0001183898       -0.0007287247       -0.0002676200
        0.0001330653        0.0000588253       -0.0001247699
        0.0000168552        0.0000004854       -0.0000237796
       -0.0001879800       -0.0000937348       -0.0001562998
       -0.0001095998        0.0000269301       -0.0000918396
       -0.0000057747        0.0000083352       -0.0000564100
        0.0000674052       -0.0000019648       -0.0000624698
       -0.0522748198       -0.0162959145       -0.0652431800
       -0.0343123247       -0.0042131595       -0.0046388797
        0.0354398802        0.0067726154        0.0039568650
        0.0510751303        0.0137812503        0.0661243496
