   16   48
        0.4113161407        0.0348646799       -0.2220671803
       -0.0802768804       -0.0130743302        0.0302945944
       -0.0001850253        0.0012759196       -0.0014994254
       -0.0001567105       -0.0007546004       -0.0013159556
        0.0079840547       -0.0195129152       -0.0017175304
       -0.0007087252        0.0003694296        0.0042251548
       -0.0184949954        0.0195133094        0.0217032496
       -0.1424516753        0.0509579246        0.0624573795
       -0.1821589603       -0.0893564251        0.1150047999
        0.0012101896        0.0239626746        0.0004873499
       -0.0003379154        0.0000344150       -0.0003963754
        0.0004711893        0.0003462600       -0.0005531507
       -0.0020505402       -0.0024565804        0.0010190945
       -0.0004728105        0.0009541299        0.0009824296
       -0.0039685753       -0.0001807302        0.0000708846
        0.0102841446       -0.0069540204       -0.0086514851
        0.0348646799        0.7915463300        0.0015070100
        0.0130320853       -0.5005687899       -0.0012753804
        0.0012758150       -0.0054570901        0.0035320249
        0.0007547646        0.0006912100        0.0056464398
       -0.0088048000       -0.0184946350        0.0079208650
        0.0007821200       -0.0007089000       -0.0068079498
        0.0088026002        0.0079837349       -0.0065487703
        0.0391703500       -0.1424519050       -0.0551097048
       -0.0981472900       -0.1118022348        0.0659758700
       -0.0056735053       -0.0144795749        0.0003691400
       -0.0002467851        0.0000565703        0.0007729702
        0.0002646399       -0.0000135648        0.0007441099
       -0.0008809101        0.0014852549        0.0008188653
        0.0002413347        0.0000174103       -0.0005943750
       -0.0013251099        0.0067214802       -0.0072786901
        0.0158665148       -0.0145265150       -0.0096996700
       -0.2220671803        0.0015070100        0.3055919302
        0.0302946100        0.0012349099       -0.0601124802
        0.0015002550       -0.0035321403        0.0025081400
        0.0013168898        0.0056464998       -0.0022073402
        0.0065481899        0.0217029151       -0.0000852799
       -0.0068078751        0.0042249249       -0.0023779901
        0.0079207553        0.0017174398       -0.0000850304
        0.0551182151       -0.0624464852       -0.1225848001
        0.1137655698        0.0644040801       -0.1262737499
        0.0021093896       -0.0189745398        0.0038710851
       -0.0003937950        0.0000251799        0.0010443500
       -0.0006084053       -0.0004742398       -0.0001777852
        0.0018598899        0.0021807250       -0.0025634250
        0.0006859548       -0.0013570400       -0.0016969150
       -0.0016524652       -0.0054501800        0.0079380098
        0.0104489200       -0.0104327052       -0.0027843899
       -0.0802768804        0.0130320853        0.0302946100
        0.4113163402       -0.0348773997       -0.2220673403
       -0.0001570001        0.0007549997       -0.0013160300
       -0.0001851853       -0.0012759250       -0.0014995152
       -0.1424517001       -0.0509424453        0.0624572851
       -0.0184948050       -0.0195130499        0.0217030549
       -0.0007090401       -0.0003689902        0.0042251898
        0.0079834149        0.0195134496       -0.0017175449
        0.0012101199       -0.0239628901        0.0004872399
       -0.1821593503        0.0893701548        0.1150047200
        0.0004710199       -0.0003460448       -0.0005532851
       -0.0003380003       -0.0000342249       -0.0003965101
        0.0102841400        0.0069537600       -0.0086513953
       -0.0039687401        0.0001808300        0.0000708451
       -0.0004727400       -0.0009540099        0.0009823498
       -0.0020504501        0.0024568348        0.0010187898
       -0.0130743302       -0.5005687899        0.0012349099
       -0.0348773997        0.7915460901       -0.0015311952
       -0.0007549551        0.0006912501       -0.0056469000
       -0.0012759853       -0.0054568500       -0.0035321102
       -0.0391635402       -0.1424521403        0.0551182001
       -0.0088046599        0.0079835050        0.0065483550
       -0.0007825500       -0.0007088352        0.0068081496
        0.0088031001       -0.0184947800       -0.0079217151
        0.0056723650       -0.0144793350       -0.0003700700
        0.0981618498       -0.1118020199       -0.0659701448
       -0.0002647400       -0.0000134449       -0.0007441750
        0.0002468147        0.0000566902       -0.0007730651
       -0.0158674402       -0.0145265352        0.0097001399
        0.0013249399        0.0067213750        0.0072784800
       -0.0002414100        0.0000178599        0.0005941749
        0.0008811000        0.0014853950       -0.0008187899
        0.0302945944       -0.0012753804       -0.0601124802
       -0.2220673403       -0.0015311952        0.3055922508
        0.0013167295       -0.0056470256       -0.0022076355
        0.0014998145        0.0035320747        0.0025080394
        0.0551181196        0.0624571646       -0.1225849851
        0.0079209045       -0.0017176353       -0.0000853552
       -0.0068082903       -0.0042247055       -0.0023784204
        0.0065479747       -0.0217027605       -0.0000854405
        0.0021091694        0.0189745748        0.0038709646
        0.1137653894       -0.0643980601       -0.1262739352
       -0.0006084201        0.0004740096       -0.0001779802
       -0.0003938956       -0.0000255901        0.0010443543
        0.0104486244        0.0104328697       -0.0027841955
       -0.0016524757        0.0054500299        0.0079377597
        0.0006859997        0.0013567796       -0.0016967104
        0.0018595946       -0.0021807753       -0.0025632804
       -0.0001850253        0.0012758150        0.0015002550
       -0.0001570001       -0.0007549551        0.0013167295
        0.4113160003        0.0348650047        0.2221066450
       -0.0802768801       -0.0130741552       -0.0302891704
       -0.0184947353        0.0195135397       -0.0217022048
       -0.1424518950        0.0509581747       -0.0624460500
        0.0079835502       -0.0195128450        0.0017183297
       -0.0007086001        0.0003694149       -0.0042242903
       -0.0003378952        0.0000344400        0.0003966500
        0.0004713849        0.0003462699        0.0005535301
       -0.1821589302       -0.0893558948       -0.1149780249
        0.0012103396        0.0239629503       -0.0004867951
       -0.0039685202       -0.0001809002       -0.0000705302
        0.0102842597       -0.0069540701        0.0086515098
       -0.0020503501       -0.0024563698       -0.0010185201
       -0.0004729552        0.0009543399       -0.0009820903
        0.0012759196       -0.0054570901       -0.0035321403
        0.0007549997        0.0006912501       -0.0056470256
        0.0348650047        0.7915460407       -0.0015308404
        0.0130321496       -0.5005685904        0.0012350895
        0.0088031246        0.0079835445        0.0065481697
        0.0391709497       -0.1424517353        0.0551182097
       -0.0088049251       -0.0184948806       -0.0079220956
        0.0007820799       -0.0007088406        0.0068079697
       -0.0002466155        0.0000567098       -0.0007732854
        0.0002647243       -0.0000135051       -0.0007442202
       -0.0981468102       -0.1118020251       -0.0659702704
       -0.0056733458       -0.0144796002       -0.0003700254
       -0.0013249854        0.0067215746        0.0072787498
        0.0158666396       -0.0145264653        0.0096999045
       -0.0008808402        0.0014854899       -0.0008187655
        0.0002415496        0.0000178346        0.0005942647
       -0.0014994254        0.0035320249        0.0025081400
       -0.0013160300       -0.0056469000       -0.0022076355
        0.2221066450       -0.0015308404        0.3055918705
       -0.0302893454       -0.0012750351       -0.0601122804
       -0.0079217403       -0.0017174003       -0.0000852151
       -0.0551095101        0.0624573798       -0.1225846003
       -0.0065490551       -0.0217025354       -0.0000849207
        0.0068079149       -0.0042244054       -0.0023785452
        0.0003936998       -0.0000252899        0.0010445351
        0.0006085995        0.0004741699       -0.0001777752
       -0.1137384902       -0.0643979951       -0.1262737402
       -0.0021083605        0.0189747601        0.0038711096
        0.0016523947        0.0054501098        0.0079381147
       -0.0104491255        0.0104330550       -0.0027839351
       -0.0018597902       -0.0021804303       -0.0025630405
       -0.0006860103        0.0013576198       -0.0016968502
       -0.0001567105        0.0007547646        0.0013168898
       -0.0001851853       -0.0012759853        0.0014998145
       -0.0802768801        0.0130321496       -0.0302893454
        0.4113162606       -0.0348776302        0.2221065944
       -0.0007087803       -0.0003688552       -0.0042244653
        0.0079839847        0.0195135547        0.0017179147
       -0.1424519652       -0.0509424055       -0.0624461856
       -0.0184947501       -0.0195129905       -0.0217024100
        0.0004711646       -0.0003462850        0.0005533047
       -0.0003379506       -0.0000341353        0.0003962899
        0.0012100045       -0.0239628753       -0.0004869102
       -0.1821590254        0.0893701949       -0.1149784757
       -0.0004728153       -0.0009540503       -0.0009820604
       -0.0020505206        0.0024567697       -0.0010186704
        0.0102842196        0.0069538399        0.0086514396
       -0.0039686051        0.0001809894       -0.0000708002
       -0.0007546004        0.0006912100        0.0056464998
       -0.0012759250       -0.0054568500        0.0035320747
       -0.0130741552       -0.5005685904       -0.0012750351
       -0.0348776302        0.7915459503        0.0015072348
       -0.0007821751       -0.0007087303       -0.0068078799
        0.0088030848       -0.0184948249        0.0079212049
       -0.0391637698       -0.1424517203       -0.0551092202
       -0.0088047651        0.0079836499       -0.0065487151
       -0.0002646101       -0.0000133798        0.0007442901
        0.0002467897        0.0000567499        0.0007732399
        0.0056729399       -0.0144792850        0.0003693151
        0.0981619297       -0.1118020697        0.0659760448
       -0.0002414703        0.0000178599       -0.0005938350
        0.0008810747        0.0014853251        0.0008187499
       -0.0158674899       -0.0145263149       -0.0096995052
        0.0013252048        0.0067215848       -0.0072783598
       -0.0013159556        0.0056464398       -0.0022073402
       -0.0014995152       -0.0035321102        0.0025080394
       -0.0302891704        0.0012350895       -0.0601122804
        0.2221065944        0.0015072348        0.3055918108
        0.0068077844        0.0042248843       -0.0023784955
       -0.0065489101        0.0217030046       -0.0000851153
       -0.0551098802       -0.0624464357       -0.1225845907
       -0.0079217952        0.0017175594       -0.0000852353
        0.0006086097       -0.0004742853       -0.0001774103
        0.0003939894        0.0000253596        0.0010443199
       -0.0021086802       -0.0189748252        0.0038707446
       -0.1137384606        0.0644039048       -0.1262737106
       -0.0006858954       -0.0013569604       -0.0016962656
       -0.0018598456        0.0021804698       -0.0025630453
       -0.0104489953       -0.0104321953       -0.0027837405
        0.0016525547       -0.0054501555        0.0079380746
        0.0079840547       -0.0088048000        0.0065481899
       -0.1424517001       -0.0391635402        0.0551181196
       -0.0184947353        0.0088031246       -0.0079217403
       -0.0007087803       -0.0007821751        0.0068077844
        0.7915459406       -0.0348773253       -0.0015308203
       -0.5005687751       -0.0130743402        0.0012351299
       -0.0054570700       -0.0012761956       -0.0035317106
        0.0006913046       -0.0007547155       -0.0056467803
        0.0067213645        0.0013251147        0.0072783197
       -0.0145263306       -0.0158675553        0.0096997098
        0.0014855249        0.0008810900       -0.0008188152
        0.0000178744       -0.0002414350        0.0005943744
       -0.1118018702        0.0981619596       -0.0659699302
       -0.0144792557        0.0056723698       -0.0003700154
        0.0000568249        0.0002469397       -0.0007730256
       -0.0000133002       -0.0002644754       -0.0007442404
       -0.0195129152       -0.0184946350        0.0217029151
       -0.0509424453       -0.1424521403        0.0624571646
        0.0195135397        0.0079835445       -0.0017174003
       -0.0003688552       -0.0007087303        0.0042248843
       -0.0348773253        0.4113163305       -0.2220670103
        0.0130321649       -0.0802770504        0.0302947495
       -0.0012763900       -0.0001852752       -0.0014993006
        0.0007551148       -0.0001571405       -0.0013160252
        0.0001808746       -0.0039687052        0.0000707749
        0.0069537595        0.0102840298       -0.0086516349
        0.0024567450       -0.0020506400        0.0010187398
       -0.0009539406       -0.0004728150        0.0009823046
        0.0893702398       -0.1821593753        0.1150048848
       -0.0239627656        0.0012099952        0.0004872697
       -0.0000345153       -0.0003377451       -0.0003965053
       -0.0003458004        0.0004711248       -0.0005535202
       -0.0017175304        0.0079208650       -0.0000852799
        0.0624572851        0.0551182001       -0.1225849851
       -0.0217022048        0.0065481697       -0.0000852151
       -0.0042244653       -0.0068078799       -0.0023784955
       -0.0015308203       -0.2220670103        0.3055919001
       -0.0012749300        0.0302946651       -0.0601121999
        0.0035318251        0.0015000700        0.0025084648
       -0.0056469150        0.0013168199       -0.0022074300
        0.0054502399       -0.0016519849        0.0079379700
        0.0104331298        0.0104488902       -0.0027841199
       -0.0021807350        0.0018597751       -0.0025633702
        0.0013569397        0.0006860651       -0.0016972552
       -0.0643979450        0.1137658100       -0.1262735000
        0.0189747598        0.0021093950        0.0038715399
       -0.0000251950       -0.0003936799        0.0010442949
        0.0004746849       -0.0006084849       -0.0001777701
       -0.0007087252        0.0007821200       -0.0068078751
       -0.0184948050       -0.0088046599        0.0079209045
       -0.1424518950        0.0391709497       -0.0551095101
        0.0079839847        0.0088030848       -0.0065489101
       -0.5005687751        0.0130321649       -0.0012749300
        0.7915459503        0.0348648749        0.0015072149
        0.0006910901        0.0007548797        0.0056469747
       -0.0054568150        0.0012760796        0.0035321648
        0.0000178150        0.0002415402       -0.0005941999
        0.0014854996       -0.0008808902        0.0008188300
       -0.0145264801        0.0158667302       -0.0096996700
        0.0067216098       -0.0013250050       -0.0072784053
       -0.0144795001       -0.0056734953        0.0003695848
       -0.1118019304       -0.0981469398        0.0659760050
       -0.0000134352        0.0002649449        0.0007442097
        0.0000568050       -0.0002465202        0.0007732251
        0.0003694296       -0.0007089000        0.0042249249
       -0.0195130499        0.0079835050       -0.0017176353
        0.0509581747       -0.1424517353        0.0624573798
        0.0195135547       -0.0184948249        0.0217030046
       -0.0130743402       -0.0802770504        0.0302946651
        0.0348648749        0.4113163203       -0.2220668850
       -0.0007549849       -0.0001571502       -0.0013158453
        0.0012760802       -0.0001853402       -0.0014994353
        0.0009540847       -0.0004729000        0.0009822901
       -0.0024566452       -0.0020506101        0.0010186150
       -0.0069542099        0.0102840900       -0.0086516800
       -0.0001809602       -0.0039687549        0.0000708047
        0.0239630899        0.0012099449        0.0004872700
       -0.0893560903       -0.1821591047        0.1150047348
        0.0003462398        0.0004712251       -0.0005533303
        0.0000343849       -0.0003379552       -0.0003963950
        0.0042251548       -0.0068079498       -0.0023779901
        0.0217030549        0.0065483550       -0.0000853552
       -0.0624460500        0.0551182097       -0.1225846003
        0.0017179147        0.0079212049       -0.0000851153
        0.0012351299        0.0302947495       -0.0601121999
        0.0015072149       -0.2220668850        0.3055916204
        0.0056463651        0.0013170347       -0.0022070404
       -0.0035319050        0.0015001748        0.0025083651
       -0.0013566003        0.0006862049       -0.0016972399
        0.0021809495        0.0018599948       -0.0025629100
       -0.0104326151        0.0104489700       -0.0027840252
       -0.0054500904       -0.0016520150        0.0079381047
       -0.0189743352        0.0021094647        0.0038715248
        0.0644039096        0.1137658302       -0.1262735950
       -0.0004739704       -0.0006080001       -0.0001772503
        0.0000255599       -0.0003935600        0.0010445947
       -0.0184949954        0.0088026002        0.0079207553
       -0.0007090401       -0.0007825500       -0.0068082903
        0.0079835502       -0.0088049251       -0.0065490551
       -0.1424519652       -0.0391637698       -0.0551098802
       -0.0054570700       -0.0012763900        0.0035318251
        0.0006910901       -0.0007549849        0.0056463651
        0.7915465500       -0.0348779852        0.0015070549
       -0.5005691548       -0.0130748151       -0.0012752801
        0.0014851349        0.0008806850        0.0008183153
        0.0000175348       -0.0002416249       -0.0005945097
        0.0067211951        0.0013245952       -0.0072789001
       -0.0145266753       -0.0158677099       -0.0096998150
        0.0000564950        0.0002465200        0.0007732902
       -0.0000136902       -0.0002648596        0.0007441051
       -0.1118021351        0.0981617902        0.0659758200
       -0.0144797150        0.0056723800        0.0003692750
        0.0195133094        0.0079837349        0.0017174398
       -0.0003689902       -0.0007088352       -0.0042247055
       -0.0195128450       -0.0184948806       -0.0217025354
       -0.0509424055       -0.1424517203       -0.0624464357
       -0.0012761956       -0.0001852752        0.0015000700
        0.0007548797       -0.0001571502        0.0013170347
       -0.0348779852        0.4113164306        0.2221068195
        0.0130318949       -0.0802770953       -0.0302894404
        0.0024567046       -0.0020507352       -0.0010187651
       -0.0009541102       -0.0004732050       -0.0009824302
        0.0001808198       -0.0039687799       -0.0000709602
        0.0069535847        0.0102840099        0.0086513847
       -0.0000340754       -0.0003381254        0.0003964897
       -0.0003462355        0.0004709901        0.0005532300
        0.0893701346       -0.1821595799       -0.1149786152
       -0.0239627602        0.0012100494       -0.0004869551
        0.0217032496       -0.0065487703       -0.0000850304
        0.0042251898        0.0068081496       -0.0023784204
        0.0017183297       -0.0079220956       -0.0000849207
       -0.0624461856       -0.0551092202       -0.1225845907
       -0.0035317106       -0.0014993006        0.0025084648
        0.0056469747       -0.0013158453       -0.0022070404
        0.0015070549        0.2221068195        0.3055913209
        0.0012353146       -0.0302891257       -0.0601119802
        0.0021810646       -0.0018595102       -0.0025629552
       -0.0013564556       -0.0006857354       -0.0016969702
       -0.0054499603        0.0016525900        0.0079382096
       -0.0104320605       -0.0104489354       -0.0027836955
        0.0000256145        0.0003939942        0.0010449398
       -0.0004739809        0.0006087399       -0.0001775052
        0.0644041995       -0.1137381400       -0.1262735356
       -0.0189741556       -0.0021085353        0.0038710749
       -0.1424516753        0.0391703500        0.0551182151
        0.0079834149        0.0088031001        0.0065479747
       -0.0007086001        0.0007820799        0.0068079149
       -0.0184947501       -0.0088047651       -0.0079217952
        0.0006913046        0.0007551148       -0.0056469150
       -0.0054568150        0.0012760802       -0.0035319050
       -0.5005691548        0.0130318949        0.0012353146
        0.7915460702        0.0348646645       -0.0015308299
       -0.0145265150        0.0158665750        0.0096997599
        0.0067214796       -0.0013250650        0.0072784403
        0.0000177650        0.0002414703        0.0005942050
        0.0014854697       -0.0008809698       -0.0008187604
       -0.0000133653        0.0002646448       -0.0007440602
        0.0000566098       -0.0002466498       -0.0007730702
       -0.0144793199       -0.0056733751       -0.0003701601
       -0.1118021351       -0.0981469253       -0.0659701251
        0.0509579246       -0.1424519050       -0.0624464852
        0.0195134496       -0.0184947800       -0.0217027605
        0.0003694149       -0.0007088406       -0.0042244054
       -0.0195129905        0.0079836499        0.0017175594
       -0.0007547155       -0.0001571405        0.0013168199
        0.0012760796       -0.0001853402        0.0015001748
       -0.0130748151       -0.0802770953       -0.0302891257
        0.0348646645        0.4113164107        0.2221064395
       -0.0069541704        0.0102839849        0.0086513549
       -0.0001812407       -0.0039688103       -0.0000709852
        0.0009540747       -0.0004729051       -0.0009823552
       -0.0024567106       -0.0020506650       -0.0010186454
        0.0003461096        0.0004708497        0.0005534898
        0.0000342496       -0.0003380251        0.0003961998
        0.0239629847        0.0012100298       -0.0004870256
       -0.0893560454       -0.1821595603       -0.1149785902
        0.0624573795       -0.0551097048       -0.1225848001
       -0.0017175449       -0.0079217151       -0.0000854405
       -0.0042242903        0.0068079697       -0.0023785452
       -0.0217024100       -0.0065487151       -0.0000852353
       -0.0056467803       -0.0013160252       -0.0022074300
        0.0035321648       -0.0014994353        0.0025083651
       -0.0012752801       -0.0302894404       -0.0601119802
       -0.0015308299        0.2221064395        0.3055918603
        0.0104332096       -0.0104492648       -0.0027841250
        0.0054503147        0.0016523799        0.0079379950
        0.0013567850       -0.0006860347       -0.0016969452
       -0.0021804553       -0.0018597601       -0.0025633301
        0.0004746798        0.0006084747       -0.0001771801
       -0.0000250054        0.0003939900        0.0010442901
        0.0189748397       -0.0021088499        0.0038708049
       -0.0643978350       -0.1137384001       -0.1262738149
       -0.1821589603       -0.0981472900        0.1137655698
        0.0012101199        0.0056723650        0.0021091694
       -0.0003378952       -0.0002466155        0.0003936998
        0.0004711646       -0.0002646101        0.0006086097
        0.0067213645        0.0001808746        0.0054502399
        0.0000178150        0.0009540847       -0.0013566003
        0.0014851349        0.0024567046        0.0021810646
       -0.0145265150       -0.0069541704        0.0104332096
        0.1901061205        0.0964216349       -0.1283374050
       -0.0017981503       -0.0001503653       -0.0042955750
        0.0000237398       -0.0000593602        0.0000634347
       -0.0000939957       -0.0000642552        0.0000864398
       -0.0009536151       -0.0008072004        0.0002154150
        0.0002584397       -0.0003660548       -0.0005119702
       -0.0006274502        0.0008073300       -0.0009778654
        0.0002040949        0.0005809247        0.0002014698
       -0.0893564251       -0.1118022348        0.0644040801
       -0.0239628901       -0.0144793350        0.0189745748
        0.0000344400        0.0000567098       -0.0000252899
       -0.0003462850       -0.0000133798       -0.0004742853
        0.0013251147       -0.0039687052       -0.0016519849
        0.0002415402       -0.0004729000        0.0006862049
        0.0008806850       -0.0020507352       -0.0018595102
        0.0158665750        0.0102839849       -0.0104492648
        0.0964216349        0.1223384101       -0.0721427799
        0.0001504449        0.0009428999        0.0003256304
       -0.0000589048        0.0001405203       -0.0000701701
        0.0000644900        0.0001439952        0.0000471746
       -0.0006924898       -0.0006277401        0.0005248998
       -0.0003077153        0.0002579753        0.0001791500
        0.0006927149       -0.0009533747        0.0011086300
       -0.0009392201        0.0002040650        0.0004302251
        0.1150047999        0.0659758700       -0.1262737499
        0.0004872399       -0.0003700700        0.0038709646
        0.0003966500       -0.0007732854        0.0010445351
        0.0005533047        0.0007442901       -0.0001774103
        0.0072783197        0.0000707749        0.0079379700
       -0.0005941999        0.0009822901       -0.0016972399
        0.0008183153       -0.0010187651       -0.0025629552
        0.0096997599        0.0086513549       -0.0027841250
       -0.1283374050       -0.0721427799        0.1230455501
       -0.0042953900       -0.0003255150       -0.0040858149
       -0.0000635998        0.0000697702        0.0002149250
       -0.0000861004        0.0000471800        0.0003667799
       -0.0011083551       -0.0009774953        0.0005710049
        0.0001789348       -0.0005120148       -0.0007929199
        0.0005248452       -0.0002149750        0.0005705849
       -0.0004298153       -0.0002013050        0.0007527700
        0.0012101896       -0.0056735053        0.0021093896
       -0.1821593503        0.0981618498        0.1137653894
        0.0004713849        0.0002647243        0.0006085995
       -0.0003379506        0.0002467897        0.0003939894
       -0.0145263306        0.0069537595        0.0104331298
        0.0014854996       -0.0024566452        0.0021809495
        0.0000175348       -0.0009541102       -0.0013564556
        0.0067214796       -0.0001812407        0.0054503147
       -0.0017981503        0.0001504449       -0.0042953900
        0.1901060608       -0.0964069952       -0.1283375602
       -0.0000945502        0.0000644849        0.0000863946
        0.0000238845        0.0000594397        0.0000635043
        0.0002040596       -0.0005809105        0.0002017447
       -0.0006274857       -0.0008071902       -0.0009778051
        0.0002583147        0.0003661847       -0.0005117954
       -0.0009537453        0.0008073096        0.0002152248
        0.0239626746       -0.0144795749       -0.0189745398
        0.0893701548       -0.1118020199       -0.0643980601
        0.0003462699       -0.0000135051        0.0004741699
       -0.0000341353        0.0000567499        0.0000253596
       -0.0158675553        0.0102840298        0.0104488902
       -0.0008808902       -0.0020506101        0.0018599948
       -0.0002416249       -0.0004732050       -0.0006857354
       -0.0013250650       -0.0039688103        0.0016523799
       -0.0001503653        0.0009428999       -0.0003255150
       -0.0964069952        0.1223383703        0.0721493200
       -0.0000641000        0.0001439403       -0.0000471951
        0.0000593747        0.0001407150        0.0000698395
        0.0009393349        0.0002039849       -0.0004295052
       -0.0006925202       -0.0009537098       -0.0011086800
        0.0003079001        0.0002582152       -0.0001792651
        0.0006924347       -0.0006276252       -0.0005248452
        0.0004873499        0.0003691400        0.0038710851
        0.1150047200       -0.0659701448       -0.1262739352
        0.0005535301       -0.0007442202       -0.0001777752
        0.0003962899        0.0007732399        0.0010443199
        0.0096997098       -0.0086516349       -0.0027841199
        0.0008188300        0.0010186150       -0.0025629100
       -0.0005945097       -0.0009824302       -0.0016969702
        0.0072784403       -0.0000709852        0.0079379950
       -0.0042955750        0.0003256304       -0.0040858149
       -0.1283375602        0.0721493200        0.1230455200
       -0.0000861701       -0.0000471996        0.0003666949
       -0.0000634103       -0.0000701397        0.0002150250
       -0.0004300199        0.0002013999        0.0007529451
        0.0005245849        0.0002149852        0.0005706002
        0.0001795252        0.0005122152       -0.0007929302
       -0.0011086800        0.0009778699        0.0005707901
       -0.0003379154       -0.0002467851       -0.0003937950
        0.0004710199       -0.0002647400       -0.0006084201
       -0.1821589302       -0.0981468102       -0.1137384902
        0.0012100045        0.0056729399       -0.0021086802
        0.0014855249        0.0024567450       -0.0021807350
       -0.0145264801       -0.0069542099       -0.0104326151
        0.0067211951        0.0001808198       -0.0054499603
        0.0000177650        0.0009540747        0.0013567850
        0.0000237398       -0.0000589048       -0.0000635998
       -0.0000945502       -0.0000641000       -0.0000861701
        0.1901061603        0.0964218000        0.1283637849
       -0.0017980653       -0.0001502147        0.0042957697
       -0.0006276653        0.0008072249        0.0009779851
        0.0002040147        0.0005808101       -0.0002015403
       -0.0009536299       -0.0008070899       -0.0002150304
        0.0002580799       -0.0003659952        0.0005121498
        0.0000344150        0.0000565703        0.0000251799
       -0.0003460448       -0.0000134449        0.0004740096
       -0.0893558948       -0.1118020251       -0.0643979951
       -0.0239628753       -0.0144792850       -0.0189748252
        0.0008810900       -0.0020506400        0.0018597751
        0.0158667302        0.0102840900        0.0104489700
        0.0013245952       -0.0039687799        0.0016525900
        0.0002414703       -0.0004729051       -0.0006860347
       -0.0000593602        0.0001405203        0.0000697702
        0.0000644849        0.0001439403       -0.0000471996
        0.0964218000        0.1223384299        0.0721492799
        0.0001504597        0.0009428854       -0.0003256253
        0.0006926251       -0.0009534853       -0.0011084748
       -0.0009392903        0.0002040002       -0.0004300099
       -0.0006924549       -0.0006276147       -0.0005244701
       -0.0003077000        0.0002582101       -0.0001793200
       -0.0003963754        0.0007729702        0.0010443500
       -0.0005532851       -0.0007441750       -0.0001779802
       -0.1149780249       -0.0659702704       -0.1262737402
       -0.0004869102        0.0003693151        0.0038707446
       -0.0008188152        0.0010187398       -0.0025633702
       -0.0096996700       -0.0086516800       -0.0027840252
       -0.0072789001       -0.0000709602        0.0079382096
        0.0005942050       -0.0009823552       -0.0016969452
        0.0000634347       -0.0000701701        0.0002149250
        0.0000863946       -0.0000471951        0.0003666949
        0.1283637849        0.0721492799        0.1230455803
        0.0042955446        0.0003253902       -0.0040858350
       -0.0005244701        0.0002153101        0.0005709498
        0.0004298798        0.0002014451        0.0007527200
        0.0011085697        0.0009778299        0.0005705598
       -0.0001791452        0.0005119949       -0.0007929350
        0.0004711893        0.0002646399       -0.0006084053
       -0.0003380003        0.0002468147       -0.0003938956
        0.0012103396       -0.0056733458       -0.0021083605
       -0.1821590254        0.0981619297       -0.1137384606
        0.0000178744       -0.0009539406        0.0013569397
        0.0067216098       -0.0001809602       -0.0054500904
       -0.0145266753        0.0069535847       -0.0104320605
        0.0014854697       -0.0024567106       -0.0021804553
       -0.0000939957        0.0000644900       -0.0000861004
        0.0000238845        0.0000593747       -0.0000634103
       -0.0017980653        0.0001504597        0.0042955446
        0.1901059909       -0.0964069201        0.1283639295
        0.0002581297        0.0003660745        0.0005124346
       -0.0009537555        0.0008072897       -0.0002149307
        0.0002041946       -0.0005807601       -0.0002011706
       -0.0006274104       -0.0008071456        0.0009779396
        0.0003462600       -0.0000135648       -0.0004742398
       -0.0000342249        0.0000566902       -0.0000255901
        0.0239629503       -0.0144796002        0.0189747601
        0.0893701949       -0.1118020697        0.0644039048
       -0.0002414350       -0.0004728150        0.0006860651
       -0.0013250050       -0.0039687549       -0.0016520150
       -0.0158677099        0.0102840099       -0.0104489354
       -0.0008809698       -0.0020506650       -0.0018597601
       -0.0000642552        0.0001439952        0.0000471800
        0.0000594397        0.0001407150       -0.0000701397
       -0.0001502147        0.0009428854        0.0003253902
       -0.0964069201        0.1223383799       -0.0721429902
        0.0003077849        0.0002580398        0.0001796300
        0.0006925598       -0.0006275798        0.0005246949
        0.0009394552        0.0002040954        0.0004299551
       -0.0006924651       -0.0009536251        0.0011086351
       -0.0005531507        0.0007441099       -0.0001777852
       -0.0003965101       -0.0007730651        0.0010443543
       -0.0004867951       -0.0003700254        0.0038711096
       -0.1149784757        0.0659760448       -0.1262737106
        0.0005943744        0.0009823046       -0.0016972552
       -0.0072784053        0.0000708047        0.0079381047
       -0.0096998150        0.0086513847       -0.0027836955
       -0.0008187604       -0.0010186454       -0.0025633301
        0.0000864398        0.0000471746        0.0003667799
        0.0000635043        0.0000698395        0.0002150250
        0.0042957697       -0.0003256253       -0.0040858350
        0.1283639295       -0.0721429902        0.1230455007
       -0.0001791352       -0.0005118653       -0.0007927252
        0.0011085396       -0.0009776502        0.0005707946
        0.0004300546       -0.0002012501        0.0007527947
       -0.0005247904       -0.0002150253        0.0005707449
       -0.0020505402       -0.0008809101        0.0018598899
        0.0102841400       -0.0158674402        0.0104486244
       -0.0039685202       -0.0013249854        0.0016523947
       -0.0004728153       -0.0002414703       -0.0006858954
       -0.1118018702        0.0893702398       -0.0643979450
       -0.0144795001        0.0239630899       -0.0189743352
        0.0000564950       -0.0000340754        0.0000256145
       -0.0000133653        0.0003461096        0.0004746798
       -0.0009536151       -0.0006924898       -0.0011083551
        0.0002040596        0.0009393349       -0.0004300199
       -0.0006276653        0.0006926251       -0.0005244701
        0.0002581297        0.0003077849       -0.0001791352
        0.1223382503       -0.0964069352        0.0721498100
        0.0009426395       -0.0001501400       -0.0003258552
        0.0001406849        0.0000595350        0.0000699299
        0.0001441498       -0.0000637101       -0.0000474151
       -0.0024565804        0.0014852549        0.0021807250
        0.0069537600       -0.0145265352        0.0104328697
       -0.0001809002        0.0067215746        0.0054501098
       -0.0009540503        0.0000178599       -0.0013569604
        0.0981619596       -0.1821593753        0.1137658100
       -0.0056734953        0.0012099449        0.0021094647
        0.0002465200       -0.0003381254        0.0003939942
        0.0002646448        0.0004708497        0.0006084747
       -0.0008072004       -0.0006277401       -0.0009774953
       -0.0005809105        0.0002039849        0.0002013999
        0.0008072249       -0.0009534853        0.0002153101
        0.0003660745        0.0002580398       -0.0005118653
       -0.0964069352        0.1901061705       -0.1283372401
        0.0001502397       -0.0017982200       -0.0042954352
        0.0000594648        0.0000236349        0.0000635546
        0.0000644749       -0.0000939752        0.0000860948
        0.0010190945        0.0008188653       -0.0025634250
       -0.0086513953        0.0097001399       -0.0027841955
       -0.0000705302        0.0072787498        0.0079381147
       -0.0009820604       -0.0005938350       -0.0016962656
       -0.0659699302        0.1150048848       -0.1262735000
        0.0003695848        0.0004872700        0.0038715248
        0.0007732902        0.0003964897        0.0010449398
       -0.0007440602        0.0005534898       -0.0001771801
        0.0002154150        0.0005248998        0.0005710049
        0.0002017447       -0.0004295052        0.0007529451
        0.0009779851       -0.0011084748        0.0005709498
        0.0005124346        0.0001796300       -0.0007927252
        0.0721498100       -0.1283372401        0.1230450204
        0.0003258896       -0.0042952050       -0.0040855451
       -0.0000697301       -0.0000629248        0.0002154496
       -0.0000470803       -0.0000857204        0.0003671050
       -0.0004728105        0.0002413347        0.0006859548
       -0.0039687401        0.0013249399       -0.0016524757
        0.0102842597        0.0158666396       -0.0104491255
       -0.0020505206        0.0008810747       -0.0018598456
       -0.0144792557       -0.0239627656        0.0189747598
       -0.1118019304       -0.0893560903        0.0644039096
       -0.0000136902       -0.0003462355       -0.0004739809
        0.0000566098        0.0000342496       -0.0000250054
        0.0002584397       -0.0003077153        0.0001789348
       -0.0006274857       -0.0006925202        0.0005245849
        0.0002040147       -0.0009392903        0.0004298798
       -0.0009537555        0.0006925598        0.0011085396
        0.0009426395        0.0001502397        0.0003258896
        0.1223383708        0.0964217597       -0.0721431306
        0.0001441296        0.0000645795        0.0000472247
        0.0001407096       -0.0000590552       -0.0000701303
        0.0009541299        0.0000174103       -0.0013570400
        0.0001808300        0.0067213750        0.0054500299
       -0.0069540701       -0.0145264653        0.0104330550
        0.0024567697        0.0014853251        0.0021804698
        0.0056723698        0.0012099952        0.0021093950
       -0.0981469398       -0.1821591047        0.1137658302
       -0.0002648596        0.0004709901        0.0006087399
       -0.0002466498       -0.0003380251        0.0003939900
       -0.0003660548        0.0002579753       -0.0005120148
       -0.0008071902       -0.0009537098        0.0002149852
        0.0005808101        0.0002040002        0.0002014451
        0.0008072897       -0.0006275798       -0.0009776502
       -0.0001501400       -0.0017982200       -0.0042952050
        0.0964217597        0.1901061700       -0.1283374948
       -0.0000641748       -0.0000945647        0.0000863750
       -0.0000589901        0.0000236750        0.0000634799
        0.0009824296       -0.0005943750       -0.0016969150
        0.0000708451        0.0072784800        0.0079377597
        0.0086515098        0.0096999045       -0.0027839351
       -0.0010186704        0.0008187499       -0.0025630453
       -0.0003700154        0.0004872697        0.0038715399
        0.0659760050        0.1150047348       -0.1262735950
        0.0007441051        0.0005532300       -0.0001775052
       -0.0007730702        0.0003961998        0.0010442901
       -0.0005119702        0.0001791500       -0.0007929199
       -0.0009778051       -0.0011086800        0.0005706002
       -0.0002015403       -0.0004300099        0.0007527200
       -0.0002149307        0.0005246949        0.0005707946
       -0.0003258552       -0.0042954352       -0.0040855451
       -0.0721431306       -0.1283374948        0.1230455103
        0.0000471900       -0.0000859453        0.0003667998
        0.0000700149       -0.0000630502        0.0002149298
       -0.0039685753       -0.0013251099       -0.0016524652
       -0.0004727400       -0.0002414100        0.0006859997
       -0.0020503501       -0.0008808402       -0.0018597902
        0.0102842196       -0.0158674899       -0.0104489953
        0.0000568249       -0.0000345153       -0.0000251950
       -0.0000134352        0.0003462398       -0.0004739704
       -0.1118021351        0.0893701346        0.0644041995
       -0.0144793199        0.0239629847        0.0189748397
       -0.0006274502        0.0006927149        0.0005248452
        0.0002583147        0.0003079001        0.0001795252
       -0.0009536299       -0.0006924549        0.0011085697
        0.0002041946        0.0009394552        0.0004300546
        0.0001406849        0.0000594648       -0.0000697301
        0.0001441296       -0.0000641748        0.0000471900
        0.1223382003       -0.0964068451       -0.0721426454
        0.0009431346       -0.0001501553        0.0003257600
       -0.0001807302        0.0067214802       -0.0054501800
       -0.0009540099        0.0000178599        0.0013567796
       -0.0024563698        0.0014854899       -0.0021804303
        0.0069538399       -0.0145263149       -0.0104321953
        0.0002469397       -0.0003377451       -0.0003936799
        0.0002649449        0.0004712251       -0.0006080001
        0.0981617902       -0.1821595799       -0.1137381400
       -0.0056733751        0.0012100298       -0.0021088499
        0.0008073300       -0.0009533747       -0.0002149750
        0.0003661847        0.0002582152        0.0005122152
       -0.0008070899       -0.0006276147        0.0009778299
       -0.0005807601        0.0002040954       -0.0002012501
        0.0000595350        0.0000236349       -0.0000629248
        0.0000645795       -0.0000945647       -0.0000859453
       -0.0964068451        0.1901059301        0.1283639799
        0.0001506001       -0.0017980349        0.0042956052
        0.0000708846       -0.0072786901        0.0079380098
        0.0009823498        0.0005941749       -0.0016967104
       -0.0010185201       -0.0008187655       -0.0025630405
        0.0086514396       -0.0096995052       -0.0027837405
       -0.0007730256       -0.0003965053        0.0010442949
        0.0007442097       -0.0005533303       -0.0001772503
        0.0659758200       -0.1149786152       -0.1262735356
       -0.0003701601       -0.0004870256        0.0038708049
       -0.0009778654        0.0011086300        0.0005705849
       -0.0005117954       -0.0001792651       -0.0007929302
       -0.0002150304       -0.0005244701        0.0005705598
       -0.0002011706        0.0004299551        0.0007527947
        0.0000699299        0.0000635546        0.0002154496
        0.0000472247        0.0000863750        0.0003667998
       -0.0721426454        0.1283639799        0.1230454706
       -0.0003253604        0.0042956196       -0.0040857901
        0.0102841446        0.0158665148        0.0104489200
       -0.0020504501        0.0008811000        0.0018595946
       -0.0004729552        0.0002415496       -0.0006860103
       -0.0039686051        0.0013252048        0.0016525547
       -0.0000133002       -0.0003458004        0.0004746849
        0.0000568050        0.0000343849        0.0000255599
       -0.0144797150       -0.0239627602       -0.0189741556
       -0.1118021351       -0.0893560454       -0.0643978350
        0.0002040949       -0.0009392201       -0.0004298153
       -0.0009537453        0.0006924347       -0.0011086800
        0.0002580799       -0.0003077000       -0.0001791452
       -0.0006274104       -0.0006924651       -0.0005247904
        0.0001441498        0.0000644749       -0.0000470803
        0.0001407096       -0.0000589901        0.0000700149
        0.0009431346        0.0001506001       -0.0003253604
        0.1223382304        0.0964220547        0.0721494499
       -0.0069540204       -0.0145265150       -0.0104327052
        0.0024568348        0.0014853950       -0.0021807753
        0.0009543399        0.0000178346        0.0013576198
        0.0001809894        0.0067215848       -0.0054501555
       -0.0002644754        0.0004711248       -0.0006084849
       -0.0002465202       -0.0003379552       -0.0003935600
        0.0056723800        0.0012100494       -0.0021085353
       -0.0981469253       -0.1821595603       -0.1137384001
        0.0005809247        0.0002040650       -0.0002013050
        0.0008073096       -0.0006276252        0.0009778699
       -0.0003659952        0.0002582101        0.0005119949
       -0.0008071456       -0.0009536251       -0.0002150253
       -0.0000637101       -0.0000939752       -0.0000857204
       -0.0000590552        0.0000236750       -0.0000630502
       -0.0001501553       -0.0017980349        0.0042956196
        0.0964220547        0.1901059704        0.1283639500
       -0.0086514851       -0.0096996700       -0.0027843899
        0.0010187898       -0.0008187899       -0.0025632804
       -0.0009820903        0.0005942647       -0.0016968502
       -0.0000708002       -0.0072783598        0.0079380746
       -0.0007442404       -0.0005535202       -0.0001777701
        0.0007732251       -0.0003963950        0.0010445947
        0.0003692750       -0.0004869551        0.0038710749
       -0.0659701251       -0.1149785902       -0.1262738149
        0.0002014698        0.0004302251        0.0007527700
        0.0002152248       -0.0005248452        0.0005707901
        0.0005121498       -0.0001793200       -0.0007929350
        0.0009779396        0.0011086351        0.0005707449
       -0.0000474151        0.0000860948        0.0003671050
       -0.0000701303        0.0000634799        0.0002149298
        0.0003257600        0.0042956052       -0.0040857901
        0.0721494499        0.1283639500        0.1230454802
