   14   42
        0.6781185900        0.0000152700       -0.0000268601
       -0.1067929550       -0.0000252649        0.0000011251
       -0.2890484299        0.1346910400        0.0004305500
       -0.2890484249       -0.1346530350       -0.0004572399
        0.0033873201        0.0302354299       -0.0000440649
        0.0033873151       -0.0302349250        0.0000436100
        0.0000515601        0.0000001401        0.0000000298
        0.0001110701        0.0000001651        0.0000000549
       -0.0001548848        0.0000001501        0.0000000800
       -0.0000100100        0.0000000199        0.0000000450
       -0.0000000050       -0.0000000050        0.0000000000
        0.0000000000       -0.0000000050        0.0000000000
        0.0000000000        0.0000000000       -0.0000000050
        0.0000000000        0.0000000000        0.0000000000
        0.0000152700        0.8892829700        0.0009619299
       -0.0000252200       -0.5923395099       -0.0003167550
        0.1402618700       -0.1360535299       -0.0004858450
       -0.1402230001       -0.1360535850       -0.0004858101
       -0.0052957199       -0.0123704400        0.0000483551
        0.0052946001       -0.0123703900        0.0000484050
       -0.0000000300       -0.0000829749        0.0007863899
        0.0000000200        0.0003939799        0.0006287499
       -0.0000000350       -0.0004080600       -0.0012721449
       -0.0000000350        0.0000019050        0.0000256199
       -0.0000000050       -0.0000000050        0.0000000000
        0.0000000000       -0.0000000050        0.0000000000
        0.0000000000        0.0000000000       -0.0000000050
        0.0000000000        0.0000000000        0.0000000000
       -0.0000268601        0.0009619299        0.1012799302
        0.0000011049        0.0002753399       -0.0396523201
        0.0005345899       -0.0006683901       -0.0347340450
       -0.0005588902       -0.0006683702       -0.0347340752
        0.0000583451       -0.0000707003        0.0048932399
       -0.0000579551       -0.0000706352        0.0048932849
       -0.0000001850       -0.0001319600       -0.0009076003
       -0.0000001701       -0.0003561901       -0.0007299451
       -0.0000000351        0.0006407549       -0.0004043751
       -0.0000000752        0.0000278447        0.0000985099
       -0.0000000050       -0.0000000050        0.0000000000
        0.0000000000       -0.0000000050        0.0000000000
        0.0000000000        0.0000000000       -0.0000000050
        0.0000000000        0.0000000000        0.0000000000
       -0.1067929550       -0.0000252200        0.0000011049
        0.6781185999        0.0000153051       -0.0000268749
        0.0033873251        0.0302354002        0.0000435951
        0.0033873199       -0.0302349800       -0.0000440500
       -0.2890484748        0.1346910500       -0.0004573499
       -0.2890485248       -0.1346529849        0.0004305049
        0.0000515452        0.0000001401        0.0000000000
        0.0001110551        0.0000001300        0.0000000199
       -0.0001548798        0.0000001451        0.0000001151
       -0.0000100150        0.0000000099        0.0000000401
       -0.0000000050       -0.0000000050        0.0000000000
        0.0000000000       -0.0000000050        0.0000000000
        0.0000000000        0.0000000000       -0.0000000050
        0.0000000000        0.0000000000        0.0000000000
       -0.0000252649       -0.5923395099        0.0002753399
        0.0000153051        0.8892829899       -0.0010244699
       -0.0052957050       -0.0123704150       -0.0000487449
        0.0052946500       -0.0123704899       -0.0000487650
        0.1402618551       -0.1360535451        0.0004769001
       -0.1402230799       -0.1360535251        0.0004769750
        0.0000000202       -0.0000829999       -0.0007863400
       -0.0000000500        0.0003939701       -0.0006287300
       -0.0000000747       -0.0004080549        0.0012723851
       -0.0000000900        0.0000019050       -0.0000255149
        0.0000000001        0.0000000051        0.0000000051
        0.0000000051        0.0000000001        0.0000000051
        0.0000000051        0.0000000051       -0.0000000050
        0.0000000051        0.0000000051        0.0000000051
        0.0000011251       -0.0003167550       -0.0396523201
       -0.0000268749       -0.0010244699        0.1012799200
       -0.0000579600        0.0000705352        0.0048932452
        0.0000583199        0.0000705499        0.0048932451
       -0.0005588799        0.0006599849       -0.0347341299
        0.0005345601        0.0006599849       -0.0347340399
       -0.0000001899        0.0001319850       -0.0009076400
       -0.0000002049        0.0003562499       -0.0007299900
       -0.0000000199       -0.0006405050       -0.0004043849
       -0.0000000850       -0.0000278200        0.0000985000
       -0.0000000050       -0.0000000050        0.0000000000
        0.0000000000       -0.0000000050        0.0000000000
        0.0000000000        0.0000000000       -0.0000000050
        0.0000000000        0.0000000000        0.0000000000
       -0.2890484299        0.1402618700        0.0005345899
        0.0033873251       -0.0052957050       -0.0000579600
        0.2972902900       -0.1492109749       -0.0006180049
       -0.0147118701        0.0148801401       -0.0000097850
        0.0018355851       -0.0008086900        0.0000663201
        0.0013857300        0.0000768401       -0.0000048300
        0.0000034501        0.0000114952       -0.0000360301
        0.0000874201       -0.0000887150        0.0000305850
       -0.0002224499        0.0002063950        0.0000769050
       -0.0000062049        0.0000057500       -0.0000060250
       -0.0000000050       -0.0000000050        0.0000000000
        0.0000000000       -0.0000000050        0.0000000000
        0.0000000000        0.0000000000       -0.0000000050
        0.0000000000        0.0000000000        0.0000000000
        0.1346910400       -0.1360535299       -0.0006683901
        0.0302354002       -0.0123704150        0.0000705352
       -0.1492109749        0.1421853099        0.0005126951
       -0.0148807450        0.0098886549        0.0001325350
       -0.0008087000       -0.0051610500        0.0000026401
       -0.0000766349        0.0015554801       -0.0000243600
       -0.0000110199       -0.0000240298        0.0000483600
       -0.0000488849        0.0000408501       -0.0000114549
        0.0001450701       -0.0000607700       -0.0000537800
        0.0000055250       -0.0000000301       -0.0000163850
       -0.0000000050       -0.0000000050        0.0000000000
        0.0000000000       -0.0000000050        0.0000000000
        0.0000000000        0.0000000000       -0.0000000050
        0.0000000000        0.0000000000        0.0000000000
        0.0004305500       -0.0004858450       -0.0347340450
        0.0000435951       -0.0000487449        0.0048932452
       -0.0006180049        0.0005126951        0.0218933499
        0.0000094950        0.0001325350        0.0030856800
       -0.0000662349       -0.0000025202        0.0132510752
       -0.0000048399        0.0000246150       -0.0084817850
       -0.0000025599       -0.0000346198        0.0000848300
       -0.0001458548        0.0002439401        0.0000522299
        0.0003234902       -0.0003515999       -0.0000192750
        0.0000044751        0.0000017749       -0.0000236849
       -0.0000000050       -0.0000000050        0.0000000000
        0.0000000000       -0.0000000050        0.0000000000
        0.0000000000        0.0000000000       -0.0000000050
        0.0000000000        0.0000000000        0.0000000000
       -0.2890484249       -0.1402230001       -0.0005588902
        0.0033873199        0.0052946500        0.0000583199
       -0.0147118701       -0.0148807450        0.0000094950
        0.2972903002        0.1492493500        0.0005931049
        0.0013857550       -0.0000765752        0.0000049850
        0.0018355149        0.0008088500       -0.0000662601
        0.0000034449       -0.0000113251        0.0000361298
        0.0000873750        0.0000889098       -0.0000305201
       -0.0002224600       -0.0002062100       -0.0000768051
       -0.0000061601       -0.0000057001        0.0000060798
       -0.0000000050       -0.0000000050        0.0000000000
        0.0000000000       -0.0000000050        0.0000000449
        0.0000000449        0.0000000000       -0.0000000050
        0.0000000000        0.0000000000        0.0000000449
       -0.1346530350       -0.1360535850       -0.0006683702
       -0.0302349800       -0.0123704899        0.0000705499
        0.0148801401        0.0098886549        0.0001325350
        0.1492493500        0.1421853901        0.0005126400
        0.0000768200        0.0015554299       -0.0000244550
        0.0008087500       -0.0051610751        0.0000026400
        0.0000109750       -0.0000241249        0.0000482999
        0.0000489401        0.0000408100       -0.0000114601
       -0.0001450950       -0.0000608051       -0.0000537850
       -0.0000055901       -0.0000000551       -0.0000164700
       -0.0000000050       -0.0000000099        0.0000000000
       -0.0000000050       -0.0000000050        0.0000000000
        0.0000000000        0.0000000000       -0.0000000050
       -0.0000000050       -0.0000000300        0.0000000000
       -0.0004572399       -0.0004858101       -0.0347340752
       -0.0000440500       -0.0000487650        0.0048932451
       -0.0000097850        0.0001325350        0.0030856800
        0.0005931049        0.0005126400        0.0218933701
        0.0000050599        0.0000245949       -0.0084818150
        0.0000664001       -0.0000025400        0.0132511050
        0.0000025450       -0.0000345949        0.0000848350
        0.0001458699        0.0002439400        0.0000522648
       -0.0003234901       -0.0003516401       -0.0000192701
       -0.0000044601        0.0000017648       -0.0000236901
       -0.0000000050        0.0000000000        0.0000000050
        0.0000000000       -0.0000000050        0.0000000000
        0.0000000000        0.0000000000       -0.0000000050
        0.0000000000        0.0000000050       -0.0000000050
        0.0033873201       -0.0052957199        0.0000583451
       -0.2890484748        0.1402618551       -0.0005588799
        0.0018355851       -0.0008087000       -0.0000662349
        0.0013857550        0.0000768200        0.0000050599
        0.2972902999       -0.1492109701        0.0005930552
       -0.0147119250        0.0148802201        0.0000095299
        0.0000034152        0.0000114751        0.0000360650
        0.0000873601       -0.0000886749       -0.0000305050
       -0.0002224948        0.0002063501       -0.0000767649
       -0.0000061499        0.0000056849        0.0000060849
       -0.0000000050        0.0000000401        0.0000000450
        0.0000000000       -0.0000000050        0.0000000000
        0.0000000351       -0.0000000099       -0.0000000050
        0.0000000000        0.0000000000       -0.0000000099
        0.0302354299       -0.0123704400       -0.0000707003
        0.1346910500       -0.1360535451        0.0006599849
       -0.0008086900       -0.0051610500       -0.0000025202
       -0.0000765752        0.0015554299        0.0000245949
       -0.1492109701        0.1421853003       -0.0005200749
       -0.0148807950        0.0098887199       -0.0001325351
       -0.0000110150       -0.0000240699       -0.0000482900
       -0.0000489051        0.0000408500        0.0000115448
        0.0001450550       -0.0000607101        0.0000538648
        0.0000055449       -0.0000000503        0.0000164749
       -0.0000000101       -0.0000000050       -0.0000000051
        0.0000000000       -0.0000000101       -0.0000000051
        0.0000000000       -0.0000000051       -0.0000000101
       -0.0000000051       -0.0000000051       -0.0000000051
       -0.0000440649        0.0000483551        0.0048932399
       -0.0004573499        0.0004769001       -0.0347341299
        0.0000663201        0.0000026401        0.0132510752
        0.0000049850       -0.0000244550       -0.0084818150
        0.0005930552       -0.0005200749        0.0218934599
       -0.0000098200       -0.0001325650        0.0030856201
        0.0000024900        0.0000348001        0.0000847901
        0.0001458301       -0.0002437649        0.0000521850
       -0.0003235199        0.0003517800       -0.0000193199
       -0.0000045300       -0.0000018049       -0.0000237449
       -0.0000000050       -0.0000000550        0.0000000000
        0.0000000050       -0.0000000050       -0.0000000550
        0.0000000000        0.0000000050        0.0000000000
        0.0000000000       -0.0000000550       -0.0000000550
        0.0033873151        0.0052946001       -0.0000579551
       -0.2890485248       -0.1402230799        0.0005345601
        0.0013857300       -0.0000766349       -0.0000048399
        0.0018355149        0.0008087500        0.0000664001
       -0.0147119250       -0.0148807950       -0.0000098200
        0.2972903900        0.1492493550       -0.0006180549
        0.0000034152       -0.0000113799       -0.0000361200
        0.0000873251        0.0000887900        0.0000305300
       -0.0002224900       -0.0002062400        0.0000768550
       -0.0000061999       -0.0000058000       -0.0000060750
       -0.0000000050       -0.0000000450        0.0000000000
        0.0000000000       -0.0000000050        0.0000000000
        0.0000000000        0.0000000000       -0.0000000050
        0.0000000000       -0.0000000401        0.0000000000
       -0.0302349250       -0.0123703900       -0.0000706352
       -0.1346529849       -0.1360535251        0.0006599849
        0.0000768401        0.0015554801        0.0000246150
        0.0008088500       -0.0051610751       -0.0000025400
        0.0148802201        0.0098887199       -0.0001325650
        0.1492493550        0.1421852900       -0.0005200050
        0.0000110751       -0.0000240398       -0.0000482950
        0.0000489399        0.0000408450        0.0000115600
       -0.0001450150       -0.0000607700        0.0000538699
       -0.0000055401       -0.0000000551        0.0000164850
        0.0000000051       -0.0000000050        0.0000000051
        0.0000000000        0.0000000001        0.0000000101
        0.0000000051        0.0000000000        0.0000000001
        0.0000000000        0.0000000101        0.0000000051
        0.0000436100        0.0000484050        0.0048932849
        0.0004305049        0.0004769750       -0.0347340399
       -0.0000048300       -0.0000243600       -0.0084817850
       -0.0000662601        0.0000026400        0.0132511050
        0.0000095299       -0.0001325351        0.0030856201
       -0.0006180549       -0.0005200050        0.0218933701
       -0.0000025651        0.0000348351        0.0000848350
       -0.0001458800       -0.0002437100        0.0000522148
        0.0003234800        0.0003518200       -0.0000192850
        0.0000044550       -0.0000017501       -0.0000237149
       -0.0000000149       -0.0000000050       -0.0000000099
        0.0000000000       -0.0000000149        0.0000000000
       -0.0000000099        0.0000000000       -0.0000000050
       -0.0000000099       -0.0000000099        0.0000000000
        0.0000515601       -0.0000000300       -0.0000001850
        0.0000515452        0.0000000202       -0.0000001899
        0.0000034501       -0.0000110199       -0.0000025599
        0.0000034449        0.0000109750        0.0000025450
        0.0000034152       -0.0000110150        0.0000024900
        0.0000034152        0.0000110751       -0.0000025651
        0.0077143099        0.0000177802       -0.0000675699
        0.0064764551        0.0000130750       -0.0000429701
       -0.0018101198        0.0000010250        0.0000004050
       -0.0124904800        0.0000044051       -0.0000193700
       -0.0000000050       -0.0000000050        0.0000000000
        0.0000000050       -0.0000000050        0.0000000000
        0.0000000000        0.0000000050       -0.0000000050
        0.0000000000        0.0000000000        0.0000000000
        0.0000001401       -0.0000829749       -0.0001319600
        0.0000001401       -0.0000829999        0.0001319850
        0.0000114952       -0.0000240298       -0.0000346198
       -0.0000113251       -0.0000241249       -0.0000345949
        0.0000114751       -0.0000240699        0.0000348001
       -0.0000113799       -0.0000240398        0.0000348351
        0.0000177802        0.0073183298       -0.0000675300
        0.0000138851        0.0069493251       -0.0000429900
        0.0000012952       -0.0014290349        0.0000003750
        0.0000043251       -0.0125694500       -0.0000194198
       -0.0000000099       -0.0000000050       -0.0000000050
        0.0000000000       -0.0000000050       -0.0000000050
       -0.0000000050       -0.0000000050       -0.0000000099
        0.0000000000        0.0000000000        0.0000000000
        0.0000000298        0.0007863899       -0.0009076003
        0.0000000000       -0.0007863400       -0.0009076400
       -0.0000360301        0.0000483600        0.0000848300
        0.0000361298        0.0000482999        0.0000848350
        0.0000360650       -0.0000482900        0.0000847901
       -0.0000361200       -0.0000482950        0.0000848350
       -0.0000675699       -0.0000675300        1.5661019901
       -0.0000429900       -0.0000429851       -1.1265234902
        0.0000004401        0.0000002950        0.0101093650
       -0.0000224752       -0.0000224502       -0.4482112200
       -0.0000000050        0.0000000199        0.0000000000
        0.0000000000       -0.0000000050        0.0000000000
        0.0000000000        0.0000000000       -0.0000000050
        0.0000000000        0.0000000000        0.0000000000
        0.0001110701        0.0000000200       -0.0000001701
        0.0001110551       -0.0000000500       -0.0000002049
        0.0000874201       -0.0000488849       -0.0001458548
        0.0000873750        0.0000489401        0.0001458699
        0.0000873601       -0.0000489051        0.0001458301
        0.0000873251        0.0000489399       -0.0001458800
        0.0064764551        0.0000138851       -0.0000429900
        0.0103360600        0.0000185699       -0.0000671501
       -0.0151467948        0.0000039600       -0.0000199250
       -0.0022302751        0.0000012349        0.0000009949
       -0.0000000050       -0.0000000050        0.0000000000
        0.0000000000       -0.0000000050        0.0000000000
        0.0000000000       -0.0000000050       -0.0000000050
        0.0000000000        0.0000000000        0.0000000000
        0.0000001651        0.0003939799       -0.0003561901
        0.0000001300        0.0003939701        0.0003562499
       -0.0000887150        0.0000408501        0.0002439401
        0.0000889098        0.0000408100        0.0002439400
       -0.0000886749        0.0000408500       -0.0002437649
        0.0000887900        0.0000408450       -0.0002437100
        0.0000130750        0.0069493251       -0.0000429851
        0.0000185699        0.0097634000       -0.0000673302
        0.0000044950       -0.0155365150       -0.0000200849
        0.0000011050       -0.0021206401        0.0000008200
       -0.0000000050       -0.0000000351       -0.0000000301
        0.0000000000       -0.0000000050        0.0000000000
        0.0000000000        0.0000000000       -0.0000000351
        0.0000000051        0.0000000000        0.0000000000
        0.0000000549        0.0006287499       -0.0007299451
        0.0000000199       -0.0006287300       -0.0007299900
        0.0000305850       -0.0000114549        0.0000522299
       -0.0000305201       -0.0000114601        0.0000522648
       -0.0000305050        0.0000115448        0.0000521850
        0.0000305300        0.0000115600        0.0000522148
       -0.0000429701       -0.0000429900       -1.1265234902
       -0.0000671501       -0.0000673302        1.5592238702
       -0.0000221500       -0.0000222300       -0.4410774402
        0.0000004148        0.0000004498        0.0096290799
       -0.0000000050        0.0000000300        0.0000000000
        0.0000000050       -0.0000000050        0.0000000000
        0.0000000000        0.0000000000       -0.0000000050
        0.0000000050        0.0000000050        0.0000000000
       -0.0001548848       -0.0000000350       -0.0000000351
       -0.0001548798       -0.0000000747       -0.0000000199
       -0.0002224499        0.0001450701        0.0003234902
       -0.0002224600       -0.0001450950       -0.0003234901
       -0.0002224948        0.0001450550       -0.0003235199
       -0.0002224900       -0.0001450150        0.0003234800
       -0.0018101198        0.0000012952        0.0000004401
       -0.0151467948        0.0000044950       -0.0000221500
        0.0113129099        0.0000026901       -0.0000205399
        0.0068507350        0.0000001400        0.0000001052
       -0.0000000050       -0.0000000050        0.0000000000
        0.0000000000       -0.0000000050        0.0000000000
        0.0000000000        0.0000000000       -0.0000000050
        0.0000000000        0.0000000000        0.0000000000
        0.0000001501       -0.0004080600        0.0006407549
        0.0000001451       -0.0004080549       -0.0006405050
        0.0002063950       -0.0000607700       -0.0003515999
       -0.0002062100       -0.0000608051       -0.0003516401
        0.0002063501       -0.0000607101        0.0003517800
       -0.0002062400       -0.0000607700        0.0003518200
        0.0000010250       -0.0014290349        0.0000002950
        0.0000039600       -0.0155365150       -0.0000222300
        0.0000026901        0.0112983500       -0.0000206249
        0.0000000850        0.0067330900        0.0000000750
       -0.0000000050       -0.0000000050        0.0000000000
        0.0000000000       -0.0000000401        0.0000000000
        0.0000000000        0.0000000000       -0.0000000050
        0.0000000000        0.0000000000        0.0000000000
        0.0000000800       -0.0012721449       -0.0004043751
        0.0000001151        0.0012723851       -0.0004043849
        0.0000769050       -0.0000537800       -0.0000192750
       -0.0000768051       -0.0000537850       -0.0000192701
       -0.0000767649        0.0000538648       -0.0000193199
        0.0000768550        0.0000538699       -0.0000192850
        0.0000004050        0.0000003750        0.0101093650
       -0.0000199250       -0.0000200849       -0.4410774402
       -0.0000205399       -0.0000206249        0.4317163101
        0.0000000399        0.0000000699        0.0001388000
       -0.0000000050       -0.0000000050        0.0000000000
        0.0000000000       -0.0000000050        0.0000000000
        0.0000000000        0.0000000350       -0.0000000050
        0.0000000000        0.0000000000        0.0000000000
       -0.0000100100       -0.0000000350       -0.0000000752
       -0.0000100150       -0.0000000900       -0.0000000850
       -0.0000062049        0.0000055250        0.0000044751
       -0.0000061601       -0.0000055901       -0.0000044601
       -0.0000061499        0.0000055449       -0.0000045300
       -0.0000061999       -0.0000055401        0.0000044550
       -0.0124904800        0.0000043251       -0.0000224752
       -0.0022302751        0.0000011050        0.0000004148
        0.0068507350        0.0000000850        0.0000000399
        0.0079216301        0.0000029499       -0.0000207051
        0.0000000001       -0.0000000050        0.0000000000
        0.0000000000       -0.0000000050        0.0000000000
        0.0000000000       -0.0000000050       -0.0000000050
        0.0000000000        0.0000000000        0.0000000000
        0.0000000199        0.0000019050        0.0000278447
        0.0000000099        0.0000019050       -0.0000278200
        0.0000057500       -0.0000000301        0.0000017749
       -0.0000057001       -0.0000000551        0.0000017648
        0.0000056849       -0.0000000503       -0.0000018049
       -0.0000058000       -0.0000000551       -0.0000017501
        0.0000044051       -0.0125694500       -0.0000224502
        0.0000012349       -0.0021206401        0.0000004498
        0.0000001400        0.0067330900        0.0000000699
        0.0000029499        0.0079605502       -0.0000207051
        0.0000000250       -0.0000000050        0.0000000000
        0.0000000000       -0.0000000050        0.0000000000
        0.0000000000        0.0000000000       -0.0000000050
        0.0000000000        0.0000000000        0.0000000300
        0.0000000450        0.0000256199        0.0000985099
        0.0000000401       -0.0000255149        0.0000985000
       -0.0000060250       -0.0000163850       -0.0000236849
        0.0000060798       -0.0000164700       -0.0000236901
        0.0000060849        0.0000164749       -0.0000237449
       -0.0000060750        0.0000164850       -0.0000237149
       -0.0000193700       -0.0000194198       -0.4482112200
        0.0000009949        0.0000008200        0.0096290799
        0.0000001052        0.0000000750        0.0001388000
       -0.0000207051       -0.0000207051        0.4383421000
        0.0000000250       -0.0000000050        0.0000000000
        0.0000000000       -0.0000000050        0.0000000000
        0.0000000300        0.0000000000       -0.0000000050
        0.0000000000        0.0000000300        0.0000000300
       -0.0000000050       -0.0000000050       -0.0000000050
       -0.0000000050        0.0000000001       -0.0000000050
       -0.0000000050       -0.0000000050       -0.0000000050
       -0.0000000050       -0.0000000050       -0.0000000050
       -0.0000000050       -0.0000000101       -0.0000000050
       -0.0000000050        0.0000000051       -0.0000000149
       -0.0000000050       -0.0000000099       -0.0000000050
       -0.0000000050       -0.0000000050       -0.0000000050
       -0.0000000050       -0.0000000050       -0.0000000050
        0.0000000001        0.0000000250        0.0000000250
        0.0000000099       -0.0000000099       -0.0000000050
       -0.0000000050       -0.0000000050        0.0000000050
       -0.0000000050       -0.0000000050       -0.0000000099
       -0.0000000050        0.0000000000        0.0000000000
       -0.0000000050       -0.0000000050       -0.0000000050
       -0.0000000050        0.0000000051       -0.0000000050
       -0.0000000050       -0.0000000050       -0.0000000050
       -0.0000000050       -0.0000000099        0.0000000000
        0.0000000401       -0.0000000050       -0.0000000550
       -0.0000000450       -0.0000000050       -0.0000000050
       -0.0000000050       -0.0000000050        0.0000000199
       -0.0000000050       -0.0000000351        0.0000000300
       -0.0000000050       -0.0000000050       -0.0000000050
       -0.0000000050       -0.0000000050       -0.0000000050
       -0.0000000099        0.0000000099       -0.0000000050
       -0.0000000050       -0.0000000099        0.0000000000
        0.0000000000        0.0000000000       -0.0000000099
       -0.0000000050       -0.0000000050       -0.0000000050
        0.0000000000        0.0000000000        0.0000000000
        0.0000000000        0.0000000051        0.0000000000
        0.0000000000        0.0000000000        0.0000000000
        0.0000000000        0.0000000000        0.0000000050
        0.0000000450       -0.0000000051        0.0000000000
        0.0000000000        0.0000000051       -0.0000000099
        0.0000000000       -0.0000000050        0.0000000000
        0.0000000000       -0.0000000301        0.0000000000
        0.0000000000        0.0000000000        0.0000000000
        0.0000000000        0.0000000000        0.0000000000
       -0.0000000050       -0.0000000050        0.0000000000
        0.0000000050        0.0000000050        0.0000000000
        0.0000000000        0.0000000000       -0.0000000050
        0.0000000050        0.0000000050        0.0000000000
        0.0000000000        0.0000000000        0.0000000000
        0.0000000000        0.0000000051        0.0000000000
        0.0000000000        0.0000000000        0.0000000000
        0.0000000000       -0.0000000050        0.0000000000
        0.0000000000        0.0000000000        0.0000000050
        0.0000000000        0.0000000000        0.0000000000
        0.0000000050        0.0000000000        0.0000000000
        0.0000000000        0.0000000000        0.0000000050
        0.0000000000        0.0000000000        0.0000000000
        0.0000000000        0.0000000000        0.0000000000
       -0.0000000050       -0.0000000050        0.0000000050
        0.0000000000       -0.0000000050        0.0000000000
        0.0000000050        0.0000000000        0.0000000000
        0.0000000000        0.0000000000        0.0000000000
       -0.0000000050       -0.0000000050       -0.0000000050
       -0.0000000050        0.0000000001       -0.0000000050
       -0.0000000050       -0.0000000050       -0.0000000050
       -0.0000000050       -0.0000000050       -0.0000000050
       -0.0000000050       -0.0000000101       -0.0000000050
       -0.0000000050        0.0000000001       -0.0000000149
       -0.0000000050       -0.0000000050       -0.0000000050
       -0.0000000050       -0.0000000050       -0.0000000050
       -0.0000000050       -0.0000000401       -0.0000000050
       -0.0000000050       -0.0000000050       -0.0000000050
       -0.0000000050       -0.0000000099        0.0000000050
       -0.0000000050        0.0000000099       -0.0000000050
        0.0000000000       -0.0000000050       -0.0000000099
       -0.0000000050        0.0000000000       -0.0000000050
        0.0000000000        0.0000000000        0.0000000000
        0.0000000000        0.0000000051        0.0000000000
        0.0000000000        0.0000000000        0.0000000000
        0.0000000449        0.0000000000        0.0000000000
        0.0000000000       -0.0000000051       -0.0000000550
        0.0000000000        0.0000000101        0.0000000000
        0.0000000000       -0.0000000050        0.0000000000
        0.0000000000        0.0000000000        0.0000000000
        0.0000000000        0.0000000000        0.0000000000
        0.0000000000        0.0000000000        0.0000000000
        0.0000000050        0.0000000000        0.0000000000
        0.0000000000       -0.0000000050        0.0000000000
        0.0000000000        0.0000000050       -0.0000000050
        0.0000000000        0.0000000050        0.0000000000
        0.0000000000        0.0000000000        0.0000000000
        0.0000000000        0.0000000051        0.0000000000
        0.0000000000        0.0000000000        0.0000000000
        0.0000000449        0.0000000000        0.0000000000
        0.0000000351        0.0000000000        0.0000000000
        0.0000000000        0.0000000051       -0.0000000099
        0.0000000000       -0.0000000050        0.0000000000
        0.0000000000        0.0000000000        0.0000000000
        0.0000000000        0.0000000000        0.0000000000
        0.0000000000        0.0000000000        0.0000000300
       -0.0000000050        0.0000000000        0.0000000000
        0.0000000050        0.0000000000        0.0000000000
        0.0000000000        0.0000000000        0.0000000000
        0.0000000000        0.0000000050        0.0000000000
        0.0000000000        0.0000000000        0.0000000000
        0.0000000000        0.0000000051        0.0000000000
        0.0000000000        0.0000000000        0.0000000000
        0.0000000000        0.0000000000        0.0000000000
       -0.0000000099       -0.0000000051        0.0000000050
        0.0000000000        0.0000000000        0.0000000000
        0.0000000050       -0.0000000050        0.0000000000
       -0.0000000050        0.0000000000        0.0000000000
        0.0000000000        0.0000000000        0.0000000350
       -0.0000000050        0.0000000000        0.0000000000
       -0.0000000050        0.0000000000        0.0000000000
        0.0000000000       -0.0000000050        0.0000000050
        0.0000000000        0.0000000000       -0.0000000050
        0.0000000000        0.0000000000        0.0000000050
       -0.0000000050       -0.0000000050       -0.0000000050
       -0.0000000050       -0.0000000050       -0.0000000050
       -0.0000000050       -0.0000000050       -0.0000000050
       -0.0000000050       -0.0000000050       -0.0000000050
       -0.0000000050       -0.0000000101        0.0000000000
       -0.0000000050        0.0000000001       -0.0000000050
       -0.0000000050       -0.0000000099       -0.0000000050
       -0.0000000050       -0.0000000351       -0.0000000050
       -0.0000000050       -0.0000000050       -0.0000000050
       -0.0000000050       -0.0000000050       -0.0000000050
       -0.0000000099       -0.0000000099       -0.0000000050
        0.0000000000       -0.0000000099       -0.0000000050
        0.0000000000       -0.0000000050        0.0000000099
       -0.0000000050       -0.0000000050       -0.0000000050
        0.0000000000        0.0000000000        0.0000000000
        0.0000000000        0.0000000051        0.0000000000
        0.0000000000        0.0000000000        0.0000000000
        0.0000000000       -0.0000000050        0.0000000000
        0.0000000000       -0.0000000051        0.0000000000
        0.0000000000        0.0000000000       -0.0000000099
        0.0000000000        0.0000000000        0.0000000000
        0.0000000000        0.0000000051        0.0000000050
        0.0000000000        0.0000000000        0.0000000000
        0.0000000000        0.0000000000        0.0000000000
       -0.0000000050       -0.0000000050        0.0000000050
        0.0000000000       -0.0000000050        0.0000000000
        0.0000000000        0.0000000000       -0.0000000050
        0.0000000000        0.0000000000        0.0000000099
        0.0000000000        0.0000000000        0.0000000000
        0.0000000000        0.0000000051        0.0000000000
        0.0000000000        0.0000000000        0.0000000000
        0.0000000000       -0.0000000300        0.0000000050
        0.0000000000       -0.0000000051       -0.0000000550
       -0.0000000401        0.0000000101       -0.0000000099
        0.0000000000        0.0000000000        0.0000000000
        0.0000000000        0.0000000000        0.0000000050
        0.0000000000        0.0000000000        0.0000000000
        0.0000000000        0.0000000000        0.0000000300
        0.0000000000       -0.0000000050        0.0000000050
        0.0000000000        0.0000000000        0.0000000050
        0.0000000050        0.0000000000       -0.0000000050
        0.0000000000        0.0000000000        0.0000000000
        0.0000000000        0.0000000000        0.0000000000
        0.0000000000        0.0000000051        0.0000000000
        0.0000000000        0.0000000000        0.0000000000
        0.0000000449        0.0000000000       -0.0000000050
       -0.0000000099       -0.0000000051       -0.0000000550
        0.0000000000        0.0000000051        0.0000000000
        0.0000000000        0.0000000000        0.0000000000
        0.0000000000        0.0000000000        0.0000000000
        0.0000000000        0.0000000000        0.0000000000
        0.0000000000        0.0000000300        0.0000000300
        0.0000000000       -0.0000000050        0.0000000000
        0.0000000000       -0.0000000050        0.0000000000
        0.0000000000        0.0000000050       -0.0000000050
        0.0000000099        0.0000000000        0.0000000000
