   11   33
        1.4297294300       -0.0000637199        0.0182665599
       -0.4077840050       -0.0000211550       -0.0048378149
       -1.0276783649       -0.0000405548       -0.0138223349
        0.0090298749        0.0000002700        0.0000560401
       -0.0024113349       -0.0000000800        0.0003760552
       -0.0004418901       -0.0004055450       -0.0000818451
       -0.0004418850        0.0004055050       -0.0000818551
        0.0000000000       -0.0000000099        0.0000000000
        0.0000000000        0.0000000000       -0.0000000099
        0.0000000000        0.0000000000        0.0000000000
        0.0000000000       -0.0000000050        0.0000000000
       -0.0000637199        0.0466367101        0.0000018998
       -0.0000195951       -0.0273580349        0.0000008400
       -0.0000393999       -0.0220362800        0.0000017549
        0.0000004898        0.0015199649       -0.0000002950
       -0.0000001100        0.0015460350       -0.0000000949
       -0.0004340700       -0.0001541650       -0.0000598202
        0.0004339699       -0.0001541700        0.0000597798
       -0.0000000101       -0.0000000050       -0.0000000101
       -0.0000000101       -0.0000000101       -0.0000000151
       -0.0000000101        0.0000000000       -0.0000000101
       -0.0000000101        0.0000000000        0.0000000000
        0.0182665599        0.0000018998        0.0467591101
       -0.0049095351        0.0000009199       -0.0270027900
       -0.0138293349        0.0000017650       -0.0221123101
        0.0001089799       -0.0000002751        0.0014730999
        0.0005693400       -0.0000000252        0.0008375601
       -0.0001641651        0.0000292049        0.0000227399
       -0.0001641700       -0.0000291750        0.0000227300
        0.0000000000       -0.0000000101       -0.0000000051
        0.0000000050       -0.0000000051       -0.0000000050
        0.0000000000        0.0000000050       -0.0000000051
        0.0000000000       -0.0000000051       -0.0000000051
       -0.4077840050       -0.0000195951       -0.0049095351
        0.3959135401       -0.0000195500        0.0049299449
        0.0138589500        0.0000000651        0.0002240000
       -0.0014743500        0.0000000649       -0.0001040101
       -0.0014514050        0.0000001899       -0.0001923199
        0.0004696149        0.0013354951        0.0000063298
        0.0004696049       -0.0013354750        0.0000063099
        0.0000000050        0.0000000000        0.0000000050
        0.0000000050        0.0000000000        0.0000000000
        0.0000000050        0.0000000050        0.0000000050
        0.0000000000        0.0000000000        0.0000000050
       -0.0000211550       -0.0273580349        0.0000009199
       -0.0000195500        0.0215326500        0.0000017351
        0.0000004351        0.0024292750       -0.0000004901
       -0.0000000550        0.0058651649       -0.0000000450
       -0.0000001199       -0.0031946850       -0.0000000900
        0.0011571650        0.0003628500        0.0000942499
       -0.0011572600        0.0003628401       -0.0000943051
        0.0000000050       -0.0000000050        0.0000000050
        0.0000000050        0.0000000050        0.0000000000
        0.0000000050        0.0000000050        0.0000000000
        0.0000000050        0.0000000000        0.0000000050
       -0.0048378149        0.0000008400       -0.0270027900
        0.0049299449        0.0000017351        0.0202656500
        0.0001225250       -0.0000005198        0.0023776850
       -0.0001574951       -0.0000000300        0.0058611900
       -0.0010808350       -0.0000000600       -0.0015586649
        0.0004915401       -0.0000596199        0.0000285650
        0.0004915501        0.0000595851        0.0000285600
       -0.0000000050       -0.0000000050        0.0000000000
        0.0000000000       -0.0000000050       -0.0000000050
        0.0000000000       -0.0000000050       -0.0000000050
       -0.0000000050        0.0000000000        0.0000000000
       -1.0276783649       -0.0000393999       -0.0138293349
        0.0138589500        0.0000004351        0.0001225250
        1.4324640199       -0.0000621898        0.0184982549
       -0.4166823250       -0.0000209999       -0.0049163449
       -0.0015803398       -0.0000000050        0.0000544851
       -0.0001899849       -0.0003655549       -0.0000257401
       -0.0001899899        0.0003655251       -0.0000257550
        0.0000000000       -0.0000000050        0.0000000000
        0.0000000000        0.0000000000       -0.0000000050
        0.0000000000        0.0000000000        0.0000000000
        0.0000000051        0.0000000000        0.0000000000
       -0.0000405548       -0.0220362800        0.0000017650
        0.0000000651        0.0024292750       -0.0000005198
       -0.0000621898        0.0414987198        0.0000041500
       -0.0000186400       -0.0220739149        0.0000017651
       -0.0000000249        0.0003552150       -0.0000000249
       -0.0000835799       -0.0000864699       -0.0000089101
        0.0000835601       -0.0000864549        0.0000088900
        0.0000000000       -0.0000000050        0.0000000000
        0.0000000000        0.0000000000       -0.0000000050
        0.0000000000        0.0000000000        0.0000000000
        0.0000000000        0.0000000000        0.0000000000
       -0.0138223349        0.0000017549       -0.0221123101
        0.0002240000       -0.0000004901        0.0023776850
        0.0184982549        0.0000041500        0.0416189101
       -0.0049645051        0.0000017648       -0.0220529901
        0.0000308449       -0.0000000051        0.0002786301
       -0.0000436201       -0.0000050750       -0.0000548602
       -0.0000436151        0.0000050750       -0.0000548651
        0.0000000050        0.0000000000        0.0000000000
        0.0000000050        0.0000000000       -0.0000000050
        0.0000000000        0.0000000000        0.0000000000
        0.0000000000        0.0000000000        0.0000000000
        0.0090298749        0.0000004898        0.0001089799
       -0.0014743500       -0.0000000550       -0.0001574951
       -0.4166823250       -0.0000186400       -0.0049645051
        0.4092853001       -0.0000195000        0.0049381948
       -0.0000775800       -0.0000000200        0.0000270451
       -0.0000396500        0.0000530051        0.0000050548
       -0.0000396450       -0.0000530349        0.0000050449
        0.0000000000       -0.0000000050        0.0000000000
        0.0000000000       -0.0000000051       -0.0000000050
        0.0000000000       -0.0000000051        0.0000000000
       -0.0000000051        0.0000000000        0.0000000000
        0.0000002700        0.0015199649       -0.0000002751
        0.0000000649        0.0058651649       -0.0000000300
       -0.0000209999       -0.0220739149        0.0000017648
       -0.0000195000        0.0148066701        0.0000021700
       -0.0000000200       -0.0001872002       -0.0000000099
        0.0000446799        0.0000347151        0.0000054698
       -0.0000447100        0.0000347251       -0.0000054700
        0.0000000000       -0.0000000050        0.0000000050
        0.0000000099        0.0000000050        0.0000000000
        0.0000000000        0.0000000000        0.0000000000
        0.0000000000        0.0000000050        0.0000000000
        0.0000560401       -0.0000002950        0.0014730999
       -0.0001040101       -0.0000000450        0.0058611900
       -0.0049163449        0.0000017651       -0.0220529901
        0.0049381948        0.0000021700        0.0148175300
       -0.0000532599       -0.0000000151       -0.0001280499
        0.0000195600       -0.0000024049        0.0000147000
        0.0000195699        0.0000023751        0.0000146900
        0.0000000000       -0.0000000050        0.0000000000
        0.0000000000        0.0000000000       -0.0000000050
        0.0000000000        0.0000000000        0.0000000000
        0.0000000000        0.0000000000        0.0000000000
       -0.0024113349       -0.0000001100        0.0005693400
       -0.0014514050       -0.0000001199       -0.0010808350
       -0.0015803398       -0.0000000249        0.0000308449
       -0.0000775800       -0.0000000200       -0.0000532599
        0.3423391900        0.0000703301       -0.1971985799
       -0.1684091249        0.1739174601        0.0988683450
       -0.1684091350       -0.1738509499        0.0988683351
        0.0000000000       -0.0000000050       -0.0000000050
        0.0000000000        0.0000000000       -0.0000000099
       -0.0000000050        0.0000000000        0.0000000000
        0.0000000000       -0.0000000050        0.0000000000
       -0.0000000800        0.0015460350       -0.0000000252
        0.0000001899       -0.0031946850       -0.0000000600
       -0.0000000050        0.0003552150       -0.0000000051
       -0.0000000200       -0.0001872002       -0.0000000151
        0.0000703301        0.6881239702       -0.0000015000
        0.2279267999       -0.3433217600       -0.1352439951
       -0.2278569302       -0.3433217600        0.1352417299
        0.0000000000       -0.0000000099       -0.0000000099
       -0.0000000099       -0.0000000050       -0.0000000099
       -0.0000000050        0.0000000000       -0.0000000050
        0.0000000000       -0.0000000050       -0.0000000050
        0.0003760552       -0.0000000949        0.0008375601
       -0.0001923199       -0.0000000900       -0.0015586649
        0.0000544851       -0.0000000249        0.0002786301
        0.0000270451       -0.0000000099       -0.0001280499
       -0.1971985799       -0.0000015000        0.1172754298
        0.0984666050       -0.1030630649       -0.0583524800
        0.0984666001        0.1030613302       -0.0583524999
        0.0000000000       -0.0000000050        0.0000000000
        0.0000000000        0.0000000000       -0.0000000050
        0.0000000000        0.0000000000        0.0000000000
        0.0000000000        0.0000000000        0.0000000000
       -0.0004418901       -0.0004340700       -0.0001641651
        0.0004696149        0.0011571650        0.0004915401
       -0.0001899849       -0.0000835799       -0.0000436201
       -0.0000396500        0.0000446799        0.0000195600
       -0.1684091249        0.2279267999        0.0984666050
        0.1611832701       -0.2015044950       -0.0944257802
        0.0074277600       -0.0270391349       -0.0043455601
        0.0000000000       -0.0000000050        0.0000000000
        0.0000000000        0.0000000000       -0.0000000050
        0.0000000000        0.0000000000        0.0000000000
        0.0000000000        0.0000000000        0.0000000000
       -0.0004055450       -0.0001541650        0.0000292049
        0.0013354951        0.0003628500       -0.0000596199
       -0.0003655549       -0.0000864699       -0.0000050750
        0.0000530051        0.0000347151       -0.0000024049
        0.1739174601       -0.3433217600       -0.1030630649
       -0.2015044950        0.3723605400        0.1191538000
        0.0270370650       -0.0291958000       -0.0160571601
       -0.0000000050       -0.0000000050       -0.0000000050
       -0.0000000050        0.0000000000       -0.0000000050
       -0.0000000050        0.0000000000        0.0000000000
        0.0000000000       -0.0000000050        0.0000000000
       -0.0000818451       -0.0000598202        0.0000227399
        0.0000063298        0.0000942499        0.0000285650
       -0.0000257401       -0.0000089101       -0.0000548602
        0.0000050548        0.0000054698        0.0000147000
        0.0988683450       -0.1352439951       -0.0583524800
       -0.0944257802        0.1191538000        0.0558907902
       -0.0043455552        0.0160555300        0.0024505398
        0.0000000050        0.0000000000        0.0000000000
        0.0000000000        0.0000000000        0.0000000000
        0.0000000050        0.0000000050        0.0000000050
        0.0000000050        0.0000000050        0.0000000050
       -0.0004418850        0.0004339699       -0.0001641700
        0.0004696049       -0.0011572600        0.0004915501
       -0.0001899899        0.0000835601       -0.0000436151
       -0.0000396450       -0.0000447100        0.0000195699
       -0.1684091350       -0.2278569302        0.0984666001
        0.0074277600        0.0270370650       -0.0043455552
        0.1611832701        0.2015717050       -0.0944257800
        0.0000000000        0.0000000000        0.0000000000
        0.0000000050        0.0000000050        0.0000000000
        0.0000000000        0.0000000050       -0.0000000050
        0.0000000000        0.0000000000        0.0000000000
        0.0004055050       -0.0001541700       -0.0000291750
       -0.0013354750        0.0003628401        0.0000595851
        0.0003655251       -0.0000864549        0.0000050750
       -0.0000530349        0.0000347251        0.0000023751
       -0.1738509499       -0.3433217600        0.1030613302
       -0.0270391349       -0.0291958000        0.0160555300
        0.2015717050        0.3723605400       -0.1191571801
       -0.0000000050       -0.0000000050        0.0000000000
        0.0000000000        0.0000000000       -0.0000000050
       -0.0000000050        0.0000000000        0.0000000000
        0.0000000000       -0.0000000050        0.0000000000
       -0.0000818551        0.0000597798        0.0000227300
        0.0000063099       -0.0000943051        0.0000285600
       -0.0000257550        0.0000088900       -0.0000548651
        0.0000050449       -0.0000054700        0.0000146900
        0.0988683351        0.1352417299       -0.0583524999
       -0.0043455601       -0.0160571601        0.0024505398
       -0.0944257800       -0.1191571801        0.0558908101
        0.0000000000       -0.0000000050        0.0000000000
        0.0000000000        0.0000000000       -0.0000000050
        0.0000000000        0.0000000000        0.0000000000
        0.0000000000        0.0000000000        0.0000000000
        0.0000000000       -0.0000000101        0.0000000000
        0.0000000050        0.0000000050       -0.0000000050
        0.0000000000        0.0000000000        0.0000000050
        0.0000000000        0.0000000000        0.0000000000
        0.0000000000        0.0000000000        0.0000000000
        0.0000000000       -0.0000000050        0.0000000050
        0.0000000000       -0.0000000050        0.0000000000
        0.0000000000        0.0000000000        0.0000000000
        0.0000000050        0.0000000050       -0.0000000050
        0.0000000099        0.0000000000        0.0000000050
        0.0000000000        0.0000000000        0.0000000050
       -0.0000000099       -0.0000000050       -0.0000000101
        0.0000000000       -0.0000000050       -0.0000000050
       -0.0000000050       -0.0000000050        0.0000000000
       -0.0000000050       -0.0000000050       -0.0000000050
       -0.0000000050       -0.0000000099       -0.0000000050
       -0.0000000050       -0.0000000050        0.0000000000
        0.0000000000       -0.0000000050       -0.0000000050
        0.0000000000        0.0000000099       -0.0000000050
       -0.0000000050        0.0000000000       -0.0000000099
        0.0000000000        0.0000000000        0.0000000000
       -0.0000000050        0.0000000000        0.0000000000
        0.0000000000       -0.0000000101       -0.0000000051
        0.0000000050        0.0000000050        0.0000000000
        0.0000000000        0.0000000000        0.0000000000
        0.0000000000        0.0000000050        0.0000000000
       -0.0000000050       -0.0000000099        0.0000000000
        0.0000000000       -0.0000000050        0.0000000000
        0.0000000000        0.0000000000        0.0000000000
        0.0000000000       -0.0000000050        0.0000000000
        0.0000000000        0.0000000000        0.0000000000
        0.0000000050        0.0000000000        0.0000000000
        0.0000000050        0.0000000000        0.0000000050
        0.0000000000       -0.0000000101        0.0000000050
        0.0000000050        0.0000000050        0.0000000000
        0.0000000000        0.0000000000        0.0000000050
        0.0000000000        0.0000000099        0.0000000000
        0.0000000000       -0.0000000099        0.0000000000
        0.0000000000       -0.0000000050        0.0000000000
        0.0000000050        0.0000000000        0.0000000000
        0.0000000050       -0.0000000050        0.0000000000
        0.0000000000        0.0000000000        0.0000000000
        0.0000000050        0.0000000050        0.0000000000
        0.0000000050        0.0000000000        0.0000000000
        0.0000000000       -0.0000000101       -0.0000000051
        0.0000000000        0.0000000050       -0.0000000050
        0.0000000000        0.0000000000        0.0000000000
       -0.0000000051        0.0000000050        0.0000000000
        0.0000000000       -0.0000000050        0.0000000000
        0.0000000000        0.0000000000        0.0000000000
        0.0000000050        0.0000000000        0.0000000000
        0.0000000050        0.0000000000        0.0000000000
        0.0000000000        0.0000000000        0.0000000000
        0.0000000000        0.0000000050        0.0000000000
        0.0000000050        0.0000000050        0.0000000000
       -0.0000000099       -0.0000000151       -0.0000000050
        0.0000000000        0.0000000000       -0.0000000050
       -0.0000000050       -0.0000000050       -0.0000000050
       -0.0000000050        0.0000000000       -0.0000000050
       -0.0000000099       -0.0000000099       -0.0000000050
       -0.0000000050       -0.0000000050        0.0000000000
        0.0000000000       -0.0000000050       -0.0000000050
       -0.0000000050       -0.0000000099        0.0000000000
        0.0000000000        0.0000000000        0.0000000099
       -0.0000000050       -0.0000000050       -0.0000000050
        0.0000000000       -0.0000000050       -0.0000000050
        0.0000000000       -0.0000000101        0.0000000000
        0.0000000050        0.0000000050        0.0000000000
        0.0000000000        0.0000000000        0.0000000000
        0.0000000000        0.0000000000        0.0000000000
       -0.0000000050       -0.0000000050        0.0000000000
        0.0000000000       -0.0000000050        0.0000000050
        0.0000000000       -0.0000000050        0.0000000000
        0.0000000099        0.0000000000        0.0000000050
        0.0000000050        0.0000000000       -0.0000000050
        0.0000000000        0.0000000050        0.0000000050
        0.0000000000        0.0000000099        0.0000000000
        0.0000000000        0.0000000000        0.0000000050
        0.0000000050        0.0000000050       -0.0000000050
        0.0000000000        0.0000000000        0.0000000000
       -0.0000000051        0.0000000000        0.0000000000
        0.0000000000        0.0000000000        0.0000000000
        0.0000000000        0.0000000000        0.0000000050
        0.0000000050        0.0000000000        0.0000000000
        0.0000000000        0.0000000000        0.0000000000
        0.0000000050        0.0000000050       -0.0000000050
        0.0000000050        0.0000000000        0.0000000000
        0.0000000000        0.0000000050        0.0000000000
        0.0000000000       -0.0000000101       -0.0000000051
        0.0000000050        0.0000000000       -0.0000000050
        0.0000000000        0.0000000000        0.0000000000
        0.0000000000        0.0000000000        0.0000000000
        0.0000000000       -0.0000000050        0.0000000000
        0.0000000000        0.0000000000        0.0000000050
       -0.0000000050        0.0000000000        0.0000000000
        0.0000000050        0.0000000000        0.0000000000
        0.0000000000        0.0000000000       -0.0000000050
        0.0000000050        0.0000000000        0.0000000000
        0.0000000050        0.0000000099        0.0000000000
        0.0000000000       -0.0000000101        0.0000000000
        0.0000000000        0.0000000050       -0.0000000050
        0.0000000051        0.0000000000        0.0000000000
       -0.0000000051        0.0000000000        0.0000000000
        0.0000000000        0.0000000000        0.0000000000
        0.0000000000        0.0000000000        0.0000000050
        0.0000000000        0.0000000000        0.0000000000
        0.0000000000       -0.0000000050        0.0000000050
        0.0000000050        0.0000000050        0.0000000000
        0.0000000000        0.0000000000        0.0000000050
        0.0000000000        0.0000000050        0.0000000050
       -0.0000000050        0.0000000000       -0.0000000051
        0.0000000000        0.0000000000        0.0000000000
        0.0000000000        0.0000000000        0.0000000000
        0.0000000000        0.0000000050        0.0000000000
       -0.0000000050       -0.0000000050        0.0000000000
        0.0000000000       -0.0000000050        0.0000000050
        0.0000000000       -0.0000000050        0.0000000000
        0.0000000000        0.0000000000        0.0000000000
        0.0000000000        0.0000000050       -0.0000000050
        0.0000000099        0.0000000050        0.0000000099
        0.0000000050        0.0000000000        0.0000000000
        0.0000000000        0.0000000000       -0.0000000051
        0.0000000050        0.0000000050        0.0000000000
        0.0000000000        0.0000000000        0.0000000000
        0.0000000000        0.0000000000        0.0000000000
        0.0000000000       -0.0000000050        0.0000000000
        0.0000000000        0.0000000000        0.0000000050
        0.0000000000        0.0000000000        0.0000000000
        0.0000000050        0.0000000000        0.0000000050
        0.0000000000        0.0000000000       -0.0000000050
        0.0000000000        0.0000000000        0.0000000000
        0.0000000050        0.0000000000        0.0000000000
