   17   51
        0.6756490498       -0.0000125098        0.0302983049
       -0.1207964250        0.0412529552        0.0353155050
       -0.1207963700       -0.0412424599        0.0353156102
       -0.0223575599        0.0363773752        0.0152174101
       -0.0223573501       -0.0363770449        0.0152173752
        0.0053365599        0.0000000101        0.0011202150
        0.0026971101        0.0001599801        0.0012902200
        0.0026971851       -0.0001595699        0.0012903502
       -0.0080170649        0.0002373399       -0.0015882600
       -0.0080173949       -0.0002373149       -0.0015882149
       -0.0001799100       -0.0000000398        0.0002278502
        0.0006799951        0.0000001801       -0.0003155398
       -0.0004580700       -0.0048694298        0.0065022751
       -0.0004581197        0.0048695649        0.0065022851
        0.0085856200        0.0139029351       -0.0075095599
        0.0085854701       -0.0139036048       -0.0075094049
       -0.4007918298       -0.0000247597       -0.1298087749
       -0.0000125098        0.4779888198        0.0000080051
        0.0331828700       -0.1688915748       -0.0639041801
       -0.0331735950       -0.1688918049        0.0639069451
        0.0074698202       -0.0037271948       -0.0019908350
       -0.0074711750       -0.0037272248        0.0019905100
       -0.0000002001       -0.0011064348       -0.0000002299
       -0.0010783300        0.0004549752        0.0004771501
        0.0010784701        0.0004550000       -0.0004772048
       -0.0004552449        0.0014493199       -0.0005855399
        0.0004552551        0.0014490702        0.0005855101
       -0.0000000149       -0.0003235598       -0.0000000499
       -0.0000001098        0.0005303501        0.0000000152
       -0.0085801450       -0.0123439999        0.0108004151
        0.0085799151       -0.0123441150       -0.0108011749
       -0.0169714600       -0.0276212049        0.0140360051
        0.0169700651       -0.0276211048       -0.0140370749
       -0.0000234049       -0.0557302099        0.0000010651
        0.0302983049        0.0000080051        0.2193050901
        0.0132380448       -0.0197866601       -0.0847140402
        0.0132382898        0.0197902850       -0.0847139451
       -0.0021487649        0.0058156500        0.0049909150
       -0.0021484902       -0.0058161001        0.0049909099
        0.0007536099       -0.0000000151        0.0002494549
        0.0008445400        0.0008336301        0.0014156649
        0.0008445899       -0.0008337901        0.0014157150
       -0.0026182950        0.0003628247        0.0000848999
       -0.0026184252       -0.0003627351        0.0000848050
       -0.0006970600       -0.0000000350        0.0001801600
       -0.0000724900        0.0000002250       -0.0001742599
        0.0197631698        0.0335675449       -0.0140499751
        0.0197630850       -0.0335674652       -0.0140500100
       -0.0047969500       -0.0078024651        0.0039210400
       -0.0047969850        0.0078017450        0.0039210749
       -0.0788623399        0.0000001801       -0.0428573300
       -0.1207964250        0.0331828700        0.0132380448
        0.5058128801        0.0678603450       -0.0171627302
        0.0127430799       -0.0097983101       -0.0048523751
       -0.1792436849       -0.0046496199       -0.0406963551
        0.0009986297       -0.0000861000       -0.0003594900
       -0.0230723302       -0.0069921651       -0.0045914801
       -0.0040799901        0.0000224000        0.0001638598
       -0.0000848050        0.0001688650       -0.0000851200
       -0.0105044751       -0.0014035101       -0.0051176150
       -0.0007395901        0.0007132900        0.0001346849
        0.0008148049        0.0015551251       -0.0005632300
        0.0001319201       -0.0016908950        0.0004892851
       -0.0008512652       -0.0021272950        0.0005238451
       -0.0502206500       -0.0033022752       -0.0101129100
       -0.0012985251       -0.0048869850        0.0012950200
       -0.1155435051       -0.1029495050        0.0493082250
       -0.0140677349        0.0344048500        0.0183568100
        0.0412529552       -0.1688915748       -0.0197866601
        0.0678603450        0.5535231497       -0.0456563249
        0.0097961501       -0.0407597399       -0.0149882200
        0.0018892051       -0.0790162198        0.0029869702
       -0.0002687000        0.0020547002       -0.0010210199
       -0.0315207400        0.0011006051       -0.0096250950
        0.0013474751       -0.0009947298       -0.0005356549
       -0.0000563699       -0.0004656349       -0.0001039949
        0.0261957251       -0.0006340049        0.0098991501
        0.0009816500        0.0004110501        0.0000823451
        0.0006830601        0.0011231151       -0.0006615198
       -0.0037804898       -0.0060346248        0.0018754453
        0.0026268600        0.0048403803       -0.0020042448
       -0.0034258649       -0.0521613849        0.0069013551
       -0.0030543649       -0.0032119699        0.0013209301
       -0.1085146498       -0.2098048398        0.0772916002
       -0.0019898749       -0.0010790548       -0.0060029798
        0.0353155050       -0.0639041801       -0.0847140402
       -0.0171627302       -0.0456563249        0.5497902401
       -0.0048524502        0.0149868650       -0.0025671501
       -0.0369376151       -0.0003194249       -0.0939430602
       -0.0009739853       -0.0014880500       -0.0000895650
        0.0095732300       -0.0007079801        0.0044373598
       -0.0353027902       -0.0005946900       -0.0119303101
       -0.0000993001       -0.0002388600        0.0001372351
        0.0146861800       -0.0003528253        0.0025802649
        0.0001999598        0.0002622150       -0.0000485652
        0.0016707800        0.0005491300       -0.0000297251
        0.0019803599        0.0026894500       -0.0004194399
       -0.0000335102        0.0051829200        0.0019374900
       -0.0086462350        0.0057810998       -0.2770378151
        0.0010871598        0.0032381949       -0.0004374252
        0.0476309050        0.0716748150       -0.0847272550
       -0.0081695600        0.0088710699       -0.0029392000
       -0.1207963700       -0.0331735950        0.0132382898
        0.0127430799        0.0097961501       -0.0048524502
        0.5058127101       -0.0678335650       -0.0171624551
        0.0009985851        0.0000858100       -0.0003593100
       -0.1792432403        0.0046329899       -0.0406964601
       -0.0230722851        0.0069909049       -0.0045914952
       -0.0000848901       -0.0001689349       -0.0000851102
       -0.0040797650       -0.0000227099        0.0001640350
       -0.0007393551       -0.0007131851        0.0001349198
       -0.0105044701        0.0014030199       -0.0051174800
        0.0008147850       -0.0015550300       -0.0005629352
        0.0001321550        0.0016908498        0.0004895401
       -0.0502205702        0.0033040649       -0.0101130500
       -0.0008512299        0.0021271349        0.0005239349
       -0.1155431301        0.1029764699        0.0493084099
       -0.0012984701        0.0048868699        0.0012951250
       -0.0140676400       -0.0344055749        0.0183569050
       -0.0412424599       -0.1688918049        0.0197902850
       -0.0097983101       -0.0407597399        0.0149868650
       -0.0678335650        0.5535232799        0.0456317001
        0.0002684301        0.0020545352        0.0010210199
       -0.0019062301       -0.0790162699       -0.0029878949
        0.0315204551        0.0011004050        0.0096246200
        0.0000564251       -0.0004656948        0.0001037751
       -0.0013478100       -0.0009947449        0.0005355150
       -0.0009816900        0.0004112600       -0.0000825500
       -0.0261957202       -0.0006343549       -0.0098993949
       -0.0006831050        0.0011231201        0.0006612350
        0.0037801951       -0.0060347399       -0.0018757449
        0.0034273600       -0.0521614449       -0.0069289949
       -0.0026269649        0.0048401751        0.0020040051
        0.1085402451       -0.2098048550       -0.0772913501
        0.0030541349       -0.0032120049       -0.0013213300
        0.0019893150       -0.0010792598        0.0060029751
        0.0353156102        0.0639069451       -0.0847139451
       -0.0048523751       -0.0149882200       -0.0025671501
       -0.0171624551        0.0456317001        0.5497900000
       -0.0009741049        0.0014882451       -0.0000892449
       -0.0369371450        0.0003189899       -0.0939430400
        0.0095731200        0.0007080450        0.0044374700
       -0.0000991950        0.0002389501        0.0001374399
       -0.0353024900        0.0005942100       -0.0119302099
        0.0002001450       -0.0002618901       -0.0000483951
        0.0146863199        0.0003533351        0.0025802700
        0.0016708151       -0.0005491850       -0.0000297901
        0.0019804351       -0.0026891900       -0.0004190998
       -0.0086461752       -0.0058118650       -0.2770376400
       -0.0000335849       -0.0051827752        0.0019376651
        0.0476309550       -0.0716718101       -0.0847272051
        0.0010869701       -0.0032379450       -0.0004372750
       -0.0081694100       -0.0088718400       -0.0029392199
       -0.0223575599        0.0074698202       -0.0021487649
       -0.1792436849        0.0018892051       -0.0369376151
        0.0009985851        0.0002684301       -0.0009741049
        0.4763096598       -0.0542344698       -0.0168303750
        0.0105672150        0.0119086101       -0.0056787900
       -0.1049893899       -0.0431032700        0.0172949350
       -0.0458241549        0.0015582802       -0.0041643951
        0.0001728752       -0.0001491100       -0.0003090648
       -0.0989526748        0.0959562300        0.0431834101
       -0.0017261200        0.0046526300        0.0012898600
       -0.0018701449       -0.0023078799        0.0000754751
       -0.0135491698       -0.0272074699        0.0120162052
       -0.0001978501        0.0002158252        0.0001051252
       -0.0038318099       -0.0004263350       -0.0001169448
       -0.0001678799       -0.0004992100        0.0000248201
       -0.0153884750        0.0018484151       -0.0067071949
        0.0000479852        0.0021723301       -0.0001592198
        0.0363773752       -0.0037271948        0.0058156500
       -0.0046496199       -0.0790162198       -0.0003194249
        0.0000858100        0.0020545352        0.0014882451
       -0.0542344698        0.5408707997        0.0326709650
       -0.0119103049       -0.0306976348        0.0083488452
       -0.0430511299       -0.1513297698        0.0290587901
        0.0020659800       -0.0495779048        0.0130235151
       -0.0010773348        0.0016027852        0.0004693003
        0.0950815051       -0.2210397449       -0.0811403798
        0.0029660050       -0.0035372348       -0.0014593999
       -0.0005631199       -0.0027083198        0.0001612501
        0.0007560301        0.0000356401        0.0006273852
       -0.0000521349       -0.0004144749        0.0003142151
        0.0004475253        0.0003976299        0.0013986802
       -0.0006539598        0.0002024152        0.0000090502
       -0.0257004250        0.0030370653       -0.0096495749
        0.0041289701       -0.0061536197       -0.0008460398
        0.0152174101       -0.0019908350        0.0049909150
       -0.0406963551        0.0029869702       -0.0939430602
       -0.0003593100        0.0010210199       -0.0000892449
       -0.0168303750        0.0326709650        0.5875263599
       -0.0056783801       -0.0083498200        0.0045955599
        0.0165356850        0.0289901500       -0.0928691051
       -0.0022419650        0.0122819550       -0.3074794701
       -0.0004112950       -0.0010382450        0.0003651651
        0.0417269750       -0.0799877600       -0.0861694249
        0.0015638800       -0.0031029799       -0.0002119950
        0.0162122501        0.0302775402       -0.0106963449
       -0.0057567850       -0.0111420600        0.0030994552
       -0.0001647500       -0.0002816299        0.0002547701
       -0.0335504349        0.0022967099       -0.0119321798
        0.0000862850       -0.0001045299        0.0000111849
        0.0120548900       -0.0010365250        0.0030041400
        0.0022569201       -0.0035173299       -0.0004577549
       -0.0223573501       -0.0074711750       -0.0021484902
        0.0009986297       -0.0002687000       -0.0009739853
       -0.1792432403       -0.0019062301       -0.0369371450
        0.0105672150       -0.0119103049       -0.0056783801
        0.4763092602        0.0542546199       -0.0168302401
       -0.1049891053        0.0431147998        0.0172951248
        0.0001730649        0.0001491300       -0.0003088802
       -0.0458237001       -0.0015563100       -0.0041641300
       -0.0017256951       -0.0046528352        0.0012901948
       -0.0989525103       -0.0959382250        0.0431835149
       -0.0018699251        0.0023076448        0.0000757299
       -0.0135490900        0.0272074000        0.0120164100
       -0.0038314802        0.0004264500       -0.0001167450
       -0.0001978000       -0.0002158153        0.0001054499
       -0.0153883302       -0.0018490752       -0.0067068751
       -0.0001676651        0.0004993100        0.0000249499
        0.0000481799       -0.0021728650       -0.0001590600
       -0.0363770449       -0.0037272248       -0.0058161001
       -0.0000861000        0.0020547002       -0.0014880500
        0.0046329899       -0.0790162699        0.0003189899
        0.0119086101       -0.0306976348       -0.0083498200
        0.0542546199        0.5408707699       -0.0326974849
        0.0430637000       -0.1513296549       -0.0290604851
        0.0010774650        0.0016027101       -0.0004694800
       -0.0020638049       -0.0495777600       -0.0130519199
       -0.0029659400       -0.0035371001        0.0014592351
       -0.0950650700       -0.2210397899        0.0811447200
        0.0005632100       -0.0027083499       -0.0001618199
       -0.0007563949        0.0000356501       -0.0006275647
       -0.0004478650        0.0003977200       -0.0013989448
        0.0000521501       -0.0004144100       -0.0003142549
        0.0257002100        0.0030370300        0.0096493849
        0.0006539049        0.0002023751       -0.0000092750
       -0.0041292350       -0.0061537548        0.0008460651
        0.0152173752        0.0019905100        0.0049909099
       -0.0003594900       -0.0010210199       -0.0000895650
       -0.0406964601       -0.0029878949       -0.0939430400
       -0.0056787900        0.0083488452        0.0045955599
       -0.0168302401       -0.0326974849        0.5875265799
        0.0165356299       -0.0289920601       -0.0928692000
       -0.0004116600        0.0010381801        0.0003649750
       -0.0022419749       -0.0123140050       -0.3074794449
        0.0015638801        0.0031027699       -0.0002119450
        0.0417268049        0.0799948101       -0.0861694849
        0.0162121449       -0.0302779100       -0.0106964350
       -0.0057568150        0.0111419700        0.0030993202
       -0.0335504001       -0.0022973749       -0.0119321599
       -0.0001648600        0.0002816999        0.0002547301
        0.0120548449        0.0010366999        0.0030039850
        0.0000861949        0.0001047002        0.0000110050
        0.0022568452        0.0035169901       -0.0004578249
        0.0053365599       -0.0000002001        0.0007536099
       -0.0230723302       -0.0315207400        0.0095732300
       -0.0230722851        0.0315204551        0.0095731200
       -0.1049893899       -0.0430511299        0.0165356850
       -0.1049891053        0.0430637000        0.0165356299
        0.5721751401       -0.0000003752        0.0368956199
       -0.0012122801       -0.0001298150        0.0001166549
       -0.0012122750        0.0001298700        0.0001166350
        0.0080746149        0.0128062798       -0.0052176001
        0.0080745599       -0.0128070850       -0.0052175200
       -0.0508014851        0.0000009301        0.0113332149
       -0.2767997499       -0.0000148052       -0.0898329799
        0.0019890498        0.0001644450        0.0009843200
        0.0019890051       -0.0001644901        0.0009844649
       -0.0062152601       -0.0006348000       -0.0016859201
       -0.0062153050        0.0006348500       -0.0016859551
        0.0009401650       -0.0000000200        0.0002084249
        0.0000000101       -0.0011064348       -0.0000000151
       -0.0069921651        0.0011006051       -0.0007079801
        0.0069909049        0.0011004050        0.0007080450
       -0.0431032700       -0.1513297698        0.0289901500
        0.0431147998       -0.1513296549       -0.0289920601
       -0.0000003752        0.4405278500       -0.0000168102
       -0.0019126851       -0.0029961249       -0.0000151250
        0.0019127800       -0.0029960650        0.0000149100
       -0.0153781251       -0.0214953651        0.0104570999
        0.0153770100       -0.0214956800       -0.0104579550
        0.0000009901       -0.0448735949       -0.0000144500
       -0.0000133849       -0.0461395950       -0.0000004648
       -0.0010047000       -0.0001386600        0.0000575650
        0.0010046551       -0.0001387602       -0.0000576550
       -0.0020551799        0.0009852749       -0.0004460500
        0.0020551199        0.0009853601        0.0004461350
        0.0000000851       -0.0006604499        0.0000000901
        0.0011202150       -0.0000002299        0.0002494549
       -0.0045914801       -0.0096250950        0.0044373598
       -0.0045914952        0.0096246200        0.0044374700
        0.0172949350        0.0290587901       -0.0928691051
        0.0172951248       -0.0290604851       -0.0928692000
        0.0368956199       -0.0000168102        0.5742080401
        0.0185050649        0.0286210749       -0.0097966851
        0.0185052899       -0.0286215250       -0.0097967549
       -0.0070827150       -0.0103741802        0.0029509950
       -0.0070827902        0.0103734499        0.0029508149
        0.0110054449       -0.0000161951       -0.3003644601
       -0.0885461951       -0.0000009152       -0.0832419749
       -0.0009101352        0.0009386599        0.0002553149
       -0.0009102000       -0.0009389201        0.0002551249
       -0.0034877000       -0.0000724951       -0.0002718151
       -0.0034878451        0.0000724400       -0.0002718299
        0.0000408650       -0.0000003300       -0.0002653151
        0.0026971101       -0.0010783300        0.0008445400
       -0.0040799901        0.0013474751       -0.0353027902
       -0.0000848901        0.0000564251       -0.0000991950
       -0.0458241549        0.0020659800       -0.0022419650
        0.0001730649        0.0010774650       -0.0004116600
       -0.0012122801       -0.0019126851        0.0185050649
        0.0538484400        0.0026714851        0.0050323298
        0.0003367050       -0.0000636200       -0.0004026749
       -0.0003878750       -0.0014912501        0.0144648399
       -0.0001530701        0.0001510450       -0.0001411800
       -0.0009920751       -0.0035710499        0.0009094251
        0.0002885801        0.0007130051        0.0000137852
       -0.0001251750       -0.0001715250        0.0001417401
       -0.0062393799        0.0008458048       -0.0021665799
        0.0000666699        0.0000544750        0.0000156700
        0.0014181700       -0.0002369650        0.0004421500
        0.0002694250       -0.0004561549        0.0003652050
        0.0001599801        0.0004549752        0.0008336301
        0.0000224000       -0.0009947298       -0.0005946900
       -0.0001689349       -0.0004656948        0.0002389501
        0.0015582802       -0.0495779048        0.0122819550
        0.0001491300        0.0016027101        0.0010381801
       -0.0001298150       -0.0029961249        0.0286210749
        0.0026714851        0.0528347698       -0.0157656200
        0.0000637552       -0.0003346399       -0.0006132497
       -0.0015134849        0.0015752200       -0.0263206600
       -0.0001645751        0.0002886502       -0.0003937599
       -0.0027709500       -0.0044810498        0.0019908001
        0.0004179201        0.0011806851       -0.0006634048
       -0.0000624600       -0.0000397999       -0.0002963398
       -0.0003316998        0.0009343799        0.0001574001
        0.0000798900        0.0000109701       -0.0000205550
        0.0000358550       -0.0000013048       -0.0004535698
       -0.0000154898        0.0000092052       -0.0000712649
        0.0012902200        0.0004771501        0.0014156649
        0.0001638598       -0.0005356549       -0.0119303101
       -0.0000851102        0.0001037751        0.0001374399
       -0.0041643951        0.0130235151       -0.3074794701
       -0.0003088802       -0.0004694800        0.0003649750
        0.0001166549       -0.0000151250       -0.0097966851
        0.0050323298       -0.0157656200        0.3344750601
       -0.0004027001        0.0006132750        0.0002011200
       -0.0008488901        0.0015233299       -0.0102856851
        0.0000584448       -0.0000174751        0.0002912350
        0.0011642749        0.0016435700        0.0008431799
        0.0003097250        0.0000147550        0.0004240751
        0.0000908398       -0.0001952949       -0.0000732051
       -0.0023969200       -0.0001530202        0.0005990600
       -0.0000334052        0.0000338498       -0.0000290350
       -0.0001237251       -0.0002482150        0.0005005199
        0.0001089751       -0.0000616851        0.0003412850
        0.0026971851        0.0010784701        0.0008445899
       -0.0000848050       -0.0000563699       -0.0000993001
       -0.0040797650       -0.0013478100       -0.0353024900
        0.0001728752       -0.0010773348       -0.0004112950
       -0.0458237001       -0.0020638049       -0.0022419749
       -0.0012122750        0.0019127800        0.0185052899
        0.0003367050        0.0000637552       -0.0004027001
        0.0538481899       -0.0026696499        0.0050324502
       -0.0001530249       -0.0001509100       -0.0001410150
       -0.0003878151        0.0014914951        0.0144648850
       -0.0009917750        0.0035711852        0.0009095801
        0.0002887651       -0.0007125600        0.0000138103
       -0.0062391200       -0.0008458200       -0.0021664299
       -0.0001250349        0.0001717449        0.0001417452
        0.0014185900        0.0002372900        0.0004421700
        0.0000666500       -0.0000541799        0.0000156851
        0.0002695901        0.0004558902        0.0003652700
       -0.0001595699        0.0004550000       -0.0008337901
        0.0001688650       -0.0004656349       -0.0002388600
       -0.0000227099       -0.0009947449        0.0005942100
       -0.0001491100        0.0016027852       -0.0010382450
       -0.0015563100       -0.0495777600       -0.0123140050
        0.0001298700       -0.0029960650       -0.0286215250
       -0.0000636200       -0.0003346399        0.0006132750
       -0.0026696499        0.0528345998        0.0157380852
        0.0001647250        0.0002889600        0.0003937350
        0.0015137050        0.0015752501        0.0263202951
        0.0027709150       -0.0044810999       -0.0019909149
       -0.0004177649        0.0011806802        0.0006635553
        0.0003316899        0.0009344501       -0.0001574749
        0.0000625751       -0.0000398350        0.0002961951
       -0.0000357699       -0.0000011849        0.0004534149
       -0.0000797399        0.0000109351        0.0000204950
        0.0000155352        0.0000092552        0.0000712102
        0.0012903502       -0.0004772048        0.0014157150
       -0.0000851200       -0.0001039949        0.0001372351
        0.0001640350        0.0005355150       -0.0119302099
       -0.0003090648        0.0004693003        0.0003651651
       -0.0041641300       -0.0130519199       -0.3074794449
        0.0001166350        0.0000149100       -0.0097967549
       -0.0004026749       -0.0006132497        0.0002011200
        0.0050324502        0.0157380852        0.3344750797
        0.0000585702        0.0000175051        0.0002912351
       -0.0008490149       -0.0015234748       -0.0102857949
        0.0011642851       -0.0016435798        0.0008431601
        0.0003097752       -0.0000147548        0.0004242354
       -0.0023967850        0.0001530552        0.0005990101
        0.0000905351        0.0001951750       -0.0000733448
       -0.0001236748        0.0002484401        0.0005005352
       -0.0000336298       -0.0000337748       -0.0000289749
        0.0001089902        0.0000612653        0.0003414401
       -0.0080170649       -0.0004552449       -0.0026182950
       -0.0105044751        0.0261957251        0.0146861800
       -0.0007393551       -0.0009816900        0.0002001450
       -0.0989526748        0.0950815051        0.0417269750
       -0.0017256951       -0.0029659400        0.0015638801
        0.0080746149       -0.0153781251       -0.0070827150
       -0.0003878750       -0.0015134849       -0.0008488901
       -0.0001530249        0.0001647250        0.0000585702
        0.1092154099       -0.1025099651       -0.0470732350
        0.0005971199       -0.0011030200       -0.0000750150
        0.0005430151        0.0008067451       -0.0001390049
        0.0004929052        0.0006663350       -0.0005654297
        0.0001545499        0.0001941700       -0.0000875049
        0.0012183501       -0.0001092900       -0.0004596299
        0.0001741199        0.0001327000       -0.0000271251
        0.0009609900       -0.0004552798        0.0007684250
       -0.0009494498        0.0022504351       -0.0000262600
        0.0002373399        0.0014493199        0.0003628247
       -0.0014035101       -0.0006340049       -0.0003528253
       -0.0007131851        0.0004112600       -0.0002618901
        0.0959562300       -0.2210397449       -0.0799877600
       -0.0046528352       -0.0035371001        0.0031027699
        0.0128062798       -0.0214953651       -0.0103741802
       -0.0014912501        0.0015752200        0.0015233299
       -0.0001509100        0.0002889600        0.0000175051
       -0.1025099651        0.2421766501        0.0861459449
        0.0011031298       -0.0014851501       -0.0004923301
        0.0005294550        0.0009743449        0.0002902799
       -0.0000718950        0.0008567150       -0.0005058999
        0.0000814248        0.0000336699        0.0000649798
        0.0002439199        0.0000511898        0.0003537851
        0.0000637149        0.0000980448       -0.0000415952
        0.0003437249        0.0003147200        0.0001441049
       -0.0003527850       -0.0000364599        0.0000188849
       -0.0015882600       -0.0005855399        0.0000848999
       -0.0051176150        0.0098991501        0.0025802649
        0.0001349198       -0.0000825500       -0.0000483951
        0.0431834101       -0.0811403798       -0.0861694249
        0.0012901948        0.0014592351       -0.0002119450
       -0.0052176001        0.0104570999        0.0029509950
        0.0144648399       -0.0263206600       -0.0102856851
       -0.0001410150        0.0003937350        0.0002912351
       -0.0470732350        0.0861459449        0.0890111400
       -0.0000748700        0.0004923849        0.0004230149
       -0.0005831001       -0.0002694249        0.0004813650
       -0.0001872050       -0.0007163800        0.0000286201
       -0.0000050701       -0.0000731801       -0.0000283349
        0.0006563151        0.0001051399        0.0000682699
        0.0000322601       -0.0000160699       -0.0000472400
        0.0006219949       -0.0001651848        0.0001063050
       -0.0003952650        0.0004208451        0.0007647000
       -0.0080173949        0.0004552551       -0.0026184252
       -0.0007395901        0.0009816500        0.0001999598
       -0.0105044701       -0.0261957202        0.0146863199
       -0.0017261200        0.0029660050        0.0015638800
       -0.0989525103       -0.0950650700        0.0417268049
        0.0080745599        0.0153770100       -0.0070827902
       -0.0001530701       -0.0001645751        0.0000584448
       -0.0003878151        0.0015137050       -0.0008490149
        0.0005971199        0.0011031298       -0.0000748700
        0.1092156401        0.1025276549       -0.0470733551
        0.0005428949       -0.0008065351       -0.0001391200
        0.0004928749       -0.0006658800       -0.0005655500
        0.0012182848        0.0001095349       -0.0004597851
        0.0001543350       -0.0001940602       -0.0000877550
        0.0009609198        0.0004556549        0.0007683400
        0.0001738299       -0.0001325101       -0.0000271700
       -0.0009496351       -0.0022505499       -0.0000261899
       -0.0002373149        0.0014490702       -0.0003627351
        0.0007132900        0.0004110501        0.0002622150
        0.0014030199       -0.0006343549        0.0003533351
        0.0046526300       -0.0035372348       -0.0031029799
       -0.0959382250       -0.2210397899        0.0799948101
       -0.0128070850       -0.0214956800        0.0103734499
        0.0001510450        0.0002886502       -0.0000174751
        0.0014914951        0.0015752501       -0.0015234748
       -0.0011030200       -0.0014851501        0.0004923849
        0.1025276549        0.2421769699       -0.0861396650
       -0.0005291049        0.0009741051       -0.0002903251
        0.0000719400        0.0008563801        0.0005059351
       -0.0002438000        0.0000511000       -0.0003539799
       -0.0000813598        0.0000334799       -0.0000650449
       -0.0003435150        0.0003144450       -0.0001442049
       -0.0000636248        0.0000976601        0.0000415451
        0.0003529601       -0.0000365648       -0.0000188899
       -0.0015882149        0.0005855101        0.0000848050
        0.0001346849        0.0000823451       -0.0000485652
       -0.0051174800       -0.0098993949        0.0025802700
        0.0012898600       -0.0014593999       -0.0002119950
        0.0431835149        0.0811447200       -0.0861694849
       -0.0052175200       -0.0104579550        0.0029508149
       -0.0001411800       -0.0003937599        0.0002912350
        0.0144648850        0.0263202951       -0.0102857949
       -0.0000750150       -0.0004923301        0.0004230149
       -0.0470733551       -0.0861396650        0.0890112599
       -0.0005829850        0.0002696301        0.0004813050
       -0.0001872699        0.0007167201        0.0000286302
        0.0006564750       -0.0001048400        0.0000683050
       -0.0000052799        0.0000732599       -0.0000283549
        0.0006220951        0.0001651701        0.0001063199
        0.0000322601        0.0000162852       -0.0000473901
       -0.0003953249       -0.0004211549        0.0007646051
       -0.0001799100       -0.0000000149       -0.0006970600
        0.0008148049        0.0006830601        0.0016707800
        0.0008147850       -0.0006831050        0.0016708151
       -0.0018701449       -0.0005631199        0.0162122501
       -0.0018699251        0.0005632100        0.0162121449
       -0.0508014851        0.0000009901        0.0110054449
       -0.0009920751       -0.0027709500        0.0011642749
       -0.0009917750        0.0027709150        0.0011642851
        0.0005430151        0.0005294550       -0.0005831001
        0.0005428949       -0.0005291049       -0.0005829850
        0.0519065699        0.0000009851       -0.0152092100
        0.0019436700       -0.0000001150       -0.0305213348
       -0.0000831551        0.0000695252       -0.0005093149
       -0.0000832350       -0.0000692651       -0.0005094149
        0.0002069901       -0.0000078050       -0.0002916150
        0.0002069750        0.0000082952       -0.0002916100
       -0.0001071099       -0.0000001150        0.0000668400
       -0.0000000398       -0.0003235598       -0.0000000350
        0.0015551251        0.0011231151        0.0005491300
       -0.0015550300        0.0011231201       -0.0005491850
       -0.0023078799       -0.0027083198        0.0302775402
        0.0023076448       -0.0027083499       -0.0302779100
        0.0000009301       -0.0448735949       -0.0000161951
       -0.0035710499       -0.0044810498        0.0016435700
        0.0035711852       -0.0044810999       -0.0016435798
        0.0008067451        0.0009743449       -0.0002694249
       -0.0008065351        0.0009741051        0.0002696301
        0.0000009851        0.0558786698       -0.0000140099
        0.0000000752       -0.0009946199       -0.0000002447
        0.0002499199        0.0002425251        0.0008140651
       -0.0002498248        0.0002423050       -0.0008141849
       -0.0003548749       -0.0000504299        0.0003144901
        0.0003549451       -0.0000504849       -0.0003146499
       -0.0000000850        0.0001126901        0.0000002152
        0.0002278502       -0.0000000499        0.0001801600
       -0.0005632300       -0.0006615198       -0.0000297251
       -0.0005629352        0.0006612350       -0.0000297901
        0.0000754751        0.0001612501       -0.0106963449
        0.0000757299       -0.0001618199       -0.0106964350
        0.0113332149       -0.0000144500       -0.3003644601
        0.0009094251        0.0019908001        0.0008431799
        0.0009095801       -0.0019909149        0.0008431601
       -0.0001390049        0.0002902799        0.0004813650
       -0.0001391200       -0.0002903251        0.0004813050
       -0.0152092100       -0.0000140099        0.3283663600
        0.0015182601       -0.0000000300       -0.0112896849
        0.0007951898        0.0001631150        0.0005410951
        0.0007949052       -0.0001632851        0.0005413001
       -0.0000484150       -0.0000368800        0.0003913351
       -0.0000485299        0.0000369850        0.0003912250
        0.0000430001       -0.0000002449        0.0000447451
        0.0006799951       -0.0000001098       -0.0000724900
        0.0001319201       -0.0037804898        0.0019803599
        0.0001321550        0.0037801951        0.0019804351
       -0.0135491698        0.0007560301       -0.0057567850
       -0.0135490900       -0.0007563949       -0.0057568150
       -0.2767997499       -0.0000133849       -0.0885461951
        0.0002885801        0.0004179201        0.0003097250
        0.0002887651       -0.0004177649        0.0003097752
        0.0004929052       -0.0000718950       -0.0001872050
        0.0004928749        0.0000719400       -0.0001872699
        0.0019436700        0.0000000752        0.0015182601
        0.3008610199       -0.0000124399        0.0951332802
        0.0002123150       -0.0000592000       -0.0000061549
        0.0002122751        0.0000593350       -0.0000061499
       -0.0010071099       -0.0002809701       -0.0003231850
       -0.0010071750        0.0002810452       -0.0003232699
        0.0001758501       -0.0000002099       -0.0000596599
        0.0000001801        0.0005303501        0.0000002250
       -0.0016908950       -0.0060346248        0.0026894500
        0.0016908498       -0.0060347399       -0.0026891900
       -0.0272074699        0.0000356401       -0.0111420600
        0.0272074000        0.0000356501        0.0111419700
       -0.0000148052       -0.0461395950       -0.0000009152
        0.0007130051        0.0011806851        0.0000147550
       -0.0007125600        0.0011806802       -0.0000147548
        0.0006663350        0.0008567150       -0.0007163800
       -0.0006658800        0.0008563801        0.0007167201
       -0.0000001150       -0.0009946199       -0.0000000300
       -0.0000124399        0.0539470599       -0.0000006898
       -0.0003047400        0.0000108651       -0.0001499949
        0.0003049750        0.0000109898        0.0001501151
        0.0019968100        0.0001849951        0.0002916150
       -0.0019966299        0.0001849251       -0.0002915699
        0.0000001951        0.0001894351        0.0000002501
       -0.0003155398        0.0000000152       -0.0001742599
        0.0004892851        0.0018754453       -0.0004194399
        0.0004895401       -0.0018757449       -0.0004190998
        0.0120162052        0.0006273852        0.0030994552
        0.0120164100       -0.0006275647        0.0030993202
       -0.0898329799       -0.0000004648       -0.0832419749
        0.0000137852       -0.0006634048        0.0004240751
        0.0000138103        0.0006635553        0.0004242354
       -0.0005654297       -0.0005058999        0.0000286201
       -0.0005655500        0.0005059351        0.0000286302
       -0.0305213348       -0.0000002447       -0.0112896849
        0.0951332802       -0.0000006898        0.0865883896
        0.0004331501       -0.0000440748        0.0004567602
        0.0004330953        0.0000441349        0.0004566252
        0.0004517253       -0.0000909598        0.0004471001
        0.0004518651        0.0000910752        0.0004470101
       -0.0001388997       -0.0000000747        0.0000440453
       -0.0004580700       -0.0085801450        0.0197631698
       -0.0008512652        0.0026268600       -0.0000335102
       -0.0502205702        0.0034273600       -0.0086461752
       -0.0001978501       -0.0000521349       -0.0001647500
       -0.0038314802       -0.0004478650       -0.0335504001
        0.0019890498       -0.0010047000       -0.0009101352
       -0.0001251750       -0.0000624600        0.0000908398
       -0.0062391200        0.0003316899       -0.0023967850
        0.0001545499        0.0000814248       -0.0000050701
        0.0012182848       -0.0002438000        0.0006564750
       -0.0000831551        0.0002499199        0.0007951898
        0.0002123150       -0.0003047400        0.0004331501
        0.0564619802        0.0036960999        0.0079905348
        0.0003039798       -0.0002519502       -0.0010922651
        0.0010833098        0.0003581498        0.0164768399
       -0.0000891301        0.0001012550       -0.0001734351
        0.0006725899        0.0000777000        0.0007376399
       -0.0048694298       -0.0123439999        0.0335675449
       -0.0021272950        0.0048403803        0.0051829200
        0.0033040649       -0.0521614449       -0.0058118650
        0.0002158252       -0.0004144749       -0.0002816299
        0.0004264500        0.0003977200       -0.0022973749
        0.0001644450       -0.0001386600        0.0009386599
       -0.0001715250       -0.0000397999       -0.0001952949
       -0.0008458200        0.0009344501        0.0001530552
        0.0001941700        0.0000336699       -0.0000731801
        0.0001095349        0.0000511000       -0.0001048400
        0.0000695252        0.0002425251        0.0001631150
       -0.0000592000        0.0000108651       -0.0000440748
        0.0036960999        0.0564568899       -0.0033974800
        0.0002520852        0.0009105649       -0.0021157749
       -0.0015293350        0.0005820301       -0.0248274600
       -0.0000920599        0.0002206151       -0.0005346598
        0.0012660701        0.0004191051       -0.0003494449
        0.0065022751        0.0108004151       -0.0140499751
        0.0005238451       -0.0020042448        0.0019374900
       -0.0101130500       -0.0069289949       -0.2770376400
        0.0001051252        0.0003142151        0.0002547701
       -0.0001167450       -0.0013989448       -0.0119321599
        0.0009843200        0.0000575650        0.0002553149
        0.0001417401       -0.0002963398       -0.0000732051
       -0.0021664299       -0.0001574749        0.0005990101
       -0.0000875049        0.0000649798       -0.0000283349
       -0.0004597851       -0.0003539799        0.0000683050
       -0.0005093149        0.0008140651        0.0005410951
       -0.0000061549       -0.0001499949        0.0004567602
        0.0079905348       -0.0033974800        0.3085200998
       -0.0010921597        0.0021155699        0.0003611900
       -0.0015912049       -0.0001266550       -0.0109628299
       -0.0000069599        0.0000284702        0.0005164300
       -0.0001257048        0.0005905402        0.0005733800
       -0.0004581197        0.0085799151        0.0197630850
       -0.0502206500       -0.0034258649       -0.0086462350
       -0.0008512299       -0.0026269649       -0.0000335849
       -0.0038318099        0.0004475253       -0.0335504349
       -0.0001978000        0.0000521501       -0.0001648600
        0.0019890051        0.0010046551       -0.0009102000
       -0.0062393799       -0.0003316998       -0.0023969200
       -0.0001250349        0.0000625751        0.0000905351
        0.0012183501        0.0002439199        0.0006563151
        0.0001543350       -0.0000813598       -0.0000052799
       -0.0000832350       -0.0002498248        0.0007949052
        0.0002122751        0.0003049750        0.0004330953
        0.0003039798        0.0002520852       -0.0010921597
        0.0564621598       -0.0036945100        0.0079904751
       -0.0000891549       -0.0001008399       -0.0001734499
        0.0010830350       -0.0003577999        0.0164768450
        0.0006724551       -0.0000776998        0.0007375002
        0.0048695649       -0.0123441150       -0.0335674652
       -0.0033022752       -0.0521613849        0.0057810998
        0.0021271349        0.0048401751       -0.0051827752
       -0.0004263350        0.0003976299        0.0022967099
       -0.0002158153       -0.0004144100        0.0002816999
       -0.0001644901       -0.0001387602       -0.0009389201
        0.0008458048        0.0009343799       -0.0001530202
        0.0001717449       -0.0000398350        0.0001951750
       -0.0001092900        0.0000511898        0.0001051399
       -0.0001940602        0.0000334799        0.0000732599
       -0.0000692651        0.0002423050       -0.0001632851
        0.0000593350        0.0000109898        0.0000441349
       -0.0002519502        0.0009105649        0.0021155699
       -0.0036945100        0.0564570502        0.0033713799
        0.0000922749        0.0002207648        0.0005346149
        0.0015295599        0.0005818499        0.0248272899
       -0.0012660900        0.0004188149        0.0003495850
        0.0065022851       -0.0108011749       -0.0140500100
       -0.0101129100        0.0069013551       -0.2770378151
        0.0005239349        0.0020040051        0.0019376651
       -0.0001169448        0.0013986802       -0.0119321798
        0.0001054499       -0.0003142549        0.0002547301
        0.0009844649       -0.0000576550        0.0002551249
       -0.0021665799        0.0001574001        0.0005990600
        0.0001417452        0.0002961951       -0.0000733448
       -0.0004596299        0.0003537851        0.0000682699
       -0.0000877550       -0.0000650449       -0.0000283549
       -0.0005094149       -0.0008141849        0.0005413001
       -0.0000061499        0.0001501151        0.0004566252
       -0.0010922651       -0.0021157749        0.0003611900
        0.0079904751        0.0033713799        0.3085200998
       -0.0000069051       -0.0000284849        0.0005164351
       -0.0015912698        0.0001265600       -0.0109629198
       -0.0001256049       -0.0005909099        0.0005733700
        0.0085856200       -0.0169714600       -0.0047969500
       -0.0012985251       -0.0030543649        0.0010871598
       -0.1155431301        0.1085402451        0.0476309550
       -0.0001678799       -0.0006539598        0.0000862850
       -0.0153883302        0.0257002100        0.0120548449
       -0.0062152601       -0.0020551799       -0.0034877000
        0.0000666699        0.0000798900       -0.0000334052
        0.0014185900       -0.0000357699       -0.0001236748
        0.0001741199        0.0000637149        0.0000322601
        0.0009609198       -0.0003435150        0.0006220951
        0.0002069901       -0.0003548749       -0.0000484150
       -0.0010071099        0.0019968100        0.0004517253
        0.0010833098       -0.0015293350       -0.0015912049
       -0.0000891549        0.0000922749       -0.0000069051
        0.1260616000       -0.1110147100       -0.0511928701
        0.0004655500       -0.0009749749       -0.0001073050
        0.0006876900        0.0005428201       -0.0005752099
        0.0139029351       -0.0276212049       -0.0078024651
       -0.0048869850       -0.0032119699        0.0032381949
        0.1029764699       -0.2098048550       -0.0716718101
       -0.0004992100        0.0002024152       -0.0001045299
       -0.0018490752        0.0030370300        0.0010366999
       -0.0006348000        0.0009852749       -0.0000724951
        0.0000544750        0.0000109701        0.0000338498
        0.0002372900       -0.0000011849        0.0002484401
        0.0001327000        0.0000980448       -0.0000160699
        0.0004556549        0.0003144450        0.0001651701
       -0.0000078050       -0.0000504299       -0.0000368800
       -0.0002809701        0.0001849951       -0.0000909598
        0.0003581498        0.0005820301       -0.0001266550
       -0.0001008399        0.0002207648       -0.0000284849
       -0.1110147100        0.2361209400        0.0765421549
        0.0009752600       -0.0015792799       -0.0004850250
        0.0002094102        0.0005140650       -0.0008248699
       -0.0075095599        0.0140360051        0.0039210400
        0.0012950200        0.0013209301       -0.0004374252
        0.0493084099       -0.0772913501       -0.0847272051
        0.0000248201        0.0000090502        0.0000111849
       -0.0067068751        0.0096493849        0.0030039850
       -0.0016859201       -0.0004460500       -0.0002718151
        0.0000156700       -0.0000205550       -0.0000290350
        0.0004421700        0.0004534149        0.0005005352
       -0.0000271251       -0.0000415952       -0.0000472400
        0.0007683400       -0.0001442049        0.0001063199
       -0.0002916150        0.0003144901        0.0003913351
       -0.0003231850        0.0002916150        0.0004471001
        0.0164768399       -0.0248274600       -0.0109628299
       -0.0001734499        0.0005346149        0.0005164351
       -0.0511928701        0.0765421549        0.0866814000
       -0.0001073600        0.0004850951        0.0005579150
       -0.0003128950       -0.0008665450        0.0003378500
        0.0085854701        0.0169700651       -0.0047969850
       -0.1155435051       -0.1085146498        0.0476309050
       -0.0012984701        0.0030541349        0.0010869701
       -0.0153884750       -0.0257004250        0.0120548900
       -0.0001676651        0.0006539049        0.0000861949
       -0.0062153050        0.0020551199       -0.0034878451
        0.0014181700        0.0000358550       -0.0001237251
        0.0000666500       -0.0000797399       -0.0000336298
        0.0009609900        0.0003437249        0.0006219949
        0.0001738299       -0.0000636248        0.0000322601
        0.0002069750        0.0003549451       -0.0000485299
       -0.0010071750       -0.0019966299        0.0004518651
       -0.0000891301       -0.0000920599       -0.0000069599
        0.0010830350        0.0015295599       -0.0015912698
        0.0004655500        0.0009752600       -0.0001073600
        0.1260617699        0.1110411350       -0.0511931398
        0.0006875851       -0.0005427648       -0.0005753499
       -0.0139036048       -0.0276211048        0.0078017450
       -0.1029495050       -0.2098048398        0.0716748150
        0.0048868699       -0.0032120049       -0.0032379450
        0.0018484151        0.0030370653       -0.0010365250
        0.0004993100        0.0002023751        0.0001047002
        0.0006348500        0.0009853601        0.0000724400
       -0.0002369650       -0.0000013048       -0.0002482150
       -0.0000541799        0.0000109351       -0.0000337748
       -0.0004552798        0.0003147200       -0.0001651848
       -0.0001325101        0.0000976601        0.0000162852
        0.0000082952       -0.0000504849        0.0000369850
        0.0002810452        0.0001849251        0.0000910752
        0.0001012550        0.0002206151        0.0000284702
       -0.0003577999        0.0005818499        0.0001265600
       -0.0009749749       -0.0015792799        0.0004850951
        0.1110411350        0.2361210798       -0.0765399099
       -0.0002093898        0.0005140852        0.0008251801
       -0.0075094049       -0.0140370749        0.0039210749
        0.0493082250        0.0772916002       -0.0847272550
        0.0012951250       -0.0013213300       -0.0004372750
       -0.0067071949       -0.0096495749        0.0030041400
        0.0000249499       -0.0000092750        0.0000110050
       -0.0016859551        0.0004461350       -0.0002718299
        0.0004421500       -0.0004535698        0.0005005199
        0.0000156851        0.0000204950       -0.0000289749
        0.0007684250        0.0001441049        0.0001063050
       -0.0000271700        0.0000415451       -0.0000473901
       -0.0002916100       -0.0003146499        0.0003912250
       -0.0003232699       -0.0002915699        0.0004470101
       -0.0001734351       -0.0005346598        0.0005164300
        0.0164768450        0.0248272899       -0.0109629198
       -0.0001073050       -0.0004850250        0.0005579150
       -0.0511931398       -0.0765399099        0.0866814699
       -0.0003128299        0.0008662701        0.0003379101
       -0.4007918298       -0.0000234049       -0.0788623399
       -0.0140677349       -0.0019898749       -0.0081695600
       -0.0140676400        0.0019893150       -0.0081694100
        0.0000479852        0.0041289701        0.0022569201
        0.0000481799       -0.0041292350        0.0022568452
        0.0009401650        0.0000000851        0.0000408650
        0.0002694250       -0.0000154898        0.0001089751
        0.0002695901        0.0000155352        0.0001089902
       -0.0009494498       -0.0003527850       -0.0003952650
       -0.0009496351        0.0003529601       -0.0003953249
       -0.0001071099       -0.0000000850        0.0000430001
        0.0001758501        0.0000001951       -0.0001388997
        0.0006725899        0.0012660701       -0.0001257048
        0.0006724551       -0.0012660900       -0.0001256049
        0.0006876900        0.0002094102       -0.0003128950
        0.0006875851       -0.0002093898       -0.0003128299
        0.4264621398       -0.0000218149        0.0921745750
       -0.0000247597       -0.0557302099        0.0000001801
        0.0344048500       -0.0010790548        0.0088710699
       -0.0344055749       -0.0010792598       -0.0088718400
        0.0021723301       -0.0061536197       -0.0035173299
       -0.0021728650       -0.0061537548        0.0035169901
       -0.0000000200       -0.0006604499       -0.0000003300
       -0.0004561549        0.0000092052       -0.0000616851
        0.0004558902        0.0000092552        0.0000612653
        0.0022504351       -0.0000364599        0.0004208451
       -0.0022505499       -0.0000365648       -0.0004211549
       -0.0000001150        0.0001126901       -0.0000002449
       -0.0000002099        0.0001894351       -0.0000000747
        0.0000777000        0.0004191051        0.0005905402
       -0.0000776998        0.0004188149       -0.0005909099
        0.0005428201        0.0005140650       -0.0008665450
       -0.0005427648        0.0005140852        0.0008662701
       -0.0000218149        0.0687410397        0.0000001951
       -0.1298087749        0.0000010651       -0.0428573300
        0.0183568100       -0.0060029798       -0.0029392000
        0.0183569050        0.0060029751       -0.0029392199
       -0.0001592198       -0.0008460398       -0.0004577549
       -0.0001590600        0.0008460651       -0.0004578249
        0.0002084249        0.0000000901       -0.0002653151
        0.0003652050       -0.0000712649        0.0003412850
        0.0003652700        0.0000712102        0.0003414401
       -0.0000262600        0.0000188849        0.0007647000
       -0.0000261899       -0.0000188899        0.0007646051
        0.0000668400        0.0000002152        0.0000447451
       -0.0000596599        0.0000002501        0.0000440453
        0.0007376399       -0.0003494449        0.0005733800
        0.0007375002        0.0003495850        0.0005733700
       -0.0005752099       -0.0008248699        0.0003378500
       -0.0005753499        0.0008251801        0.0003379101
        0.0921745750        0.0000001951        0.0457939498
