   14   42
        0.6701134475        0.0000613837       -0.0001042663
       -0.1038952638       -0.0001013888        0.0000042662
       -0.2863193538        0.1345100412        0.0003961275
       -0.2863193538       -0.1343577987       -0.0005038963
        0.0031661525        0.0306461887       -0.0000401800
        0.0031661537       -0.0306457363        0.0000367625
        0.0000065900       -0.0000000038       -0.0000000137
        0.0001057125        0.0000000225       -0.0000000550
       -0.0000308600       -0.0000000175        0.0000001100
        0.0000083337       -0.0000000050       -0.0000000138
        0.0000000000        0.0000000000        0.0000000000
        0.0000000000        0.0000000000        0.0000000000
        0.0000000000        0.0000000000        0.0000000000
        0.0000000000        0.0000000000        0.0000000000
        0.0000613837        0.8914218076        0.0006197112
       -0.0001013888       -0.5962742238       -0.0004548963
        0.1397414574       -0.1360420575       -0.0003843150
       -0.1395864325       -0.1360420563       -0.0003843163
       -0.0041087326       -0.0115152788        0.0000562763
        0.0041042475       -0.0115152788        0.0000562763
        0.0000000400       -0.0000044388        0.0007930413
       -0.0000000225        0.0001796862        0.0005934224
       -0.0000001075       -0.0001868700       -0.0011435775
        0.0000000050       -0.0000201538       -0.0000009950
        0.0000000000        0.0000000000        0.0000000000
        0.0000000000        0.0000000000        0.0000000000
        0.0000000000        0.0000000000        0.0000000000
        0.0000000000        0.0000000000        0.0000000000
       -0.0001042663        0.0006197112        0.0890438451
        0.0000042649        0.0002873237       -0.0344739801
        0.0003578162       -0.0005588851       -0.0308360650
       -0.0004537813       -0.0005588850       -0.0308360650
        0.0000314549       -0.0000468863        0.0045647050
       -0.0000306538       -0.0000468863        0.0045647050
        0.0000000237       -0.0001385713       -0.0005803900
       -0.0000000038       -0.0001000663       -0.0006925238
        0.0000000050        0.0002839300       -0.0007452951
        0.0000000012        0.0000151262       -0.0000031513
        0.0000000000        0.0000000000        0.0000000000
        0.0000000000        0.0000000000        0.0000000000
        0.0000000000        0.0000000000        0.0000000000
        0.0000000000        0.0000000000        0.0000000000
       -0.1038952638       -0.0001013888        0.0000042649
        0.6701134501        0.0000613824       -0.0001042676
        0.0031661524        0.0306461849        0.0000367612
        0.0031661537       -0.0306457400       -0.0000401801
       -0.2863193551        0.1345100425       -0.0005038975
       -0.2863193551       -0.1343577988        0.0003961249
        0.0000065887       -0.0000000038       -0.0000000163
        0.0001057099        0.0000000212       -0.0000000563
       -0.0000308588       -0.0000000188        0.0000001100
        0.0000083325       -0.0000000063       -0.0000000151
        0.0000000000        0.0000000000        0.0000000000
        0.0000000000        0.0000000000        0.0000000000
        0.0000000000        0.0000000000        0.0000000000
        0.0000000000        0.0000000000        0.0000000000
       -0.0001013888       -0.5962742238        0.0002873237
        0.0000613824        0.8914218076       -0.0008729888
       -0.0041087313       -0.0115152825       -0.0000581838
        0.0041042475       -0.0115152800       -0.0000581838
        0.1397414574       -0.1360420550        0.0003474712
       -0.1395864313       -0.1360420550        0.0003474712
        0.0000000387       -0.0000044400       -0.0007931175
       -0.0000000212        0.0001796862       -0.0005936613
       -0.0000001075       -0.0001868700        0.0011442162
        0.0000000050       -0.0000201525        0.0000009975
        0.0000000012        0.0000000012        0.0000000012
        0.0000000000        0.0000000012        0.0000000012
        0.0000000012        0.0000000012        0.0000000012
        0.0000000012        0.0000000012        0.0000000012
        0.0000042662       -0.0004548963       -0.0344739801
       -0.0001042676       -0.0008729888        0.0890438451
       -0.0000306513        0.0000455999        0.0045647050
        0.0000314537        0.0000456012        0.0045647050
       -0.0004537838        0.0005264537       -0.0308360650
        0.0003578162        0.0005264537       -0.0308360650
        0.0000000237        0.0001386350       -0.0005803900
       -0.0000000013        0.0001001337       -0.0006925226
        0.0000000037       -0.0002840250       -0.0007452938
        0.0000000012       -0.0000151300       -0.0000031500
        0.0000000000        0.0000000000        0.0000000000
        0.0000000000        0.0000000000        0.0000000000
        0.0000000000        0.0000000000        0.0000000000
        0.0000000000        0.0000000000        0.0000000000
       -0.2863193538        0.1397414574        0.0003578162
        0.0031661524       -0.0041087313       -0.0000306513
        0.2947778551       -0.1496363926       -0.0005629413
       -0.0146932376        0.0145423250        0.0000648675
        0.0017738024       -0.0007068113        0.0000379337
        0.0014333149        0.0002164525       -0.0000102950
        0.0000251275       -0.0000316313       -0.0000419663
        0.0000625424       -0.0000554500        0.0000159724
       -0.0002140500        0.0001800087        0.0000646799
       -0.0000112276        0.0000093537        0.0000058787
        0.0000000000        0.0000000000        0.0000000000
        0.0000000000        0.0000000000        0.0000000000
        0.0000000000        0.0000000000        0.0000000000
        0.0000000000        0.0000000000        0.0000000000
        0.1345100412       -0.1360420575       -0.0005588851
        0.0306461849       -0.0115152825        0.0000455999
       -0.1496363926        0.1414523201        0.0004571188
       -0.0145456026        0.0100604450        0.0000643262
       -0.0007068113       -0.0053443600       -0.0000071188
       -0.0002163038        0.0014464674       -0.0000086675
       -0.0000158113        0.0000062424        0.0000224812
       -0.0000419988        0.0000233700       -0.0000304788
        0.0001569974       -0.0000877275       -0.0000114950
        0.0000073975        0.0000009587       -0.0000055863
        0.0000000000        0.0000000000        0.0000000000
        0.0000000000        0.0000000000        0.0000000000
        0.0000000000        0.0000000000        0.0000000000
        0.0000000000        0.0000000000        0.0000000000
        0.0003961275       -0.0003843150       -0.0308360650
        0.0000367612       -0.0000581838        0.0045647050
       -0.0005629413        0.0004571188        0.0190925000
       -0.0000662938        0.0000643275        0.0025006025
       -0.0000382563        0.0000066838        0.0127892425
       -0.0000102938        0.0000086525       -0.0082209088
       -0.0000185462        0.0000180462        0.0001353013
       -0.0001229925        0.0001135025        0.0000204987
        0.0002665262       -0.0002504487       -0.0000243225
        0.0000131962       -0.0000106613       -0.0000193375
        0.0000000000        0.0000000000        0.0000000000
        0.0000000000        0.0000000000        0.0000000000
        0.0000000000        0.0000000000        0.0000000000
        0.0000000000        0.0000000000        0.0000000000
       -0.2863193538       -0.1395864325       -0.0004537813
        0.0031661537        0.0041042475        0.0000314537
       -0.0146932376       -0.0145456026       -0.0000662938
        0.2947778551        0.1497893300        0.0004624399
        0.0014333149       -0.0002163000        0.0000102050
        0.0017738037        0.0007063549       -0.0000382576
        0.0000251275        0.0000316387        0.0000419437
        0.0000625424        0.0000554600       -0.0000160001
       -0.0002140500       -0.0001800038       -0.0000646263
       -0.0000112276       -0.0000093551       -0.0000058863
        0.0000000000        0.0000000000        0.0000000000
        0.0000000000        0.0000000000        0.0000000000
        0.0000000000        0.0000000000        0.0000000000
        0.0000000000        0.0000000000        0.0000000000
       -0.1343577987       -0.1360420563       -0.0005588850
       -0.0306457400       -0.0115152800        0.0000456012
        0.0145423250        0.0100604450        0.0000643275
        0.1497893300        0.1414523175        0.0004571213
        0.0002164525        0.0014464687       -0.0000086662
        0.0007063525       -0.0053443587       -0.0000071162
        0.0000158075        0.0000062437        0.0000224825
        0.0000419912        0.0000233712       -0.0000304763
       -0.0001570188       -0.0000877250       -0.0000114937
       -0.0000074025        0.0000009600       -0.0000055850
        0.0000000000        0.0000000000        0.0000000000
        0.0000000000        0.0000000000        0.0000000000
        0.0000000000        0.0000000000        0.0000000000
        0.0000000000        0.0000000000        0.0000000000
       -0.0005038963       -0.0003843163       -0.0308360650
       -0.0000401801       -0.0000581838        0.0045647050
        0.0000648675        0.0000643262        0.0025006025
        0.0004624399        0.0004571213        0.0190925000
        0.0000102050        0.0000086525       -0.0082209088
        0.0000379337        0.0000066825        0.0127892425
        0.0000185725        0.0000180462        0.0001353013
        0.0001229888        0.0001135013        0.0000204962
       -0.0002665700       -0.0002504487       -0.0000243213
       -0.0000131937       -0.0000106600       -0.0000193375
        0.0000000000        0.0000000000        0.0000000000
        0.0000000000        0.0000000000        0.0000000000
        0.0000000000        0.0000000000        0.0000000000
        0.0000000000        0.0000000000        0.0000000000
        0.0031661525       -0.0041087326        0.0000314549
       -0.2863193551        0.1397414574       -0.0004537838
        0.0017738024       -0.0007068113       -0.0000382563
        0.0014333149        0.0002164525        0.0000102050
        0.2947778551       -0.1496363888        0.0004624387
       -0.0146932363        0.0145423262       -0.0000662938
        0.0000251275       -0.0000316326        0.0000419437
        0.0000625437       -0.0000554513       -0.0000159988
       -0.0002140513        0.0001800087       -0.0000646251
       -0.0000112276        0.0000093537       -0.0000058863
        0.0000000000        0.0000000000        0.0000000000
        0.0000000000        0.0000000000        0.0000000000
        0.0000000000        0.0000000000        0.0000000000
        0.0000000000        0.0000000012        0.0000000012
        0.0306461887       -0.0115152788       -0.0000468863
        0.1345100425       -0.1360420550        0.0005264537
       -0.0007068113       -0.0053443600        0.0000066838
       -0.0002163000        0.0014464687        0.0000086525
       -0.1496363888        0.1414523150       -0.0004876975
       -0.0145456000        0.0100604487       -0.0000649763
       -0.0000158088        0.0000062450       -0.0000224950
       -0.0000419963        0.0000233737        0.0000304562
        0.0001570000       -0.0000877237        0.0000115412
        0.0000073987        0.0000009612        0.0000055812
        0.0000000000        0.0000000000        0.0000000000
        0.0000000000        0.0000000000        0.0000000000
        0.0000000000        0.0000000000        0.0000000000
        0.0000000000        0.0000000000        0.0000000000
       -0.0000401800        0.0000562763        0.0045647050
       -0.0005038975        0.0003474712       -0.0308360650
        0.0000379337       -0.0000071188        0.0127892425
        0.0000102050       -0.0000086662       -0.0082209088
        0.0004624387       -0.0004876975        0.0190925000
        0.0000648662       -0.0000649763        0.0025006025
        0.0000185725       -0.0000180200        0.0001353013
        0.0001229900       -0.0001135200        0.0000204962
       -0.0002665700        0.0002503912       -0.0000243225
       -0.0000131937        0.0000106650       -0.0000193375
        0.0000000000        0.0000000000        0.0000000000
        0.0000000000        0.0000000000        0.0000000000
        0.0000000000        0.0000000000        0.0000000000
        0.0000000000        0.0000000000        0.0000000000
        0.0031661537        0.0041042475       -0.0000306538
       -0.2863193551       -0.1395864313        0.0003578162
        0.0014333149       -0.0002163038       -0.0000102938
        0.0017738037        0.0007063525        0.0000379337
       -0.0146932363       -0.0145456000        0.0000648662
        0.2947778551        0.1497893324       -0.0005629401
        0.0000251275        0.0000316387       -0.0000419663
        0.0000625424        0.0000554600        0.0000159724
       -0.0002140500       -0.0001800025        0.0000646799
       -0.0000112288       -0.0000093551        0.0000058800
        0.0000000000        0.0000000000        0.0000000000
        0.0000000000        0.0000000000        0.0000000000
        0.0000000000        0.0000000000        0.0000000000
        0.0000000000        0.0000000000        0.0000000000
       -0.0306457363       -0.0115152788       -0.0000468863
       -0.1343577988       -0.1360420550        0.0005264537
        0.0002164525        0.0014464674        0.0000086525
        0.0007063549       -0.0053443587        0.0000066825
        0.0145423262        0.0100604487       -0.0000649763
        0.1497893324        0.1414523150       -0.0004876975
        0.0000158075        0.0000062437       -0.0000224975
        0.0000419912        0.0000233725        0.0000304562
       -0.0001570163       -0.0000877250        0.0000115400
       -0.0000074013        0.0000009612        0.0000055812
        0.0000000000        0.0000000000        0.0000000000
        0.0000000000        0.0000000000        0.0000000000
        0.0000000000        0.0000000000        0.0000000000
        0.0000000000        0.0000000000        0.0000000000
        0.0000367625        0.0000562763        0.0045647050
        0.0003961249        0.0003474712       -0.0308360650
       -0.0000102950       -0.0000086675       -0.0082209088
       -0.0000382576       -0.0000071162        0.0127892425
       -0.0000662938       -0.0000649763        0.0025006025
       -0.0005629401       -0.0004876975        0.0190925000
       -0.0000185462       -0.0000180200        0.0001353013
       -0.0001229913       -0.0001135200        0.0000204987
        0.0002665275        0.0002503900       -0.0000243213
        0.0000131962        0.0000106650       -0.0000193375
        0.0000000000        0.0000000000        0.0000000000
        0.0000000000        0.0000000000        0.0000000000
        0.0000000000        0.0000000000        0.0000000000
        0.0000000000        0.0000000000        0.0000000000
        0.0000065900        0.0000000400        0.0000000237
        0.0000065887        0.0000000387        0.0000000237
        0.0000251275       -0.0000158113       -0.0000185462
        0.0000251275        0.0000158075        0.0000185725
        0.0000251275       -0.0000158088        0.0000185725
        0.0000251275        0.0000158075       -0.0000185462
        0.0122277400        0.0000231800       -0.0002728288
        0.0004451975        0.0000139863       -0.0001773813
        0.0002178288       -0.0000010975        0.0000022850
       -0.0130022450        0.0000085550       -0.0000812400
        0.0000000000        0.0000000000        0.0000000000
        0.0000000000        0.0000000000        0.0000000000
        0.0000000000        0.0000000000        0.0000000000
        0.0000000000        0.0000000000        0.0000000000
       -0.0000000038       -0.0000044388       -0.0001385713
       -0.0000000038       -0.0000044400        0.0001386350
       -0.0000316313        0.0000062424        0.0000180462
        0.0000316387        0.0000062437        0.0000180462
       -0.0000316326        0.0000062450       -0.0000180200
        0.0000316387        0.0000062437       -0.0000180200
        0.0000231800        0.0121206676       -0.0002729375
        0.0000138699        0.0005993812       -0.0001774338
       -0.0000011338        0.0002736200        0.0000022975
        0.0000085562       -0.0130075288       -0.0000813175
        0.0000000000        0.0000000000        0.0000000000
        0.0000000000        0.0000000000        0.0000000000
        0.0000000000        0.0000000000        0.0000000000
        0.0000000000        0.0000000000        0.0000000000
       -0.0000000137        0.0007930413       -0.0005803900
       -0.0000000163       -0.0007931175       -0.0005803900
       -0.0000419663        0.0000224812        0.0001353013
        0.0000419437        0.0000224825        0.0001353013
        0.0000419437       -0.0000224950        0.0001353013
       -0.0000419663       -0.0000224975        0.0001353013
       -0.0002728288       -0.0002729375        1.5848787325
       -0.0001764688       -0.0001767900       -1.1480940325
        0.0000007113        0.0000004376        0.0103411175
       -0.0000907087       -0.0000907038       -0.4465032062
        0.0000000000        0.0000000000        0.0000000000
        0.0000000000        0.0000000000        0.0000000000
        0.0000000000        0.0000000000        0.0000000000
        0.0000000000        0.0000000000        0.0000000000
        0.0001057125       -0.0000000225       -0.0000000038
        0.0001057099       -0.0000000212       -0.0000000013
        0.0000625424       -0.0000419988       -0.0001229925
        0.0000625424        0.0000419912        0.0001229888
        0.0000625437       -0.0000419963        0.0001229900
        0.0000625424        0.0000419912       -0.0001229913
        0.0004451975        0.0000138699       -0.0001764688
        0.0139927275        0.0000236563       -0.0002724475
       -0.0150894925        0.0000084538       -0.0000795825
        0.0001921850       -0.0000011351        0.0000019187
        0.0000000000        0.0000000000        0.0000000000
       -0.0000000012        0.0000000000       -0.0000000012
        0.0000000000       -0.0000000012        0.0000000000
        0.0000000000        0.0000000000        0.0000000000
        0.0000000225        0.0001796862       -0.0001000663
        0.0000000212        0.0001796862        0.0001001337
       -0.0000554500        0.0000233700        0.0001135025
        0.0000554600        0.0000233712        0.0001135013
       -0.0000554513        0.0000233737       -0.0001135200
        0.0000554600        0.0000233725       -0.0001135200
        0.0000139863        0.0005993812       -0.0001767900
        0.0000236563        0.0136118200       -0.0002726313
        0.0000085363       -0.0148722837       -0.0000796850
       -0.0000011100        0.0002102563        0.0000018287
        0.0000000000        0.0000000000        0.0000000000
        0.0000000000        0.0000000000        0.0000000000
        0.0000000000        0.0000000000        0.0000000000
        0.0000000000        0.0000000000        0.0000000000
       -0.0000000550        0.0005934224       -0.0006925238
       -0.0000000563       -0.0005936613       -0.0006925226
        0.0000159724       -0.0000304788        0.0000204987
       -0.0000160001       -0.0000304763        0.0000204962
       -0.0000159988        0.0000304562        0.0000204962
        0.0000159724        0.0000304562        0.0000204987
       -0.0001773813       -0.0001774338       -1.1480940325
       -0.0002724475       -0.0002726313        1.5808029376
       -0.0000890863       -0.0000892362       -0.4390991538
        0.0000004012        0.0000003974        0.0076964174
        0.0000000000        0.0000000000        0.0000000000
        0.0000000000        0.0000000000        0.0000000000
        0.0000000000        0.0000000000        0.0000000000
        0.0000000000        0.0000000000        0.0000000000
       -0.0000308600       -0.0000001075        0.0000000050
       -0.0000308588       -0.0000001075        0.0000000037
       -0.0002140500        0.0001569974        0.0002665262
       -0.0002140500       -0.0001570188       -0.0002665700
       -0.0002140513        0.0001570000       -0.0002665700
       -0.0002140500       -0.0001570163        0.0002665275
        0.0002178288       -0.0000011338        0.0000007113
       -0.0150894925        0.0000085363       -0.0000890863
        0.0098324475        0.0000096450       -0.0000823687
        0.0059594000       -0.0000001675        0.0000001575
        0.0000000000       -0.0000000012        0.0000000000
        0.0000000000        0.0000000000        0.0000000000
        0.0000000000       -0.0000000012        0.0000000000
        0.0000000000        0.0000000000       -0.0000000012
       -0.0000000175       -0.0001868700        0.0002839300
       -0.0000000188       -0.0001868700       -0.0002840250
        0.0001800087       -0.0000877275       -0.0002504487
       -0.0001800038       -0.0000877250       -0.0002504487
        0.0001800087       -0.0000877237        0.0002503912
       -0.0001800025       -0.0000877250        0.0002503900
       -0.0000010975        0.0002736200        0.0000004376
        0.0000084538       -0.0148722837       -0.0000892362
        0.0000096450        0.0093569225       -0.0000825612
       -0.0000001662        0.0059685750        0.0000001675
        0.0000000000        0.0000000000        0.0000000000
        0.0000000000        0.0000000000        0.0000000000
        0.0000000000        0.0000000000        0.0000000000
        0.0000000000        0.0000000000        0.0000000000
        0.0000001100       -0.0011435775       -0.0007452951
        0.0000001100        0.0011442162       -0.0007452938
        0.0000646799       -0.0000114950       -0.0000243225
       -0.0000646263       -0.0000114937       -0.0000243213
       -0.0000646251        0.0000115412       -0.0000243225
        0.0000646799        0.0000115400       -0.0000243213
        0.0000022850        0.0000022975        0.0103411175
       -0.0000795825       -0.0000796850       -0.4390991538
       -0.0000823687       -0.0000825612        0.4305812026
        0.0000002787        0.0000002750       -0.0002317913
        0.0000000000        0.0000000000        0.0000000000
        0.0000000000       -0.0000000012        0.0000000000
        0.0000000000        0.0000000000        0.0000000000
        0.0000000000        0.0000000000        0.0000000000
        0.0000083337        0.0000000050        0.0000000012
        0.0000083325        0.0000000050        0.0000000012
       -0.0000112276        0.0000073975        0.0000131962
       -0.0000112276       -0.0000074025       -0.0000131937
       -0.0000112276        0.0000073987       -0.0000131937
       -0.0000112288       -0.0000074013        0.0000131962
       -0.0130022450        0.0000085562       -0.0000907087
        0.0001921850       -0.0000011100        0.0000004012
        0.0059594000       -0.0000001662        0.0000002787
        0.0068811551        0.0000098962       -0.0000840838
        0.0000000000        0.0000000000        0.0000000000
        0.0000000000        0.0000000000        0.0000000000
        0.0000000000        0.0000000000        0.0000000000
        0.0000000000        0.0000000000        0.0000000000
       -0.0000000050       -0.0000201538        0.0000151262
       -0.0000000063       -0.0000201525       -0.0000151300
        0.0000093537        0.0000009587       -0.0000106613
       -0.0000093551        0.0000009600       -0.0000106600
        0.0000093537        0.0000009612        0.0000106650
       -0.0000093551        0.0000009612        0.0000106650
        0.0000085550       -0.0130075288       -0.0000907038
       -0.0000011351        0.0002102563        0.0000003974
       -0.0000001675        0.0059685750        0.0000002750
        0.0000098962        0.0068674476       -0.0000840875
        0.0000000000        0.0000000000        0.0000000000
        0.0000000000        0.0000000000        0.0000000000
        0.0000000000        0.0000000000        0.0000000000
        0.0000000000        0.0000000000        0.0000000000
       -0.0000000138       -0.0000009950       -0.0000031513
       -0.0000000151        0.0000009975       -0.0000031500
        0.0000058787       -0.0000055863       -0.0000193375
       -0.0000058863       -0.0000055850       -0.0000193375
       -0.0000058863        0.0000055812       -0.0000193375
        0.0000058800        0.0000055812       -0.0000193375
       -0.0000812400       -0.0000813175       -0.4465032062
        0.0000019187        0.0000018287        0.0076964174
        0.0000001575        0.0000001675       -0.0002317913
       -0.0000840838       -0.0000840875        0.4391250950
        0.0000000000        0.0000000000        0.0000000000
        0.0000000000        0.0000000000        0.0000000000
        0.0000000000        0.0000000000        0.0000000000
        0.0000000000        0.0000000000        0.0000000000
        0.0000000000        0.0000000000        0.0000000000
        0.0000000000        0.0000000012        0.0000000000
        0.0000000000        0.0000000000        0.0000000000
        0.0000000000        0.0000000000        0.0000000000
        0.0000000000        0.0000000000        0.0000000000
        0.0000000000        0.0000000000        0.0000000000
        0.0000000000        0.0000000000        0.0000000000
        0.0000000000        0.0000000000        0.0000000000
        0.0000000000        0.0000000000        0.0000000000
        0.0000000000        0.0000000000        0.0000000000
        0.0000000000        0.0000000000        0.0000000000
        0.0000000000        0.0000000000        0.0000000000
        0.0000000000        0.0000000000        0.0000000000
        0.0000000000        0.0000000000        0.0000000000
        0.0000000000        0.0000000000        0.0000000000
        0.0000000000        0.0000000012        0.0000000000
        0.0000000000        0.0000000000        0.0000000000
        0.0000000000        0.0000000000        0.0000000000
        0.0000000000        0.0000000000        0.0000000000
        0.0000000000        0.0000000000        0.0000000000
        0.0000000000        0.0000000000        0.0000000000
        0.0000000000        0.0000000000        0.0000000000
       -0.0000000012        0.0000000000        0.0000000000
        0.0000000000        0.0000000000        0.0000000000
        0.0000000000        0.0000000000        0.0000000000
        0.0000000000        0.0000000000        0.0000000000
        0.0000000000        0.0000000000        0.0000000000
        0.0000000000        0.0000000000        0.0000000000
        0.0000000000        0.0000000000        0.0000000000
        0.0000000000        0.0000000012        0.0000000000
        0.0000000000        0.0000000000        0.0000000000
        0.0000000000        0.0000000000        0.0000000000
        0.0000000000        0.0000000000        0.0000000000
        0.0000000000        0.0000000000        0.0000000000
        0.0000000000        0.0000000000        0.0000000000
        0.0000000000        0.0000000000        0.0000000000
        0.0000000000        0.0000000000        0.0000000000
        0.0000000000        0.0000000000        0.0000000000
        0.0000000000        0.0000000000        0.0000000000
        0.0000000000        0.0000000000        0.0000000000
        0.0000000000        0.0000000000        0.0000000000
        0.0000000000        0.0000000000        0.0000000000
        0.0000000000        0.0000000000        0.0000000000
        0.0000000000        0.0000000000        0.0000000000
        0.0000000000        0.0000000000        0.0000000000
        0.0000000000        0.0000000000        0.0000000000
        0.0000000000        0.0000000000        0.0000000000
        0.0000000000        0.0000000000        0.0000000000
        0.0000000000        0.0000000000        0.0000000000
       -0.0000000012        0.0000000000        0.0000000000
        0.0000000000        0.0000000000        0.0000000000
        0.0000000000        0.0000000000        0.0000000000
        0.0000000000        0.0000000000        0.0000000000
        0.0000000000        0.0000000000        0.0000000000
        0.0000000000        0.0000000000        0.0000000000
        0.0000000000        0.0000000000        0.0000000000
        0.0000000000        0.0000000000        0.0000000000
        0.0000000000        0.0000000012        0.0000000000
        0.0000000000        0.0000000000        0.0000000000
        0.0000000000        0.0000000000        0.0000000000
        0.0000000000        0.0000000000        0.0000000000
        0.0000000000        0.0000000000        0.0000000000
        0.0000000000        0.0000000000        0.0000000000
        0.0000000000        0.0000000000        0.0000000000
        0.0000000000        0.0000000000       -0.0000000012
        0.0000000000        0.0000000000        0.0000000000
        0.0000000000        0.0000000000        0.0000000000
        0.0000000000        0.0000000000        0.0000000000
        0.0000000000        0.0000000000        0.0000000000
        0.0000000000        0.0000000000        0.0000000000
        0.0000000000        0.0000000000        0.0000000000
        0.0000000000        0.0000000012        0.0000000000
        0.0000000000        0.0000000000        0.0000000000
        0.0000000000        0.0000000000        0.0000000000
        0.0000000000        0.0000000000        0.0000000000
        0.0000000000        0.0000000000        0.0000000000
        0.0000000000        0.0000000000        0.0000000000
       -0.0000000012        0.0000000000        0.0000000000
        0.0000000000        0.0000000000        0.0000000000
        0.0000000000        0.0000000000        0.0000000000
        0.0000000000        0.0000000000        0.0000000000
        0.0000000000        0.0000000000        0.0000000000
        0.0000000000        0.0000000000        0.0000000000
        0.0000000000        0.0000000000        0.0000000000
        0.0000000000        0.0000000000        0.0000000000
        0.0000000000        0.0000000012        0.0000000000
        0.0000000000        0.0000000000        0.0000000000
        0.0000000000        0.0000000000        0.0000000000
        0.0000000000        0.0000000000        0.0000000000
        0.0000000000        0.0000000000        0.0000000000
        0.0000000000        0.0000000000        0.0000000000
        0.0000000000        0.0000000000        0.0000000000
        0.0000000000        0.0000000000        0.0000000000
        0.0000000000        0.0000000000        0.0000000000
        0.0000000000        0.0000000000        0.0000000000
        0.0000000000        0.0000000000        0.0000000000
        0.0000000000        0.0000000000        0.0000000000
        0.0000000000        0.0000000000        0.0000000000
        0.0000000000        0.0000000000        0.0000000000
        0.0000000000        0.0000000012        0.0000000000
        0.0000000000        0.0000000000        0.0000000000
        0.0000000000        0.0000000000        0.0000000000
        0.0000000000        0.0000000000        0.0000000000
        0.0000000000        0.0000000000        0.0000000000
        0.0000000000        0.0000000000        0.0000000000
       -0.0000000012        0.0000000000        0.0000000000
       -0.0000000012        0.0000000000        0.0000000000
        0.0000000000        0.0000000000        0.0000000000
        0.0000000000        0.0000000000        0.0000000000
        0.0000000000        0.0000000000        0.0000000000
        0.0000000000        0.0000000000        0.0000000000
        0.0000000000        0.0000000000        0.0000000000
        0.0000000000        0.0000000000        0.0000000000
        0.0000000000        0.0000000012        0.0000000000
        0.0000000000        0.0000000000        0.0000000000
        0.0000000000        0.0000000000        0.0000000000
        0.0000000000        0.0000000000        0.0000000000
        0.0000000000        0.0000000000        0.0000000000
        0.0000000000        0.0000000000        0.0000000000
        0.0000000000        0.0000000000        0.0000000000
        0.0000000000        0.0000000000        0.0000000000
        0.0000000000        0.0000000000        0.0000000000
        0.0000000000        0.0000000000        0.0000000000
        0.0000000000        0.0000000000        0.0000000000
        0.0000000000        0.0000000000        0.0000000000
        0.0000000000        0.0000000000        0.0000000000
        0.0000000000        0.0000000000        0.0000000000
        0.0000000000        0.0000000012        0.0000000000
        0.0000000000        0.0000000000        0.0000000000
        0.0000000000        0.0000000000        0.0000000000
        0.0000000000        0.0000000000        0.0000000000
        0.0000000000        0.0000000000        0.0000000000
        0.0000000000        0.0000000000        0.0000000000
        0.0000000000        0.0000000000        0.0000000000
        0.0000000000        0.0000000000        0.0000000000
        0.0000000000        0.0000000000        0.0000000000
        0.0000000000        0.0000000000        0.0000000000
        0.0000000000        0.0000000000        0.0000000000
        0.0000000000        0.0000000000        0.0000000000
        0.0000000000        0.0000000000        0.0000000000
        0.0000000000        0.0000000000        0.0000000000
        0.0000000000        0.0000000012        0.0000000000
        0.0000000000        0.0000000000        0.0000000000
        0.0000000000        0.0000000000        0.0000000000
        0.0000000012        0.0000000000        0.0000000000
        0.0000000000        0.0000000000        0.0000000000
        0.0000000000        0.0000000000        0.0000000000
        0.0000000000        0.0000000000        0.0000000000
        0.0000000000        0.0000000000        0.0000000000
        0.0000000000        0.0000000000        0.0000000000
        0.0000000000        0.0000000000        0.0000000000
        0.0000000000        0.0000000000        0.0000000000
        0.0000000000        0.0000000000        0.0000000000
        0.0000000000        0.0000000000        0.0000000000
        0.0000000000        0.0000000000        0.0000000000
        0.0000000000        0.0000000012        0.0000000000
        0.0000000000        0.0000000000        0.0000000000
        0.0000000000        0.0000000000        0.0000000000
        0.0000000012        0.0000000000        0.0000000000
        0.0000000000        0.0000000000        0.0000000000
        0.0000000000        0.0000000000        0.0000000000
        0.0000000000        0.0000000000        0.0000000000
       -0.0000000012        0.0000000000        0.0000000000
        0.0000000000        0.0000000000        0.0000000000
        0.0000000000        0.0000000000        0.0000000000
        0.0000000000        0.0000000000        0.0000000000
        0.0000000000        0.0000000000        0.0000000000
        0.0000000000        0.0000000000        0.0000000000
