   17   51
        0.6683829442        0.0007610900       -0.0358033813
       -0.1773672115       -0.0005703429       -0.0551042855
        0.0663020173        0.0001391763       -0.0248167999
       -0.0518614156       -0.0004028425       -0.0291736768
       -0.0252967350        0.0007665874        0.0773094878
       -0.3305658902       -0.0003799279       -0.0341501035
       -0.1273593425       -0.0001534267        0.1209941640
       -0.0111386199       -0.0001950491       -0.0273934985
       -0.0011564520        0.0001992469        0.0041165709
       -0.0012677442       -0.0000963902       -0.0013918503
        0.0003144003        0.0000451944        0.0024829399
       -0.0088375466       -0.0001745611        0.0028928796
       -0.0001404265        0.0001285897       -0.0000309501
       -0.0000106791        0.0001112101       -0.0000518639
       -0.0000247009       -0.0000847715       -0.0000562849
        0.0000875499        0.0000329621        0.0002343361
       -0.0000601477       -0.0001267449       -0.0000576835
        0.0007610900        0.1071197789       -0.0014745448
       -0.0009283719       -0.0378975414        0.0000657183
        0.0001391763       -0.0134623264        0.0009893646
        0.0004069633        0.0125984196       -0.0007535027
       -0.0008945924       -0.0135072604        0.0003416262
        0.0004505607       -0.0378540711        0.0008848423
       -0.0002917300       -0.0331893528        0.0004943624
       -0.0000058667        0.0007066724       -0.0000683889
       -0.0000443005        0.0090989405        0.0000122702
       -0.0000001981       -0.0028068502       -0.0000086934
        0.0000374571        0.0090899606        0.0000469860
        0.0000745235        0.0007020015       -0.0000348094
        0.0003189493        0.0000646369       -0.0005490738
        0.0000025943        0.0000900146        0.0000113169
        0.0000034212       -0.0002767895        0.0000034163
       -0.0000245721       -0.0005658227        0.0000448466
       -0.0000051041        0.0000895893       -0.0000057368
       -0.0358033813       -0.0014745448        0.7099383131
       -0.1228508941        0.0007287601       -0.2795190878
        0.0248167999       -0.0009893646       -0.0558020745
       -0.0296093529        0.0007769929       -0.0175697059
        0.0282350859       -0.0006377169        0.0357587213
        0.0338313008        0.0008982020       -0.1261296902
        0.1208749930        0.0002465436       -0.2667191513
        0.0041497155        0.0002739122        0.0052498419
        0.0033864069       -0.0001839104       -0.0036002596
       -0.0013933742        0.0002326065        0.0005701638
        0.0031513791       -0.0001823739       -0.0050058520
       -0.0286081736        0.0003536108        0.0029197562
       -0.0002017209       -0.0002056151       -0.0000412593
       -0.0000892989        0.0001092820       -0.0000002060
       -0.0000473833        0.0001902209        0.0000667483
        0.0001624357       -0.0000444705       -0.0001461353
       -0.0000045377       -0.0000921348        0.0000298773
       -0.1773672115       -0.0009283719       -0.1228508941
        0.7309328026        0.0015659517        0.0000000000
       -0.1773672115       -0.0009283719        0.1228508941
       -0.0252851165        0.0008911351        0.0280602032
       -0.0005683148       -0.0008664134        0.0000000000
       -0.0252851165        0.0008911351       -0.0280602032
        0.0112613494       -0.0003090764        0.0170476764
       -0.3365224661       -0.0002835559        0.0000000000
        0.0112613494       -0.0003090764       -0.0170476764
       -0.0061742093        0.0002658284       -0.0004628239
        0.0013354066       -0.0002408654        0.0000000000
       -0.0061742093        0.0002658284        0.0004628239
        0.0001531026        0.0002065040        0.0000000000
        0.0000075717       -0.0001209797        0.0000704841
        0.0000075717       -0.0001209797       -0.0000704841
       -0.0002485447        0.0000201893        0.0000000000
        0.0000332464        0.0000011187        0.0000000000
       -0.0005703429       -0.0378975414        0.0007287601
        0.0015659517        0.1071764023        0.0000000000
       -0.0005703429       -0.0378975414       -0.0007287601
       -0.0007128669       -0.0134545182        0.0005823118
        0.0009071589        0.0126068316        0.0000000000
       -0.0007128669       -0.0134545182       -0.0005823118
        0.0000932229        0.0007269027       -0.0000081293
       -0.0005915719       -0.0332517807        0.0000000000
        0.0000932229        0.0007269027        0.0000081293
       -0.0000184188        0.0090493725       -0.0000542727
       -0.0000304888       -0.0027872829        0.0000000000
       -0.0000184188        0.0090493725        0.0000542727
        0.0005239041        0.0000475669        0.0000000000
        0.0000446274       -0.0001258050        0.0000407475
        0.0000446274       -0.0001258050       -0.0000407475
       -0.0000127921       -0.0006117010        0.0000000000
       -0.0000346053        0.0002231426        0.0000000000
       -0.0551042855        0.0000657183       -0.2795190878
        0.0000000000        0.0000000000        0.6477258663
        0.0551042855       -0.0000657183       -0.2795190878
        0.0772668338       -0.0003544511        0.0356108237
        0.0000000000        0.0000000000       -0.0690472420
       -0.0772668338        0.0003544511        0.0356108237
       -0.0145849569        0.0000156904       -0.0170827396
        0.0000000000        0.0000000000       -0.0575480509
        0.0145849569       -0.0000156904       -0.0170827396
       -0.0013055858        0.0000835272        0.0015236262
        0.0000000000        0.0000000000       -0.0020362534
        0.0013055858       -0.0000835272        0.0015236262
        0.0000000000        0.0000000000       -0.0003894657
        0.0000095143        0.0001322503       -0.0000272545
       -0.0000095143       -0.0001322503       -0.0000272545
        0.0000000000        0.0000000000        0.0002557027
        0.0000000000        0.0000000000        0.0000287070
        0.0663020173        0.0001391763        0.0248167999
       -0.1773672115       -0.0005703429        0.0551042855
        0.6683829442        0.0007610900        0.0358033813
       -0.3305658902       -0.0003799279        0.0341501035
       -0.0252967350        0.0007665874       -0.0773094878
       -0.0518614156       -0.0004028425        0.0291736768
       -0.0011564520        0.0001992469       -0.0041165709
       -0.0111386199       -0.0001950491        0.0273934985
       -0.1273593425       -0.0001534267       -0.1209941640
       -0.0088375466       -0.0001745611       -0.0028928796
        0.0003144003        0.0000451944       -0.0024829399
       -0.0012677442       -0.0000963902        0.0013918503
       -0.0001404265        0.0001285897        0.0000309501
       -0.0000247009       -0.0000847715        0.0000562849
       -0.0000106791        0.0001112101        0.0000518639
        0.0000875499        0.0000329621       -0.0002343361
       -0.0000601477       -0.0001267449        0.0000576835
        0.0001391763       -0.0134623264       -0.0009893646
       -0.0009283719       -0.0378975414       -0.0000657183
        0.0007610900        0.1071197789        0.0014745448
        0.0004505607       -0.0378540711       -0.0008848423
       -0.0008945924       -0.0135072604       -0.0003416262
        0.0004069633        0.0125984196        0.0007535027
       -0.0000443005        0.0090989405       -0.0000122702
       -0.0000058667        0.0007066724        0.0000683889
       -0.0002917300       -0.0331893528       -0.0004943624
        0.0000745235        0.0007020015        0.0000348094
        0.0000374571        0.0090899606       -0.0000469860
       -0.0000001981       -0.0028068502        0.0000086934
        0.0003189493        0.0000646369        0.0005490738
        0.0000034212       -0.0002767895       -0.0000034163
        0.0000025943        0.0000900146       -0.0000113169
       -0.0000245721       -0.0005658227       -0.0000448466
       -0.0000051041        0.0000895893        0.0000057368
       -0.0248167999        0.0009893646       -0.0558020745
        0.1228508941       -0.0007287601       -0.2795190878
        0.0358033813        0.0014745448        0.7099383131
       -0.0338313008       -0.0008982020       -0.1261296902
       -0.0282350859        0.0006377169        0.0357587213
        0.0296093529       -0.0007769929       -0.0175697059
       -0.0033864069        0.0001839104       -0.0036002596
       -0.0041497155       -0.0002739122        0.0052498419
       -0.1208749930       -0.0002465436       -0.2667191513
        0.0286081736       -0.0003536108        0.0029197562
       -0.0031513791        0.0001823739       -0.0050058520
        0.0013933742       -0.0002326065        0.0005701638
        0.0002017209        0.0002056151       -0.0000412593
        0.0000473833       -0.0001902209        0.0000667483
        0.0000892989       -0.0001092820       -0.0000002060
       -0.0001624357        0.0000444705       -0.0001461353
        0.0000045377        0.0000921348        0.0000298773
       -0.0518614156        0.0004069633       -0.0296093529
       -0.0252851165       -0.0007128669        0.0772668338
       -0.3305658902        0.0004505607       -0.0338313008
        0.6681217205       -0.0008424277       -0.0361785073
       -0.1772309844        0.0005524156       -0.0548159338
        0.0663845791       -0.0001974089       -0.0244434643
       -0.0011913949        0.0000803891       -0.0014240858
        0.0002694101       -0.0000969151        0.0024627751
       -0.0087657779        0.0001444869        0.0029283769
       -0.1273006666        0.0002081222        0.1208659885
       -0.0112288031        0.0002393514       -0.0274084946
       -0.0010931986       -0.0001768469        0.0041551729
       -0.0000536143       -0.0001492646       -0.0001840010
       -0.0000957385        0.0001825459       -0.0000335057
       -0.0000584610        0.0000221911       -0.0000090226
        0.0000031053       -0.0000164329        0.0002441504
       -0.0000477535       -0.0000948632        0.0000143713
       -0.0004028425        0.0125984196        0.0007769929
        0.0008911351       -0.0134545182       -0.0003544511
       -0.0003799279       -0.0378540711       -0.0008982020
       -0.0008424277        0.1071049164        0.0014495777
        0.0009558817       -0.0378589103       -0.0000775684
       -0.0001974089       -0.0134223922       -0.0009029890
        0.0000298423       -0.0027751014       -0.0000123578
       -0.0000270947        0.0090468171       -0.0000341197
       -0.0000593067        0.0007178148        0.0000805732
        0.0003220357       -0.0332457824       -0.0005604815
       -0.0000475619        0.0007287656        0.0000798960
        0.0000470094        0.0090503617       -0.0000093412
       -0.0002662050        0.0000217385        0.0004533686
        0.0000158710       -0.0001243681        0.0000581151
        0.0000175307        0.0002142051       -0.0000375454
        0.0000029514       -0.0006169514       -0.0000148272
       -0.0000594822       -0.0001309439        0.0000033598
       -0.0291736768       -0.0007535027       -0.0175697059
        0.0280602032        0.0005823118        0.0356108237
        0.0341501035       -0.0008848423       -0.1261296902
       -0.0361785073        0.0014495777        0.7100287412
       -0.1226394296       -0.0007683353       -0.2795620428
        0.0244434643        0.0009029890       -0.0557903359
       -0.0014601050       -0.0001903403        0.0005812124
        0.0033009101        0.0002720931       -0.0049815512
       -0.0287699257       -0.0002817262        0.0029514032
        0.1209408433       -0.0002584198       -0.2666929729
        0.0040635275       -0.0002012066        0.0052899459
        0.0034095973        0.0002307195       -0.0036360026
       -0.0003261988        0.0001081974        0.0000311028
        0.0000497138       -0.0000188657        0.0000249192
       -0.0000000905        0.0000060584        0.0000259986
        0.0001795908        0.0000153958       -0.0001470027
       -0.0000500201       -0.0002101039       -0.0000348428
       -0.0252967350       -0.0008945924        0.0282350859
       -0.0005683148        0.0009071589        0.0000000000
       -0.0252967350       -0.0008945924       -0.0282350859
       -0.1772309844        0.0009558817       -0.1226394296
        0.7307064771       -0.0017329843        0.0000000000
       -0.1772309844        0.0009558817        0.1226394296
       -0.0062376560       -0.0002278106       -0.0005293199
        0.0013942763        0.0002688245        0.0000000000
       -0.0062376560       -0.0002278106        0.0005293199
        0.0111993877        0.0003199887        0.0170296129
       -0.3364709798        0.0002769802        0.0000000000
        0.0111993877        0.0003199887       -0.0170296129
       -0.0001776264       -0.0001990562        0.0000000000
        0.0001247805       -0.0000020617       -0.0000453149
        0.0001247805       -0.0000020617        0.0000453149
       -0.0001543207       -0.0000516873        0.0000000000
        0.0001529027        0.0002279527        0.0000000000
        0.0007665874       -0.0135072604       -0.0006377169
       -0.0008664134        0.0126068316        0.0000000000
        0.0007665874       -0.0135072604        0.0006377169
        0.0005524156       -0.0378589103       -0.0007683353
       -0.0017329843        0.1071309885        0.0000000000
        0.0005524156       -0.0378589103        0.0007683353
        0.0000378671        0.0090997076        0.0000652398
        0.0000004858       -0.0028084178        0.0000000000
        0.0000378671        0.0090997076       -0.0000652398
       -0.0000553936        0.0007025321       -0.0000323759
        0.0005980078       -0.0331816132        0.0000000000
       -0.0000553936        0.0007025321        0.0000323759
       -0.0006141070        0.0000482086        0.0000000000
       -0.0000054504        0.0000921168        0.0000082498
       -0.0000054504        0.0000921168       -0.0000082498
        0.0000263296       -0.0005669253        0.0000000000
       -0.0000033708       -0.0002854438        0.0000000000
        0.0773094878        0.0003416262        0.0357587213
        0.0000000000        0.0000000000       -0.0690472420
       -0.0773094878       -0.0003416262        0.0357587213
       -0.0548159338       -0.0000775684       -0.2795620428
        0.0000000000        0.0000000000        0.6475009477
        0.0548159338        0.0000775684       -0.2795620428
       -0.0013009584       -0.0000818266        0.0014934778
        0.0000000000        0.0000000000       -0.0020404448
        0.0013009584        0.0000818266        0.0014934778
       -0.0145593681       -0.0000092263       -0.0170655573
        0.0000000000        0.0000000000       -0.0575684470
        0.0145593681        0.0000092263       -0.0170655573
        0.0000000000        0.0000000000       -0.0001201159
        0.0000147400        0.0001324463       -0.0000889162
       -0.0000147400       -0.0001324463       -0.0000889162
        0.0000000000        0.0000000000        0.0002237631
        0.0000000000        0.0000000000       -0.0000198266
       -0.3305658902        0.0004505607        0.0338313008
       -0.0252851165       -0.0007128669       -0.0772668338
       -0.0518614156        0.0004069633        0.0296093529
        0.0663845791       -0.0001974089        0.0244434643
       -0.1772309844        0.0005524156        0.0548159338
        0.6681217205       -0.0008424277        0.0361785073
       -0.0087657779        0.0001444869       -0.0029283769
        0.0002694101       -0.0000969151       -0.0024627751
       -0.0011913949        0.0000803891        0.0014240858
       -0.0010931986       -0.0001768469       -0.0041551729
       -0.0112288031        0.0002393514        0.0274084946
       -0.1273006666        0.0002081222       -0.1208659885
       -0.0000536143       -0.0001492646        0.0001840010
       -0.0000584610        0.0000221911        0.0000090226
       -0.0000957385        0.0001825459        0.0000335057
        0.0000031053       -0.0000164329       -0.0002441504
       -0.0000477535       -0.0000948632       -0.0000143713
       -0.0003799279       -0.0378540711        0.0008982020
        0.0008911351       -0.0134545182        0.0003544511
       -0.0004028425        0.0125984196       -0.0007769929
       -0.0001974089       -0.0134223922        0.0009029890
        0.0009558817       -0.0378589103        0.0000775684
       -0.0008424277        0.1071049164       -0.0014495777
       -0.0000593067        0.0007178148       -0.0000805732
       -0.0000270947        0.0090468171        0.0000341197
        0.0000298423       -0.0027751014        0.0000123578
        0.0000470094        0.0090503617        0.0000093412
       -0.0000475619        0.0007287656       -0.0000798960
        0.0003220357       -0.0332457824        0.0005604815
       -0.0002662050        0.0000217385       -0.0004533686
        0.0000175307        0.0002142051        0.0000375454
        0.0000158710       -0.0001243681       -0.0000581151
        0.0000029514       -0.0006169514        0.0000148272
       -0.0000594822       -0.0001309439       -0.0000033598
       -0.0341501035        0.0008848423       -0.1261296902
       -0.0280602032       -0.0005823118        0.0356108237
        0.0291736768        0.0007535027       -0.0175697059
       -0.0244434643       -0.0009029890       -0.0557903359
        0.1226394296        0.0007683353       -0.2795620428
        0.0361785073       -0.0014495777        0.7100287412
        0.0287699257        0.0002817262        0.0029514032
       -0.0033009101       -0.0002720931       -0.0049815512
        0.0014601050        0.0001903403        0.0005812124
       -0.0034095973       -0.0002307195       -0.0036360026
       -0.0040635275        0.0002012066        0.0052899459
       -0.1209408433        0.0002584198       -0.2666929729
        0.0003261988       -0.0001081974        0.0000311028
        0.0000000905       -0.0000060584        0.0000259986
       -0.0000497138        0.0000188657        0.0000249192
       -0.0001795908       -0.0000153958       -0.0001470027
        0.0000500201        0.0002101039       -0.0000348428
       -0.1273593425       -0.0002917300        0.1208749930
        0.0112613494        0.0000932229       -0.0145849569
       -0.0011564520       -0.0000443005       -0.0033864069
       -0.0011913949        0.0000298423       -0.0014601050
       -0.0062376560        0.0000378671       -0.0013009584
       -0.0087657779       -0.0000593067        0.0287699257
        0.1315634474        0.0002121982       -0.1298374543
        0.0009031299        0.0000564982        0.0004359808
        0.0005438361       -0.0000640447       -0.0010096871
        0.0002722812        0.0000560210        0.0002479223
       -0.0006202696       -0.0000481021        0.0017184053
        0.0007964897        0.0000217258       -0.0004993853
        0.0000259717       -0.0000227321        0.0000417066
       -0.0000178357        0.0000186591       -0.0000039609
       -0.0000024489       -0.0000081862       -0.0000251345
       -0.0000250477       -0.0000076448        0.0000164683
        0.0000097201        0.0000200124        0.0000026472
       -0.0001534267       -0.0331893528        0.0002465436
       -0.0003090764        0.0007269027        0.0000156904
        0.0001992469        0.0090989405        0.0001839104
        0.0000803891       -0.0027751014       -0.0001903403
       -0.0002278106        0.0090997076       -0.0000818266
        0.0001444869        0.0007178148        0.0002817262
        0.0002121982        0.0239242284       -0.0003811436
        0.0001000376       -0.0031340175       -0.0000354921
       -0.0000640447       -0.0004026743       -0.0000833263
       -0.0000627374       -0.0005981674        0.0000998058
        0.0001154954       -0.0004068391        0.0000138902
       -0.0000241585       -0.0031368694       -0.0001016043
       -0.0000542523        0.0000180694        0.0000881858
        0.0000303288       -0.0000429332        0.0000017693
       -0.0000186743        0.0000248418        0.0000372654
        0.0000431194        0.0001192343       -0.0000683224
       -0.0000111214       -0.0000437846       -0.0000267316
        0.1209941640        0.0004943624       -0.2667191513
        0.0170476764       -0.0000081293       -0.0170827396
       -0.0041165709       -0.0000122702       -0.0036002596
       -0.0014240858       -0.0000123578        0.0005812124
       -0.0005293199        0.0000652398        0.0014934778
       -0.0029283769       -0.0000805732        0.0029514032
       -0.1298374543       -0.0003811436        0.2814764339
       -0.0005777926       -0.0000699775        0.0008480226
        0.0010096871        0.0000833263       -0.0010353243
        0.0002581749       -0.0000936529       -0.0000129709
       -0.0003490742        0.0001053657        0.0001671807
        0.0004721895       -0.0000819832        0.0009535363
        0.0000007242        0.0000318429        0.0000267980
        0.0000107095       -0.0000296347        0.0000070002
       -0.0000208172        0.0000135271        0.0000250391
        0.0000090532        0.0000137909       -0.0000525911
       -0.0000188872       -0.0000377328       -0.0000270673
       -0.0111386199       -0.0000058667        0.0041497155
       -0.3365224661       -0.0005915719        0.0000000000
       -0.0111386199       -0.0000058667       -0.0041497155
        0.0002694101       -0.0000270947        0.0033009101
        0.0013942763        0.0000004858        0.0000000000
        0.0002694101       -0.0000270947       -0.0033009101
        0.0009031299        0.0001000376       -0.0005777926
        0.3564185175        0.0005256604        0.0000000000
        0.0009031299        0.0001000376        0.0005777926
       -0.0006097485       -0.0001050703       -0.0003513781
       -0.0001370467        0.0001066746        0.0000000000
       -0.0006097485       -0.0001050703        0.0003513781
       -0.0000581798       -0.0000358867        0.0000000000
        0.0000341545       -0.0000061486        0.0000055468
        0.0000341545       -0.0000061486       -0.0000055468
       -0.0000448401       -0.0000136344        0.0000000000
        0.0000330865        0.0000965575        0.0000000000
       -0.0001950491        0.0007066724        0.0002739122
       -0.0002835559       -0.0332517807        0.0000000000
       -0.0001950491        0.0007066724       -0.0002739122
       -0.0000969151        0.0090468171        0.0002720931
        0.0002688245       -0.0028084178        0.0000000000
       -0.0000969151        0.0090468171       -0.0002720931
        0.0000564982       -0.0031340175       -0.0000699775
        0.0005256604        0.0240152812        0.0000000000
        0.0000564982       -0.0031340175        0.0000699775
        0.0000407950       -0.0003421596       -0.0000933254
       -0.0001052475       -0.0005982143        0.0000000000
        0.0000407950       -0.0003421596        0.0000933254
       -0.0000303199        0.0000198762        0.0000000000
       -0.0000249125        0.0000209838       -0.0000070959
       -0.0000249125        0.0000209838        0.0000070959
        0.0000934392        0.0001344246        0.0000000000
       -0.0000296340       -0.0001077617        0.0000000000
       -0.0273934985       -0.0000683889        0.0052498419
        0.0000000000        0.0000000000       -0.0575480509
        0.0273934985        0.0000683889        0.0052498419
        0.0024627751       -0.0000341197       -0.0049815512
        0.0000000000        0.0000000000       -0.0020404448
       -0.0024627751        0.0000341197       -0.0049815512
        0.0004359808       -0.0000354921        0.0008480226
        0.0000000000        0.0000000000        0.0565856639
       -0.0004359808        0.0000354921        0.0008480226
        0.0017120348       -0.0000142321        0.0001643354
        0.0000000000        0.0000000000        0.0004311845
       -0.0017120348        0.0000142321        0.0001643354
        0.0000000000        0.0000000000        0.0000224608
       -0.0000142409       -0.0000116309       -0.0000049462
        0.0000142409        0.0000116309       -0.0000049462
        0.0000000000        0.0000000000       -0.0000244122
        0.0000000000        0.0000000000        0.0000221937
       -0.0011564520       -0.0000443005        0.0033864069
        0.0112613494        0.0000932229        0.0145849569
       -0.1273593425       -0.0002917300       -0.1208749930
       -0.0087657779       -0.0000593067       -0.0287699257
       -0.0062376560        0.0000378671        0.0013009584
       -0.0011913949        0.0000298423        0.0014601050
        0.0005438361       -0.0000640447        0.0010096871
        0.0009031299        0.0000564982       -0.0004359808
        0.1315634474        0.0002121982        0.1298374543
        0.0007964897        0.0000217258        0.0004993853
       -0.0006202696       -0.0000481021       -0.0017184053
        0.0002722812        0.0000560210       -0.0002479223
        0.0000259717       -0.0000227321       -0.0000417066
       -0.0000024489       -0.0000081862        0.0000251345
       -0.0000178357        0.0000186591        0.0000039609
       -0.0000250477       -0.0000076448       -0.0000164683
        0.0000097201        0.0000200124       -0.0000026472
        0.0001992469        0.0090989405       -0.0001839104
       -0.0003090764        0.0007269027       -0.0000156904
       -0.0001534267       -0.0331893528       -0.0002465436
        0.0001444869        0.0007178148       -0.0002817262
       -0.0002278106        0.0090997076        0.0000818266
        0.0000803891       -0.0027751014        0.0001903403
       -0.0000640447       -0.0004026743        0.0000833263
        0.0001000376       -0.0031340175        0.0000354921
        0.0002121982        0.0239242284        0.0003811436
       -0.0000241585       -0.0031368694        0.0001016043
        0.0001154954       -0.0004068391       -0.0000138902
       -0.0000627374       -0.0005981674       -0.0000998058
       -0.0000542523        0.0000180694       -0.0000881858
       -0.0000186743        0.0000248418       -0.0000372654
        0.0000303288       -0.0000429332       -0.0000017693
        0.0000431194        0.0001192343        0.0000683224
       -0.0000111214       -0.0000437846        0.0000267316
        0.0041165709        0.0000122702       -0.0036002596
       -0.0170476764        0.0000081293       -0.0170827396
       -0.1209941640       -0.0004943624       -0.2667191513
        0.0029283769        0.0000805732        0.0029514032
        0.0005293199       -0.0000652398        0.0014934778
        0.0014240858        0.0000123578        0.0005812124
       -0.0010096871       -0.0000833263       -0.0010353243
        0.0005777926        0.0000699775        0.0008480226
        0.1298374543        0.0003811436        0.2814764339
       -0.0004721895        0.0000819832        0.0009535363
        0.0003490742       -0.0001053657        0.0001671807
       -0.0002581749        0.0000936529       -0.0000129709
       -0.0000007242       -0.0000318429        0.0000267980
        0.0000208172       -0.0000135271        0.0000250391
       -0.0000107095        0.0000296347        0.0000070002
       -0.0000090532       -0.0000137909       -0.0000525911
        0.0000188872        0.0000377328       -0.0000270673
       -0.0012677442       -0.0000001981       -0.0013933742
       -0.0061742093       -0.0000184188       -0.0013055858
       -0.0088375466        0.0000745235        0.0286081736
       -0.1273006666        0.0003220357        0.1209408433
        0.0111993877       -0.0000553936       -0.0145593681
       -0.0010931986        0.0000470094       -0.0034095973
        0.0002722812       -0.0000627374        0.0002581749
       -0.0006097485        0.0000407950        0.0017120348
        0.0007964897       -0.0000241585       -0.0004721895
        0.1315234766       -0.0002803622       -0.1298325907
        0.0009246552       -0.0000748121        0.0004460359
        0.0005605490        0.0000500727       -0.0010149260
       -0.0000161822        0.0000203381        0.0000276144
        0.0000169561       -0.0000105992       -0.0000244321
        0.0000239586       -0.0000456410       -0.0000040375
       -0.0000219979        0.0000055462        0.0000234872
        0.0000035397        0.0000120002       -0.0000002628
       -0.0000963902       -0.0028068502        0.0002326065
        0.0002658284        0.0090493725        0.0000835272
       -0.0001745611        0.0007020015       -0.0003536108
        0.0002081222       -0.0332457824       -0.0002584198
        0.0003199887        0.0007025321       -0.0000092263
       -0.0001768469        0.0090503617       -0.0002307195
        0.0000560210       -0.0005981674       -0.0000936529
       -0.0001050703       -0.0003421596       -0.0000142321
        0.0000217258       -0.0031368694        0.0000819832
       -0.0002803622        0.0240100744        0.0004876021
       -0.0000948210       -0.0031340096        0.0000162606
        0.0000500727       -0.0003364919        0.0000837351
        0.0000089810        0.0000149311       -0.0000201096
        0.0000065120        0.0000237143       -0.0000302614
        0.0000150043       -0.0001084240       -0.0000265664
       -0.0000466586        0.0001357679        0.0000724714
        0.0000224542        0.0000199990       -0.0000213870
       -0.0013918503       -0.0000086934        0.0005701638
       -0.0004628239       -0.0000542727        0.0015236262
       -0.0028928796        0.0000348094        0.0029197562
        0.1208659885       -0.0005604815       -0.2666929729
        0.0170296129       -0.0000323759       -0.0170655573
       -0.0041551729        0.0000093412       -0.0036360026
        0.0002479223        0.0000998058       -0.0000129709
       -0.0003513781       -0.0000933254        0.0001643354
        0.0004993853        0.0001016043        0.0009535363
       -0.1298325907        0.0004876021        0.2814557566
       -0.0005671493        0.0000717983        0.0008338256
        0.0010149260       -0.0000837351       -0.0010069171
        0.0000099448       -0.0000360704       -0.0000243451
       -0.0000145761       -0.0000073373        0.0000194066
        0.0000040375        0.0000801752        0.0000308906
        0.0000150711       -0.0000107112       -0.0000526452
       -0.0000184673        0.0000018667        0.0000201137
        0.0003144003        0.0000374571        0.0031513791
        0.0013354066       -0.0000304888        0.0000000000
        0.0003144003        0.0000374571       -0.0031513791
       -0.0112288031       -0.0000475619        0.0040635275
       -0.3364709798        0.0005980078        0.0000000000
       -0.0112288031       -0.0000475619       -0.0040635275
       -0.0006202696        0.0001154954       -0.0003490742
       -0.0001370467       -0.0001052475        0.0000000000
       -0.0006202696        0.0001154954        0.0003490742
        0.0009246552       -0.0000948210       -0.0005671493
        0.3564742643       -0.0004840995        0.0000000000
        0.0009246552       -0.0000948210        0.0005671493
        0.0000147098        0.0000489672        0.0000000000
        0.0000019013       -0.0000406788        0.0000272660
        0.0000019013       -0.0000406788       -0.0000272660
       -0.0000441048        0.0000147718        0.0000000000
        0.0000439824        0.0000183074        0.0000000000
        0.0000451944        0.0090899606       -0.0001823739
       -0.0002408654       -0.0027872829        0.0000000000
        0.0000451944        0.0090899606        0.0001823739
        0.0002393514        0.0007287656       -0.0002012066
        0.0002769802       -0.0331816132        0.0000000000
        0.0002393514        0.0007287656        0.0002012066
       -0.0000481021       -0.0004068391        0.0001053657
        0.0001066746       -0.0005982143        0.0000000000
       -0.0000481021       -0.0004068391       -0.0001053657
       -0.0000748121       -0.0031340096        0.0000717983
       -0.0004840995        0.0239261095        0.0000000000
       -0.0000748121       -0.0031340096       -0.0000717983
        0.0000939723        0.0000202990        0.0000000000
       -0.0000177861       -0.0000437299        0.0000216013
       -0.0000177861       -0.0000437299       -0.0000216013
       -0.0000816832        0.0001212397        0.0000000000
        0.0000413303        0.0000311669        0.0000000000
        0.0024829399        0.0000469860       -0.0050058520
        0.0000000000        0.0000000000       -0.0020362534
       -0.0024829399       -0.0000469860       -0.0050058520
       -0.0274084946        0.0000798960        0.0052899459
        0.0000000000        0.0000000000       -0.0575684470
        0.0274084946       -0.0000798960        0.0052899459
        0.0017184053        0.0000138902        0.0001671807
        0.0000000000        0.0000000000        0.0004311845
       -0.0017184053       -0.0000138902        0.0001671807
        0.0004460359        0.0000162606        0.0008338256
        0.0000000000        0.0000000000        0.0566140640
       -0.0004460359       -0.0000162606        0.0008338256
        0.0000000000        0.0000000000        0.0000609840
        0.0000078620        0.0000041250       -0.0000130965
       -0.0000078620       -0.0000041250       -0.0000130965
        0.0000000000        0.0000000000       -0.0000285633
        0.0000000000        0.0000000000       -0.0000169760
       -0.0088375466        0.0000745235       -0.0286081736
       -0.0061742093       -0.0000184188        0.0013055858
       -0.0012677442       -0.0000001981        0.0013933742
       -0.0010931986        0.0000470094        0.0034095973
        0.0111993877       -0.0000553936        0.0145593681
       -0.1273006666        0.0003220357       -0.1209408433
        0.0007964897       -0.0000241585        0.0004721895
       -0.0006097485        0.0000407950       -0.0017120348
        0.0002722812       -0.0000627374       -0.0002581749
        0.0005605490        0.0000500727        0.0010149260
        0.0009246552       -0.0000748121       -0.0004460359
        0.1315234766       -0.0002803622        0.1298325907
       -0.0000161822        0.0000203381       -0.0000276144
        0.0000239586       -0.0000456410        0.0000040375
        0.0000169561       -0.0000105992        0.0000244321
       -0.0000219979        0.0000055462       -0.0000234872
        0.0000035397        0.0000120002        0.0000002628
       -0.0001745611        0.0007020015        0.0003536108
        0.0002658284        0.0090493725       -0.0000835272
       -0.0000963902       -0.0028068502       -0.0002326065
       -0.0001768469        0.0090503617        0.0002307195
        0.0003199887        0.0007025321        0.0000092263
        0.0002081222       -0.0332457824        0.0002584198
        0.0000217258       -0.0031368694       -0.0000819832
       -0.0001050703       -0.0003421596        0.0000142321
        0.0000560210       -0.0005981674        0.0000936529
        0.0000500727       -0.0003364919       -0.0000837351
       -0.0000948210       -0.0031340096       -0.0000162606
       -0.0002803622        0.0240100744       -0.0004876021
        0.0000089810        0.0000149311        0.0000201096
        0.0000150043       -0.0001084240        0.0000265664
        0.0000065120        0.0000237143        0.0000302614
       -0.0000466586        0.0001357679       -0.0000724714
        0.0000224542        0.0000199990        0.0000213870
        0.0028928796       -0.0000348094        0.0029197562
        0.0004628239        0.0000542727        0.0015236262
        0.0013918503        0.0000086934        0.0005701638
        0.0041551729       -0.0000093412       -0.0036360026
       -0.0170296129        0.0000323759       -0.0170655573
       -0.1208659885        0.0005604815       -0.2666929729
       -0.0004993853       -0.0001016043        0.0009535363
        0.0003513781        0.0000933254        0.0001643354
       -0.0002479223       -0.0000998058       -0.0000129709
       -0.0010149260        0.0000837351       -0.0010069171
        0.0005671493       -0.0000717983        0.0008338256
        0.1298325907       -0.0004876021        0.2814557566
       -0.0000099448        0.0000360704       -0.0000243451
       -0.0000040375       -0.0000801752        0.0000308906
        0.0000145761        0.0000073373        0.0000194066
       -0.0000150711        0.0000107112       -0.0000526452
        0.0000184673       -0.0000018667        0.0000201137
       -0.0001404265        0.0003189493       -0.0002017209
        0.0001531026        0.0005239041        0.0000000000
       -0.0001404265        0.0003189493        0.0002017209
       -0.0000536143       -0.0002662050       -0.0003261988
       -0.0001776264       -0.0006141070        0.0000000000
       -0.0000536143       -0.0002662050        0.0003261988
        0.0000259717       -0.0000542523        0.0000007242
       -0.0000581798       -0.0000303199        0.0000000000
        0.0000259717       -0.0000542523       -0.0000007242
       -0.0000161822        0.0000089810        0.0000099448
        0.0000147098        0.0000939723        0.0000000000
       -0.0000161822        0.0000089810       -0.0000099448
        0.5418668738        0.0000064121        0.0000000000
       -0.1053206529        0.0428158788       -0.1039474187
       -0.1053206529        0.0428158788        0.1039474187
       -0.0454483115        0.0000118541        0.0000000000
       -0.2853407601       -0.0856384194        0.0000000000
        0.0001285897        0.0000646369       -0.0002056151
        0.0002065040        0.0000475669        0.0000000000
        0.0001285897        0.0000646369        0.0002056151
       -0.0001492646        0.0000217385        0.0001081974
       -0.0001990562        0.0000482086        0.0000000000
       -0.0001492646        0.0000217385       -0.0001081974
       -0.0000227321        0.0000180694        0.0000318429
       -0.0000358867        0.0000198762        0.0000000000
       -0.0000227321        0.0000180694       -0.0000318429
        0.0000203381        0.0000149311       -0.0000360704
        0.0000489672        0.0000202990        0.0000000000
        0.0000203381        0.0000149311        0.0000360704
        0.0000064121        0.5461218289        0.0000000000
        0.0426595891       -0.0756069015        0.0738795571
        0.0426595891       -0.0756069015       -0.0738795571
        0.0000297235       -0.3196687274        0.0000000000
       -0.0853297040       -0.0756140011        0.0000000000
       -0.0000309501       -0.0005490738       -0.0000412593
        0.0000000000        0.0000000000       -0.0003894657
        0.0000309501        0.0005490738       -0.0000412593
       -0.0001840010        0.0004533686        0.0000311028
        0.0000000000        0.0000000000       -0.0001201159
        0.0001840010       -0.0004533686        0.0000311028
        0.0000417066        0.0000881858        0.0000267980
        0.0000000000        0.0000000000        0.0000224608
       -0.0000417066       -0.0000881858        0.0000267980
        0.0000276144       -0.0000201096       -0.0000243451
        0.0000000000        0.0000000000        0.0000609840
       -0.0000276144        0.0000201096       -0.0000243451
        0.0000000000        0.0000000000        0.5419110387
       -0.1039412769        0.0741529908       -0.2253486801
        0.1039412769       -0.0741529908       -0.2253486801
        0.0000000000        0.0000000000       -0.0454700046
        0.0000000000        0.0000000000       -0.0453021298
       -0.0000106791        0.0000025943       -0.0000892989
        0.0000075717        0.0000446274        0.0000095143
       -0.0000247009        0.0000034212        0.0000473833
       -0.0000957385        0.0000158710        0.0000497138
        0.0001247805       -0.0000054504        0.0000147400
       -0.0000584610        0.0000175307        0.0000000905
       -0.0000178357        0.0000303288        0.0000107095
        0.0000341545       -0.0000249125       -0.0000142409
       -0.0000024489       -0.0000186743        0.0000208172
        0.0000169561        0.0000065120       -0.0000145761
        0.0000019013       -0.0000177861        0.0000078620
        0.0000239586        0.0000150043       -0.0000040375
       -0.1053206529        0.0426595891       -0.1039412769
        0.1114893156       -0.0470319977        0.1144978951
        0.0077782975       -0.0067502609        0.0136758586
       -0.0008850686       -0.0007356431        0.0014389995
       -0.0130613503        0.0117892460       -0.0257101535
        0.0001112101        0.0000900146        0.0001092820
       -0.0001209797       -0.0001258050        0.0001322503
       -0.0000847715       -0.0002767895       -0.0001902209
        0.0001825459       -0.0001243681       -0.0000188657
       -0.0000020617        0.0000921168        0.0001324463
        0.0000221911        0.0002142051       -0.0000060584
        0.0000186591       -0.0000429332       -0.0000296347
       -0.0000061486        0.0000209838       -0.0000116309
       -0.0000081862        0.0000248418       -0.0000135271
       -0.0000105992        0.0000237143       -0.0000073373
       -0.0000406788       -0.0000437299        0.0000041250
       -0.0000456410       -0.0001084240       -0.0000801752
        0.0428158788       -0.0756069015        0.0741529908
       -0.0470319977        0.0782924859       -0.0814585031
       -0.0067502609        0.0029412450       -0.0097104217
        0.0159895875       -0.0083072790        0.0276966678
       -0.0050387474        0.0029366228       -0.0107013873
       -0.0000518639        0.0000113169       -0.0000002060
        0.0000704841        0.0000407475       -0.0000272545
        0.0000562849       -0.0000034163        0.0000667483
       -0.0000335057        0.0000581151        0.0000249192
       -0.0000453149        0.0000082498       -0.0000889162
        0.0000090226        0.0000375454        0.0000259986
       -0.0000039609        0.0000017693        0.0000070002
        0.0000055468       -0.0000070959       -0.0000049462
        0.0000251345       -0.0000372654        0.0000250391
       -0.0000244321       -0.0000302614        0.0000194066
        0.0000272660        0.0000216013       -0.0000130965
        0.0000040375        0.0000265664        0.0000308906
       -0.1039474187        0.0738795571       -0.2253486801
        0.1144978951       -0.0814585031        0.2436905532
       -0.0136758586        0.0097104217       -0.0200088395
        0.0014394017       -0.0012738890        0.0007758913
        0.0016472816       -0.0009854593        0.0008254920
       -0.0000247009        0.0000034212       -0.0000473833
        0.0000075717        0.0000446274       -0.0000095143
       -0.0000106791        0.0000025943        0.0000892989
       -0.0000584610        0.0000175307       -0.0000000905
        0.0001247805       -0.0000054504       -0.0000147400
       -0.0000957385        0.0000158710       -0.0000497138
       -0.0000024489       -0.0000186743       -0.0000208172
        0.0000341545       -0.0000249125        0.0000142409
       -0.0000178357        0.0000303288       -0.0000107095
        0.0000239586        0.0000150043        0.0000040375
        0.0000019013       -0.0000177861       -0.0000078620
        0.0000169561        0.0000065120        0.0000145761
       -0.1053206529        0.0426595891        0.1039412769
        0.0077782975       -0.0067502609       -0.0136758586
        0.1114893156       -0.0470319977       -0.1144978951
       -0.0008850686       -0.0007356431       -0.0014389995
       -0.0130613503        0.0117892460        0.0257101535
       -0.0000847715       -0.0002767895        0.0001902209
       -0.0001209797       -0.0001258050       -0.0001322503
        0.0001112101        0.0000900146       -0.0001092820
        0.0000221911        0.0002142051        0.0000060584
       -0.0000020617        0.0000921168       -0.0001324463
        0.0001825459       -0.0001243681        0.0000188657
       -0.0000081862        0.0000248418        0.0000135271
       -0.0000061486        0.0000209838        0.0000116309
        0.0000186591       -0.0000429332        0.0000296347
       -0.0000456410       -0.0001084240        0.0000801752
       -0.0000406788       -0.0000437299       -0.0000041250
       -0.0000105992        0.0000237143        0.0000073373
        0.0428158788       -0.0756069015       -0.0741529908
       -0.0067502609        0.0029412450        0.0097104217
       -0.0470319977        0.0782924859        0.0814585031
        0.0159895875       -0.0083072790       -0.0276966678
       -0.0050387474        0.0029366228        0.0107013873
       -0.0000562849        0.0000034163        0.0000667483
       -0.0000704841       -0.0000407475       -0.0000272545
        0.0000518639       -0.0000113169       -0.0000002060
       -0.0000090226       -0.0000375454        0.0000259986
        0.0000453149       -0.0000082498       -0.0000889162
        0.0000335057       -0.0000581151        0.0000249192
       -0.0000251345        0.0000372654        0.0000250391
       -0.0000055468        0.0000070959       -0.0000049462
        0.0000039609       -0.0000017693        0.0000070002
       -0.0000040375       -0.0000265664        0.0000308906
       -0.0000272660       -0.0000216013       -0.0000130965
        0.0000244321        0.0000302614        0.0000194066
        0.1039474187       -0.0738795571       -0.2253486801
        0.0136758586       -0.0097104217       -0.0200088395
       -0.1144978951        0.0814585031        0.2436905532
       -0.0014394017        0.0012738890        0.0007758913
       -0.0016472816        0.0009854593        0.0008254920
        0.0000875499       -0.0000245721        0.0001624357
       -0.0002485447       -0.0000127921        0.0000000000
        0.0000875499       -0.0000245721       -0.0001624357
        0.0000031053        0.0000029514        0.0001795908
       -0.0001543207        0.0000263296        0.0000000000
        0.0000031053        0.0000029514       -0.0001795908
       -0.0000250477        0.0000431194        0.0000090532
       -0.0000448401        0.0000934392        0.0000000000
       -0.0000250477        0.0000431194       -0.0000090532
       -0.0000219979       -0.0000466586        0.0000150711
       -0.0000441048       -0.0000816832        0.0000000000
       -0.0000219979       -0.0000466586       -0.0000150711
       -0.0454483115        0.0000297235        0.0000000000
       -0.0008850686        0.0159895875        0.0014394017
       -0.0008850686        0.0159895875       -0.0014394017
        0.0460240317       -0.0000051817        0.0000000000
        0.0015990081       -0.0319786905        0.0000000000
        0.0000329621       -0.0005658227       -0.0000444705
        0.0000201893       -0.0006117010        0.0000000000
        0.0000329621       -0.0005658227        0.0000444705
       -0.0000164329       -0.0006169514        0.0000153958
       -0.0000516873       -0.0005669253        0.0000000000
       -0.0000164329       -0.0006169514       -0.0000153958
       -0.0000076448        0.0001192343        0.0000137909
       -0.0000136344        0.0001344246        0.0000000000
       -0.0000076448        0.0001192343       -0.0000137909
        0.0000055462        0.0001357679       -0.0000107112
        0.0000147718        0.0001212397        0.0000000000
        0.0000055462        0.0001357679        0.0000107112
        0.0000118541       -0.3196687274        0.0000000000
       -0.0007356431       -0.0083072790       -0.0012738890
       -0.0007356431       -0.0083072790        0.0012738890
       -0.0000051817        0.3473605834        0.0000000000
        0.0014661132       -0.0082987921        0.0000000000
        0.0002343361        0.0000448466       -0.0001461353
        0.0000000000        0.0000000000        0.0002557027
       -0.0002343361       -0.0000448466       -0.0001461353
        0.0002441504       -0.0000148272       -0.0001470027
        0.0000000000        0.0000000000        0.0002237631
       -0.0002441504        0.0000148272       -0.0001470027
        0.0000164683       -0.0000683224       -0.0000525911
        0.0000000000        0.0000000000       -0.0000244122
       -0.0000164683        0.0000683224       -0.0000525911
        0.0000234872        0.0000724714       -0.0000526452
        0.0000000000        0.0000000000       -0.0000285633
       -0.0000234872       -0.0000724714       -0.0000526452
        0.0000000000        0.0000000000       -0.0454700046
        0.0014389995        0.0276966678        0.0007758913
       -0.0014389995       -0.0276966678        0.0007758913
        0.0000000000        0.0000000000        0.0460073122
        0.0000000000        0.0000000000       -0.0017188320
       -0.0000601477       -0.0000051041       -0.0000045377
        0.0000332464       -0.0000346053        0.0000000000
       -0.0000601477       -0.0000051041        0.0000045377
       -0.0000477535       -0.0000594822       -0.0000500201
        0.0001529027       -0.0000033708        0.0000000000
       -0.0000477535       -0.0000594822        0.0000500201
        0.0000097201       -0.0000111214       -0.0000188872
        0.0000330865       -0.0000296340        0.0000000000
        0.0000097201       -0.0000111214        0.0000188872
        0.0000035397        0.0000224542       -0.0000184673
        0.0000439824        0.0000413303        0.0000000000
        0.0000035397        0.0000224542        0.0000184673
       -0.2853407601       -0.0853297040        0.0000000000
       -0.0130613503       -0.0050387474        0.0016472816
       -0.0130613503       -0.0050387474       -0.0016472816
        0.0015990081        0.0014661132        0.0000000000
        0.3097905174        0.0940738725        0.0000000000
       -0.0001267449        0.0000895893       -0.0000921348
        0.0000011187        0.0002231426        0.0000000000
       -0.0001267449        0.0000895893        0.0000921348
       -0.0000948632       -0.0001309439       -0.0002101039
        0.0002279527       -0.0002854438        0.0000000000
       -0.0000948632       -0.0001309439        0.0002101039
        0.0000200124       -0.0000437846       -0.0000377328
        0.0000965575       -0.0001077617        0.0000000000
        0.0000200124       -0.0000437846        0.0000377328
        0.0000120002        0.0000199990        0.0000018667
        0.0000183074        0.0000311669        0.0000000000
        0.0000120002        0.0000199990       -0.0000018667
       -0.0856384194       -0.0756140011        0.0000000000
        0.0117892460        0.0029366228       -0.0009854593
        0.0117892460        0.0029366228        0.0009854593
       -0.0319786905       -0.0082987921        0.0000000000
        0.0940738725        0.0783087239        0.0000000000
       -0.0000576835       -0.0000057368        0.0000298773
        0.0000000000        0.0000000000        0.0000287070
        0.0000576835        0.0000057368        0.0000298773
        0.0000143713        0.0000033598       -0.0000348428
        0.0000000000        0.0000000000       -0.0000198266
       -0.0000143713       -0.0000033598       -0.0000348428
        0.0000026472       -0.0000267316       -0.0000270673
        0.0000000000        0.0000000000        0.0000221937
       -0.0000026472        0.0000267316       -0.0000270673
       -0.0000002628       -0.0000213870        0.0000201137
        0.0000000000        0.0000000000       -0.0000169760
        0.0000002628        0.0000213870        0.0000201137
        0.0000000000        0.0000000000       -0.0453021298
       -0.0257101535       -0.0107013873        0.0008254920
        0.0257101535        0.0107013873        0.0008254920
        0.0000000000        0.0000000000       -0.0017188320
        0.0000000000        0.0000000000        0.0453797180
