   18   54
        0.0424871098       -0.0000021399       -0.0000128449
        0.0013920950        0.0103218150        0.0248062102
        0.0013921203       -0.0103218900       -0.0248066146
        0.0000116603        0.0000413951        0.0001051950
       -0.0000580147        0.0000807404       -0.0001735748
       -0.0000226450       -0.0005242748        0.0002526701
        0.0005156551       -0.0000000301       -0.0000000549
       -0.0023649847       -0.0000000949       -0.0000003601
       -0.0002172999        0.0001144753        0.0003723051
       -0.0436706199       -0.0000028797       -0.0000143299
       -0.0002172948       -0.0001144198       -0.0003722602
       -0.0000580349       -0.0000807549        0.0001736052
       -0.0000226402        0.0005243103       -0.0002526596
        0.0000116901       -0.0000413996       -0.0001052149
        0.0008250052       -0.0000000099       -0.0000000151
        0.0000061951       -0.0000000151       -0.0000000199
       -0.0000050349        0.0000758948       -0.0001437101
       -0.0000050298       -0.0000759150        0.0001437252
       -0.0000021399        0.1085952300        0.1271631348
       -0.0022766147       -0.0076507800       -0.0161268051
        0.0022765650       -0.0076507851       -0.0161268002
       -0.0000921798       -0.0000387550       -0.0000461600
        0.0002220901        0.0002137253       -0.0001076552
       -0.0003827500       -0.0003172951        0.0003449949
       -0.0000000449       -0.0024086202        0.0050508100
       -0.0000000747        0.0096639701        0.0185221000
        0.0001839300        0.0005757801       -0.0001882250
       -0.0000026350       -0.1023671200       -0.1199246447
       -0.0001838751        0.0005757650       -0.0001882353
       -0.0002221000        0.0002136952       -0.0001076552
        0.0003827546       -0.0003172747        0.0003449901
        0.0000921699       -0.0000387698       -0.0000461702
       -0.0000000401        0.0011317698        0.0011387297
       -0.0000000250       -0.0001779750        0.0004440201
       -0.0000593448       -0.0000011801       -0.0000648254
        0.0000593451       -0.0000011801       -0.0000648103
       -0.0000128449        0.1271631348        0.3081724901
       -0.0008174197        0.0006873549       -0.0010110500
        0.0008177250        0.0006873651       -0.0010110500
       -0.0000736497        0.0000771499       -0.0000070602
       -0.0001145648        0.0001265900        0.0004653998
        0.0004270649        0.0006470498        0.0005683700
       -0.0000000350        0.0047243148       -0.0065705498
       -0.0000001299       -0.0165904950       -0.0163719753
       -0.0003908752       -0.0011850699        0.0003929401
       -0.0000124601       -0.1152771799       -0.2853979549
        0.0003908801       -0.0011850901        0.0003929398
        0.0001145500        0.0001265849        0.0004653998
       -0.0004270703        0.0006470651        0.0005683552
        0.0000736549        0.0000771402       -0.0000070702
       -0.0000000199       -0.0013782198        0.0003020497
       -0.0000000099        0.0002454149       -0.0004620449
        0.0001190898        0.0002136949       -0.0002444602
       -0.0001190699        0.0002137000       -0.0002444551
        0.0013920950       -0.0022766147       -0.0008174197
        0.2601485397       -0.1527732249       -0.0242020496
       -0.0192314099        0.0164372452        0.0026886499
        0.0004060703       -0.0000447747        0.0001757999
        0.0001399002       -0.0000490945       -0.0001324548
       -0.0000212748       -0.0000057099       -0.0001343000
        0.0004473102       -0.0007278152       -0.0000270347
       -0.0015316647       -0.0013943099        0.0017981802
        0.0006741550       -0.0007232200        0.0001425050
       -0.2441004150        0.1416584703        0.0209910903
        0.0009594351        0.0002579051       -0.0008291701
        0.0001094853        0.0003395650        0.0001455751
        0.0000335851       -0.0002341645        0.0001074704
        0.0004037850       -0.0001268799        0.0002071101
        0.0001086855       -0.0002009298       -0.0002166050
        0.0000009905        0.0000348550       -0.0000756498
       -0.0000152249       -0.0000077750        0.0000202897
        0.0000758601       -0.0001181601        0.0001394801
        0.0103218150       -0.0076507800        0.0006873549
       -0.1527732249        0.1536420001        0.0140230401
       -0.0164381552        0.0117908999        0.0020661849
       -0.0008871748       -0.0002186553        0.0003703849
       -0.0001989599        0.0004508701       -0.0000624399
        0.0000062599       -0.0000776450        0.0000042550
       -0.0011239896        0.0014067348       -0.0019486947
        0.0206655952       -0.0145937750       -0.0040158801
        0.0011710699        0.0009430451       -0.0010054751
        0.1393386748       -0.1423580449       -0.0145621649
       -0.0010881899       -0.0031914848        0.0042521398
        0.0015816298       -0.0007415051        0.0002031351
       -0.0003796703        0.0003148554        0.0001172953
        0.0001255799        0.0001278650        0.0000451647
       -0.0001222548        0.0000991849       -0.0000332003
       -0.0000428500        0.0000030599        0.0000301151
       -0.0000100002       -0.0000354353        0.0000086399
       -0.0000995550        0.0000889048       -0.0001894551
        0.0248062102       -0.0161268051       -0.0010110500
       -0.0242020496        0.0140230401        0.0459134998
       -0.0026889848        0.0020661901       -0.0006452549
        0.0005136255        0.0001696350        0.0002005800
       -0.0000915799       -0.0002282198       -0.0000852097
        0.0001690648       -0.0000614199       -0.0000223702
        0.0002810702       -0.0003286002        0.0022594801
       -0.0208199845        0.0146283548        0.0007716150
       -0.0009042199       -0.0011262946        0.0005856703
        0.0232528501       -0.0168572646       -0.0447611149
        0.0003980551        0.0027543052       -0.0038008349
       -0.0011272598        0.0011306452        0.0001800450
        0.0000685898        0.0001635354        0.0002582203
        0.0002063351       -0.0000663999       -0.0000508803
        0.0000864355        0.0000378250       -0.0001132199
        0.0000118854       -0.0000304198        0.0000309453
       -0.0000437998       -0.0000549201        0.0000882346
        0.0000633304       -0.0001034650        0.0002012101
        0.0013921203        0.0022765650        0.0008177250
       -0.0192314099       -0.0164381552       -0.0026889848
        0.2601485301        0.1528184450        0.0241829497
        0.0004037801        0.0001269098       -0.0002071002
        0.0001095103       -0.0003395547       -0.0001455501
        0.0000336101        0.0002341747       -0.0001074901
        0.0004473000        0.0007277649        0.0000270850
       -0.0015316547        0.0013936548       -0.0017981048
        0.0009594351       -0.0002579802        0.0008291300
       -0.2441004099       -0.1416122851       -0.0210090047
        0.0006741601        0.0007232501       -0.0001424701
        0.0001398848        0.0000490999        0.0001324699
       -0.0000212651        0.0000057102        0.0001343003
        0.0004060999        0.0000448100       -0.0001757951
        0.0001086804        0.0002009298        0.0002165899
        0.0000010002       -0.0000348652        0.0000756299
        0.0000758649        0.0001181448       -0.0001394602
       -0.0000152099        0.0000077696       -0.0000202803
       -0.0103218900       -0.0076507851        0.0006873651
        0.0164372452        0.0117908999        0.0020661901
        0.1528184450        0.1536420001        0.0140230449
       -0.0001255799        0.0001278647        0.0000451698
       -0.0015816599       -0.0007414798        0.0002031351
        0.0003796600        0.0003148401        0.0001172899
        0.0011239450        0.0014067248       -0.0019486947
       -0.0206656648       -0.0145937901       -0.0040158750
        0.0010880950       -0.0031914800        0.0042521447
       -0.1392933100       -0.1423580400       -0.0145621701
       -0.0011711299        0.0009430300       -0.0010054853
        0.0001989551        0.0004508499       -0.0000624451
       -0.0000062852       -0.0000776399        0.0000042454
        0.0008871848       -0.0002186550        0.0003703747
        0.0001222301        0.0000991801       -0.0000331903
        0.0000428301        0.0000030602        0.0000301151
        0.0000995698        0.0000888997       -0.0001894603
        0.0000099999       -0.0000354351        0.0000086447
       -0.0248066146       -0.0161268002       -0.0010110500
        0.0026886499        0.0020661849       -0.0006452549
        0.0241829497        0.0140230449        0.0459134901
       -0.0002063149       -0.0000663951       -0.0000508601
        0.0011272402        0.0011306750        0.0001800399
       -0.0000686001        0.0001635300        0.0002582297
       -0.0002810052       -0.0003286053        0.0022594850
        0.0208197201        0.0146283548        0.0007716250
       -0.0003980651        0.0027543101       -0.0038008253
       -0.0232739902       -0.0168572549       -0.0447611200
        0.0009042148       -0.0011262952        0.0005856751
        0.0000915850       -0.0002282351       -0.0000852100
       -0.0001690853       -0.0000614048       -0.0000223747
       -0.0005136201        0.0001696398        0.0002005947
       -0.0000864549        0.0000378199       -0.0001132202
       -0.0000119098       -0.0000304149        0.0000309501
       -0.0000633202       -0.0001034502        0.0002012047
        0.0000438203       -0.0000549150        0.0000882497
        0.0000116603       -0.0000921798       -0.0000736497
        0.0004060703       -0.0008871748        0.0005136255
        0.0004037801       -0.0001255799       -0.0002063149
        0.2592085298       -0.1493136747       -0.0358760951
        0.0006903352       -0.0017605248        0.0002070652
        0.0024334551       -0.0028100749       -0.0010892600
        0.0037454851        0.0005568998        0.0007675553
       -0.0232647997        0.0190121150        0.0051146151
       -0.2388809347        0.1380418053        0.0327414850
        0.0008689901        0.0015581801       -0.0006857147
       -0.0041485598       -0.0051194996       -0.0008801149
        0.0003348151       -0.0001087898       -0.0000215499
        0.0003902099       -0.0000848596        0.0000746954
       -0.0017615199        0.0009600652        0.0001567102
       -0.0003587195        0.0001687951       -0.0006620598
        0.0000212853        0.0000059651       -0.0000581099
       -0.0002689100        0.0001158099       -0.0002015551
        0.0001687653       -0.0000751601        0.0001622001
        0.0000413951       -0.0000387550        0.0000771499
       -0.0000447747       -0.0002186553        0.0001696350
        0.0001269098        0.0001278647       -0.0000663951
       -0.1493136747        0.1505056701        0.0239582849
        0.0182986099       -0.0122243850       -0.0051424252
        0.0099239600       -0.0073783650        0.0001350901
        0.0013631501        0.0013130347        0.0014549551
       -0.0168447249        0.0094254648        0.0028531599
        0.1408272598       -0.1417627900       -0.0222478999
       -0.0002616400        0.0012032251       -0.0004822550
       -0.0029342701       -0.0017652201       -0.0003296253
       -0.0001595549        0.0000660251       -0.0002180553
       -0.0000389304       -0.0000892749        0.0001368002
       -0.0009600799        0.0007574201       -0.0000538151
        0.0002427853        0.0003976049       -0.0003972204
       -0.0000052700        0.0000271851        0.0000125300
       -0.0000733002       -0.0002072400        0.0000316896
       -0.0001442601       -0.0001383754        0.0001005498
        0.0001051950       -0.0000461600       -0.0000070602
        0.0001757999        0.0003703849        0.0002005800
       -0.0002071002        0.0000451698       -0.0000508601
       -0.0358760951        0.0239582849        0.0479196103
       -0.0195469650        0.0125508402        0.0035276648
        0.0250124398       -0.0161569602       -0.0024290802
       -0.0000059350        0.0006686747        0.0004835348
       -0.0029125201        0.0006274846       -0.0013076053
        0.0334977349       -0.0216557800       -0.0489436101
        0.0005527897       -0.0004057298       -0.0002890701
       -0.0006041250       -0.0001323599        0.0000058796
        0.0001739298       -0.0002820502        0.0001506046
       -0.0002233605        0.0001952100        0.0002230101
       -0.0001567204       -0.0000538299        0.0006017697
       -0.0003193648        0.0001354047       -0.0001342855
        0.0000453051       -0.0000139502       -0.0000019000
        0.0000849448        0.0001798244       -0.0000358304
        0.0001857148        0.0000065597        0.0000865097
       -0.0000580147        0.0002220901       -0.0001145648
        0.0001399002       -0.0001989599       -0.0000915799
        0.0001095103       -0.0015816599        0.0011272402
        0.0006903352        0.0182986099       -0.0195469650
        0.0461010399        0.0002993252        0.0016360150
       -0.0011053399        0.0012091149       -0.0009533801
        0.0010046054        0.0015098300        0.0000610200
        0.0009242854       -0.0189722101        0.0221043803
       -0.0447102298        0.0023748552       -0.0014934599
       -0.0049285200       -0.0027727498       -0.0012060548
        0.0018937652       -0.0007656249        0.0007549050
       -0.0005227847        0.0004048050       -0.0003260899
       -0.0000420300        0.0000276353       -0.0000052395
        0.0003348302        0.0001595603       -0.0001739451
        0.0006584003        0.0001149402       -0.0008884200
       -0.0000793048        0.0000947901       -0.0000385899
       -0.0001810048       -0.0004604851       -0.0007877202
       -0.0002297750        0.0000183749       -0.0000719601
        0.0000807404        0.0002137253        0.0001265900
       -0.0000490945        0.0004508701       -0.0002282198
       -0.0003395547       -0.0007414798        0.0011306750
       -0.0017605248       -0.0122243850        0.0125508402
        0.0002993252        0.2170031399       -0.1625567049
       -0.0001170599        0.0109611599       -0.0106435601
        0.0004096853        0.0010206449       -0.0011442501
        0.0032542502       -0.0128778200        0.0148520098
        0.0009834750       -0.2033740597        0.1489290199
       -0.0039722650       -0.0015414849       -0.0015660896
        0.0014881351        0.0003961298       -0.0005296749
       -0.0004048249        0.0007102449       -0.0001540201
       -0.0000032401       -0.0000164448       -0.0001435146
        0.0001087949        0.0000660350       -0.0002820349
       -0.0010712247       -0.0008526101        0.0010880149
        0.0004207752        0.0004296803       -0.0001815147
        0.0006026352        0.0002706000       -0.0010691051
        0.0000527950        0.0001064649       -0.0001215352
       -0.0001735748       -0.0001076552        0.0004653998
       -0.0001324548       -0.0000624399       -0.0000852097
       -0.0001455501        0.0002031351        0.0001800399
        0.0002070652       -0.0051424252        0.0035276648
        0.0016360150       -0.1625567049        0.1971173202
       -0.0002976049        0.0228052849       -0.0186318903
        0.0008442251        0.0008141546        0.0003633099
       -0.0009756749       -0.0031140004        0.0013293550
       -0.0003897949        0.1500573549       -0.1817520450
        0.0005192149       -0.0001700053        0.0006609099
       -0.0000321600       -0.0001258400       -0.0000953150
        0.0003260848       -0.0001540300        0.0003048049
        0.0000030096        0.0001186550       -0.0000752146
        0.0000215698       -0.0002180749        0.0001506046
        0.0000911450       -0.0005387901       -0.0019985401
       -0.0002230300       -0.0002458350        0.0001726949
       -0.0013445901       -0.0016087805       -0.0017233103
        0.0000530551        0.0001015448        0.0000892499
       -0.0000226450       -0.0003827500        0.0004270649
       -0.0000212748        0.0000062599        0.0001690648
        0.0000336101        0.0003796600       -0.0000686001
        0.0024334551        0.0099239600        0.0250124398
       -0.0011053399       -0.0001170599       -0.0002976049
        0.0450445901        0.0079612147        0.0125064449
       -0.0046114499       -0.0053444151       -0.0036690801
        0.0012213752       -0.0086562451       -0.0246997848
       -0.0440752999       -0.0046971098       -0.0112834303
        0.0009526150        0.0006934650       -0.0003832500
        0.0006777850        0.0005490449        0.0002016048
       -0.0000420650        0.0000032350       -0.0000030101
       -0.0009423101        0.0001162701        0.0001557149
        0.0003902099        0.0000389400        0.0002233597
       -0.0003519099       -0.0013481599        0.0019691649
        0.0000710602        0.0001057299       -0.0001503651
        0.0003349697        0.0005607845        0.0000472096
        0.0000122000        0.0002025948       -0.0001846152
       -0.0005242748       -0.0003172951        0.0006470498
       -0.0000057099       -0.0000776450       -0.0000614199
        0.0002341747        0.0003148401        0.0001635300
       -0.0028100749       -0.0073783650       -0.0161569602
        0.0012091149        0.0109611599        0.0228052849
        0.0079612147        0.1008895401        0.1238222549
       -0.0054370898       -0.0032581102       -0.0029661800
        0.0032994501       -0.0071773300       -0.0168409500
       -0.0057138851       -0.0945264199       -0.1135476950
        0.0007360148        0.0003029749       -0.0006113049
        0.0006928900        0.0002766998        0.0002450400
       -0.0000276401       -0.0000164550        0.0001186348
       -0.0001162854        0.0004499353        0.0001680249
        0.0000848698       -0.0000892899        0.0001951949
       -0.0004980549       -0.0011953151        0.0024687196
        0.0002030401        0.0002433950       -0.0002177850
        0.0007663698        0.0004126647        0.0000115347
       -0.0000584399        0.0001851799       -0.0002274402
        0.0002526701        0.0003449949        0.0005683700
       -0.0001343000        0.0000042550       -0.0000223702
       -0.0001074901        0.0001172899        0.0002582297
       -0.0010892600        0.0001350901       -0.0024290802
       -0.0009533801       -0.0106435601       -0.0186318903
        0.0125064449        0.1238222549        0.3107780702
       -0.0010512099        0.0001656898        0.0006900149
        0.0031136653        0.0008730697       -0.0033860701
       -0.0132742301       -0.1153208851       -0.2888494453
        0.0006632848        0.0006828648       -0.0000956450
        0.0003297447        0.0000763399       -0.0001848403
        0.0000052299       -0.0001435401       -0.0000752152
       -0.0001557353        0.0001680399        0.0005265201
       -0.0000746851        0.0001367951        0.0002230198
        0.0004999350       -0.0001992601        0.0003150396
       -0.0001823301       -0.0001512700        0.0000373649
       -0.0003075152       -0.0000842354        0.0003194896
       -0.0000657349        0.0000343547       -0.0000415852
        0.0005156551       -0.0000000449       -0.0000000350
        0.0004473102       -0.0011239896        0.0002810702
        0.0004473000        0.0011239450       -0.0002810052
        0.0037454851        0.0013631501       -0.0000059350
        0.0010046054        0.0004096853        0.0008442251
       -0.0046114499       -0.0054370898       -0.0010512099
        0.0995408197       -0.0000075499       -0.0000115347
       -0.0632213448       -0.0000033000       -0.0000053998
        0.0016390800       -0.0166897297       -0.0277807499
        0.0024927002       -0.0000000847       -0.0000006048
        0.0016390851        0.0166896351        0.0277806851
        0.0010045849       -0.0004097498       -0.0008442001
       -0.0046114403        0.0054370506        0.0010510905
        0.0037455050       -0.0013628897        0.0000060800
       -0.0610356096       -0.0000034797       -0.0000070349
        0.0008585053       -0.0000001546       -0.0000002547
        0.0081991649       -0.0144231902        0.0263148797
        0.0081991652        0.0144230202       -0.0263151949
       -0.0000000301       -0.0024086202        0.0047243148
       -0.0007278152        0.0014067348       -0.0003286002
        0.0007277649        0.0014067248       -0.0003286053
        0.0005568998        0.0013130347        0.0006686747
        0.0015098300        0.0010206449        0.0008141546
       -0.0053444151       -0.0032581102        0.0001656898
       -0.0000075499        0.3173457304       -0.0224952751
       -0.0000038750       -0.1377769652       -0.0378284253
       -0.0017531002       -0.0155907850       -0.0295128604
       -0.0000001452        0.0111740997        0.0206406500
        0.0017525900       -0.0155907853       -0.0295128652
       -0.0015098453        0.0010206097        0.0008141598
        0.0053442696       -0.0032580999        0.0001656949
       -0.0005569501        0.0013130199        0.0006686696
       -0.0000041851       -0.1459704004        0.0558435346
       -0.0000001299        0.0145486749       -0.0180764653
        0.0000139647       -0.0133477403        0.0268187148
       -0.0000145351       -0.0133477354        0.0268187398
       -0.0000000549        0.0050508100       -0.0065705498
       -0.0000270347       -0.0019486947        0.0022594801
        0.0000270850       -0.0019486947        0.0022594850
        0.0007675553        0.0014549551        0.0004835348
        0.0000610200       -0.0011442501        0.0003633099
       -0.0036690801       -0.0029661800        0.0006900149
       -0.0000115347       -0.0224952751        0.5070874499
       -0.0000064747       -0.0678314149       -0.1550717599
       -0.0026372601       -0.0131934047       -0.0190012250
       -0.0000004050       -0.0200978099       -0.0496740898
        0.0026363801       -0.0131934002       -0.0190012301
       -0.0000611200       -0.0011442651        0.0003633147
        0.0036688650       -0.0029661547        0.0006900152
       -0.0007676050        0.0014549653        0.0004835297
       -0.0000075946        0.0896365148       -0.1983389100
       -0.0000005048        0.0227720500       -0.0361209999
        0.0060502950        0.0143095301       -0.0154512301
       -0.0060510999        0.0143095301       -0.0154512202
       -0.0023649847       -0.0000000747       -0.0000001299
       -0.0015316647        0.0206655952       -0.0208199845
       -0.0015316547       -0.0206656648        0.0208197201
       -0.0232647997       -0.0168447249       -0.0029125201
        0.0009242854        0.0032542502       -0.0009756749
        0.0012213752        0.0032994501        0.0031136653
       -0.0632213448       -0.0000038750       -0.0000064747
        0.5337453797        0.0000145801       -0.0000186799
       -0.1695084748       -0.0560845848        0.0012219252
       -0.0785230350       -0.0000054499       -0.0000042448
       -0.1695084896        0.0561062953       -0.0012316352
        0.0009242700       -0.0032546998        0.0009754751
        0.0012213749       -0.0032997147       -0.0031137796
       -0.0232647849        0.0168430452        0.0029117899
       -0.0046916398       -0.0000003701       -0.0000005099
       -0.0003655947       -0.0000000898       -0.0000000696
       -0.0001306898        0.0005485700        0.0022818099
       -0.0001306699       -0.0005486649       -0.0022818350
       -0.0000000949        0.0096639701       -0.0165904950
       -0.0013943099       -0.0145937750        0.0146283548
        0.0013936548       -0.0145937901        0.0146283548
        0.0190121150        0.0094254648        0.0006274846
       -0.0189722101       -0.0128778200       -0.0031140004
       -0.0086562451       -0.0071773300        0.0008730697
       -0.0000033000       -0.1377769652       -0.0678314149
        0.0000145801        0.5428579902       -0.0449399201
       -0.0587778851       -0.1138167150        0.0057108548
       -0.0000054851       -0.1484139750        0.0680931799
        0.0587988649       -0.1138167201        0.0057108548
        0.0189720447       -0.0128778302       -0.0031139902
        0.0086559396       -0.0071773098        0.0008730800
       -0.0190134551        0.0094254449        0.0006274846
       -0.0000001251        0.0167584497        0.0114529698
       -0.0000000301       -0.0017502049        0.0056057098
       -0.0016909152       -0.0016293706        0.0034008744
        0.0016909451       -0.0016293802        0.0034008795
       -0.0000003601        0.0185221000       -0.0163719753
        0.0017981802       -0.0040158801        0.0007716150
       -0.0017981048       -0.0040158750        0.0007716250
        0.0051146151        0.0028531599       -0.0013076053
        0.0221043803        0.0148520098        0.0013293550
       -0.0246997848       -0.0168409500       -0.0033860701
       -0.0000053998       -0.0378284253       -0.1550717599
       -0.0000186799       -0.0449399201        0.5022728800
       -0.0028334549        0.0026262450       -0.0762799402
       -0.0000040552        0.0801325649       -0.1367564550
        0.0028226401        0.0026262401       -0.0762799351
       -0.0221048001        0.0148519950        0.0013293550
        0.0246993997       -0.0168409397       -0.0033860698
       -0.0051149951        0.0028531551       -0.0013076050
       -0.0000001748       -0.0098849199       -0.0459362701
       -0.0000000750        0.0032080902       -0.0004980399
       -0.0022307952       -0.0040595350        0.0050525850
        0.0022308151       -0.0040595251        0.0050525799
       -0.0002172999        0.0001839300       -0.0003908752
        0.0006741550        0.0011710699       -0.0009042199
        0.0009594351        0.0010880950       -0.0003980651
       -0.2388809347        0.1408272598        0.0334977349
       -0.0447102298        0.0009834750       -0.0003897949
       -0.0440752999       -0.0057138851       -0.0132742301
        0.0016390800       -0.0017531002       -0.0026372601
       -0.1695084748       -0.0587778851       -0.0028334549
        0.5302558100       -0.0586874899       -0.0136812801
       -0.0028007651       -0.0042415550        0.0020990601
       -0.0325572449       -0.0158319000       -0.0002817450
        0.0018937502       -0.0014882050        0.0000321847
        0.0006777947       -0.0006929096       -0.0003297546
       -0.0041485453        0.0029341501        0.0006040199
        0.0005271102        0.0007183851       -0.0012607802
        0.0001985751       -0.0000927849        0.0004651602
        0.0001186950       -0.0004025003       -0.0006696854
       -0.0000460349       -0.0001844751        0.0002856049
        0.0001144753        0.0005757801       -0.0011850699
       -0.0007232200        0.0009430451       -0.0011262946
       -0.0002579802       -0.0031914800        0.0027543101
        0.1380418053       -0.1417627900       -0.0216557800
        0.0023748552       -0.2033740597        0.1500573549
       -0.0046971098       -0.0945264199       -0.1153208851
       -0.0166897297       -0.0155907850       -0.0131934047
       -0.0560845848       -0.1138167150        0.0026262450
       -0.0586874899        0.5803208899       -0.0068093999
       -0.0240934651       -0.0187797900        0.0037040900
        0.0158302350        0.0105844802        0.0026328050
        0.0007657002        0.0003961250       -0.0001258198
       -0.0005489551        0.0002767200        0.0000763353
        0.0051193848       -0.0017652246       -0.0001323548
        0.0013699002        0.0000666250       -0.0014534402
       -0.0004486148       -0.0004898098        0.0003170351
       -0.0012977600        0.0000158650       -0.0009088902
       -0.0000490448        0.0001179350       -0.0001971151
        0.0003723051       -0.0001882250        0.0003929401
        0.0001425050       -0.0010054751        0.0005856703
        0.0008291300        0.0042521447       -0.0038008253
        0.0327414850       -0.0222478999       -0.0489436101
       -0.0014934599        0.1489290199       -0.1817520450
       -0.0112834303       -0.1135476950       -0.2888494453
       -0.0277807499       -0.0295128604       -0.0190012250
        0.0012219252        0.0057108548       -0.0762799402
       -0.0136812801       -0.0068093999        0.6105484903
        0.0214613397        0.0165227297        0.0015921452
        0.0002813201        0.0026327999        0.0037956099
       -0.0007548800       -0.0005296852       -0.0000953153
       -0.0002015602        0.0002450500       -0.0001848497
        0.0008801049       -0.0003296302        0.0000058847
       -0.0024548251       -0.0046967904        0.0035824146
       -0.0000120150        0.0002598898       -0.0001715802
       -0.0000137453       -0.0001524003       -0.0007514055
       -0.0003223050        0.0005270246       -0.0006730801
       -0.0436706199       -0.0000026350       -0.0000124601
       -0.2441004150        0.1393386748        0.0232528501
       -0.2441004099       -0.1392933100       -0.0232739902
        0.0008689901       -0.0002616400        0.0005527897
       -0.0049285200       -0.0039722650        0.0005192149
        0.0009526150        0.0007360148        0.0006632848
        0.0024927002       -0.0000001452       -0.0000004050
       -0.0785230350       -0.0000054851       -0.0000040552
       -0.0028007651       -0.0240934651        0.0214613397
        0.6197794602        0.0000393749       -0.0000374251
       -0.0028007500        0.0240932499       -0.0214616051
       -0.0049285350        0.0039721601       -0.0005192703
        0.0009526249       -0.0007359199       -0.0006632999
        0.0008690100        0.0002617651       -0.0005527650
       -0.0004743251       -0.0000000102       -0.0000000350
        0.0002485100       -0.0000000151       -0.0000000099
        0.0000813998       -0.0001190205       -0.0001596104
        0.0000813949        0.0001189849        0.0001596098
       -0.0000028797       -0.1023671200       -0.1152771799
        0.1416584703       -0.1423580449       -0.0168572646
       -0.1416122851       -0.1423580400       -0.0168572549
        0.0015581801        0.0012032251       -0.0004057298
       -0.0027727498       -0.0015414849       -0.0001700053
        0.0006934650        0.0003029749        0.0006828648
       -0.0000000847        0.0111740997       -0.0200978099
       -0.0000054499       -0.1484139750        0.0801325649
       -0.0042415550       -0.0187797900        0.0165227297
        0.0000393749        0.5632897199        0.0608185903
        0.0042412552       -0.0187797900        0.0165227348
        0.0027726600       -0.0015415000       -0.0001700002
       -0.0006934002        0.0003029803        0.0006828600
       -0.0015582100        0.0012032203       -0.0004057250
       -0.0000000699       -0.0023781649       -0.0031688450
       -0.0000000247        0.0005436650       -0.0011813498
        0.0002503299        0.0002491998       -0.0003717301
       -0.0002503151        0.0002492050       -0.0003717150
       -0.0000143299       -0.1199246447       -0.2853979549
        0.0209910903       -0.0145621649       -0.0447611149
       -0.0210090047       -0.0145621701       -0.0447611200
       -0.0006857147       -0.0004822550       -0.0002890701
       -0.0012060548       -0.0015660896        0.0006609099
       -0.0003832500       -0.0006113049       -0.0000956450
       -0.0000006048        0.0206406500       -0.0496740898
       -0.0000042448        0.0680931799       -0.1367564550
        0.0020990601        0.0037040900        0.0015921452
       -0.0000374251        0.0608185903        0.5629611098
       -0.0020990950        0.0037040800        0.0015921501
        0.0012060300       -0.0015661047        0.0006609051
        0.0003832750       -0.0006112896       -0.0000956399
        0.0006857601       -0.0004822698       -0.0002890752
       -0.0000001046       -0.0034932700       -0.0037087901
       -0.0000000097        0.0006231301       -0.0012955698
        0.0002250502        0.0001525800       -0.0001712800
       -0.0002249848        0.0001525851       -0.0001712752
       -0.0002172948       -0.0001838751        0.0003908801
        0.0009594351       -0.0010881899        0.0003980551
        0.0006741601       -0.0011711299        0.0009042148
       -0.0041485598       -0.0029342701       -0.0006041250
        0.0018937652        0.0014881351       -0.0000321600
        0.0006777850        0.0006928900        0.0003297447
        0.0016390851        0.0017525900        0.0026363801
       -0.1695084896        0.0587988649        0.0028226401
       -0.0325572449        0.0158302350        0.0002813201
       -0.0028007500        0.0042412552       -0.0020990950
        0.5302558100        0.0587292152        0.0136143450
       -0.0447102499       -0.0010015597        0.0003775699
       -0.0440752851        0.0057089753        0.0132497902
       -0.2388809150       -0.1407850951       -0.0335168352
        0.0005271150       -0.0007183851        0.0012608149
        0.0001985651        0.0000927753       -0.0004651801
       -0.0000460298        0.0001844447       -0.0002855802
        0.0001187101        0.0004025051        0.0006696200
       -0.0001144198        0.0005757650       -0.0011850901
        0.0002579051       -0.0031914848        0.0027543052
        0.0007232501        0.0009430300       -0.0011262952
       -0.0051194996       -0.0017652201       -0.0001323599
       -0.0007656249        0.0003961298       -0.0001258400
        0.0005490449        0.0002766998        0.0000763399
        0.0166896351       -0.0155907853       -0.0131934002
        0.0561062953       -0.1138167201        0.0026262401
       -0.0158319000        0.0105844802        0.0026327999
        0.0240932499       -0.0187797900        0.0037040800
        0.0587292152        0.5803209001       -0.0068094050
       -0.0023942451       -0.2033740850        0.1500573498
        0.0046921949       -0.0945264097       -0.1153208899
       -0.1379989303       -0.1417628098       -0.0216557902
       -0.0013699298        0.0000666199       -0.0014534453
        0.0004485901       -0.0004898149        0.0003170300
        0.0000490797        0.0001179248       -0.0001971202
        0.0012978251        0.0000158698       -0.0009088853
       -0.0003722602       -0.0001882353        0.0003929398
       -0.0008291701        0.0042521398       -0.0038008349
       -0.0001424701       -0.0010054853        0.0005856751
       -0.0008801149       -0.0003296253        0.0000058796
        0.0007549050       -0.0005296749       -0.0000953150
        0.0002016048        0.0002450400       -0.0001848403
        0.0277806851       -0.0295128652       -0.0190012301
       -0.0012316352        0.0057108548       -0.0762799351
       -0.0002817450        0.0026328050        0.0037956099
       -0.0214616051        0.0165227348        0.0015921501
        0.0136143450       -0.0068094050        0.6105484903
        0.0014788100        0.1489289997       -0.1817520652
        0.0112552198       -0.1135476847       -0.2888494498
       -0.0327572900       -0.0222479048       -0.0489436101
        0.0024548351       -0.0046967952        0.0035824047
        0.0000120050        0.0002598898       -0.0001715850
        0.0003223548        0.0005270195       -0.0006730855
        0.0000137848       -0.0001524000       -0.0007514055
       -0.0000580349       -0.0002221000        0.0001145500
        0.0001094853        0.0015816298       -0.0011272598
        0.0001398848        0.0001989551        0.0000915850
        0.0003348151       -0.0001595549        0.0001739298
       -0.0005227847       -0.0004048249        0.0003260848
       -0.0000420650       -0.0000276401        0.0000052299
        0.0010045849       -0.0015098453       -0.0000611200
        0.0009242700        0.0189720447       -0.0221048001
        0.0018937502        0.0007657002       -0.0007548800
       -0.0049285350        0.0027726600        0.0012060300
       -0.0447102499       -0.0023942451        0.0014788100
        0.0461010700       -0.0003154000       -0.0016495500
       -0.0011053550       -0.0012092747        0.0009531104
        0.0006903198       -0.0182987199        0.0195466600
        0.0006583903       -0.0001149050        0.0008884700
       -0.0000793250       -0.0000948049        0.0000385501
       -0.0002297901       -0.0000183903        0.0000719746
       -0.0001810150        0.0004605249        0.0007877449
       -0.0000807549        0.0002136952        0.0001265849
        0.0003395650       -0.0007415051        0.0011306452
        0.0000490999        0.0004508499       -0.0002282351
       -0.0001087898        0.0000660251       -0.0002820502
        0.0004048050        0.0007102449       -0.0001540300
        0.0000032350       -0.0000164550       -0.0001435401
       -0.0004097498        0.0010206097       -0.0011442651
       -0.0032546998       -0.0128778302        0.0148519950
       -0.0014882050        0.0003961250       -0.0005296852
        0.0039721601       -0.0015415000       -0.0015661047
       -0.0010015597       -0.2033740850        0.1489289997
       -0.0003154000        0.2170031701       -0.1625567052
        0.0001170898        0.0109611551       -0.0106435650
        0.0017604350       -0.0122244097        0.0125508350
        0.0010712651       -0.0008526251        0.0010879899
       -0.0004207851        0.0004296550       -0.0001815349
       -0.0000527652        0.0001064447       -0.0001215705
       -0.0006026198        0.0002706000       -0.0010691153
        0.0001736052       -0.0001076552        0.0004653998
        0.0001455751        0.0002031351        0.0001800450
        0.0001324699       -0.0000624451       -0.0000852100
       -0.0000215499       -0.0002180553        0.0001506046
       -0.0003260899       -0.0001540201        0.0003048049
       -0.0000030101        0.0001186348       -0.0000752152
       -0.0008442001        0.0008141598        0.0003633147
        0.0009754751       -0.0031139902        0.0013293550
        0.0000321847       -0.0001258198       -0.0000953153
       -0.0005192703       -0.0001700002        0.0006609051
        0.0003775699        0.1500573498       -0.1817520652
       -0.0016495500       -0.1625567052        0.1971173202
        0.0002971498        0.0228052852       -0.0186318897
       -0.0002067202       -0.0051424399        0.0035276545
       -0.0000911999       -0.0005387901       -0.0019985302
        0.0002230001       -0.0002458299        0.0001727000
       -0.0000530451        0.0001015445        0.0000892499
        0.0013445950       -0.0016087751       -0.0017233052
       -0.0000226402        0.0003827546       -0.0004270703
        0.0000335851       -0.0003796703        0.0000685898
       -0.0000212651       -0.0000062852       -0.0001690853
        0.0003902099       -0.0000389304       -0.0002233605
       -0.0000420300       -0.0000032401        0.0000030096
       -0.0009423101       -0.0001162854       -0.0001557353
       -0.0046114403        0.0053442696        0.0036688650
        0.0012213749        0.0086559396        0.0246993997
        0.0006777947       -0.0005489551       -0.0002015602
        0.0009526249       -0.0006934002        0.0003832750
       -0.0440752851        0.0046921949        0.0112552198
       -0.0011053550        0.0001170898        0.0002971498
        0.0450445805       -0.0079646850       -0.0125317251
        0.0024334898       -0.0099240549       -0.0250128653
       -0.0003519102        0.0013481096       -0.0019691853
        0.0000710497       -0.0001057501        0.0001503250
        0.0000121949       -0.0002026152        0.0001846095
        0.0003349848       -0.0005607953       -0.0000472252
        0.0005243103       -0.0003172747        0.0006470651
       -0.0002341645        0.0003148554        0.0001635354
        0.0000057102       -0.0000776399       -0.0000614048
       -0.0000848596       -0.0000892749        0.0001952100
        0.0000276353       -0.0000164448        0.0001186550
        0.0001162701        0.0004499353        0.0001680399
        0.0054370506       -0.0032580999       -0.0029661547
       -0.0032997147       -0.0071773098       -0.0168409397
       -0.0006929096        0.0002767200        0.0002450500
       -0.0007359199        0.0003029803       -0.0006112896
        0.0057089753       -0.0945264097       -0.1135476847
       -0.0012092747        0.0109611551        0.0228052852
       -0.0079646850        0.1008895197        0.1238222654
        0.0028100200       -0.0073783596       -0.0161569548
        0.0004980103       -0.0011953048        0.0024687199
       -0.0002030399        0.0002434103       -0.0002177697
        0.0000584703        0.0001851748       -0.0002274351
       -0.0007663499        0.0004126849        0.0000115551
       -0.0002526596        0.0003449901        0.0005683552
        0.0001074704        0.0001172953        0.0002582203
        0.0001343003        0.0000042454       -0.0000223747
        0.0000746954        0.0001368002        0.0002230101
       -0.0000052395       -0.0001435146       -0.0000752146
        0.0001557149        0.0001680249        0.0005265201
        0.0010510905        0.0001656949        0.0006900152
       -0.0031137796        0.0008730800       -0.0033860698
       -0.0003297546        0.0000763353       -0.0001848497
       -0.0006632999        0.0006828600       -0.0000956399
        0.0132497902       -0.1153208899       -0.2888494498
        0.0009531104       -0.0106435650       -0.0186318897
       -0.0125317251        0.1238222654        0.3107780697
        0.0010895201        0.0001350855       -0.0024290799
       -0.0004999598       -0.0001992598        0.0003150549
        0.0001823003       -0.0001512797        0.0000373504
        0.0000657400        0.0000343448       -0.0000415901
        0.0003075252       -0.0000842348        0.0003194950
        0.0000116901        0.0000921699        0.0000736549
        0.0004037850        0.0001255799        0.0002063351
        0.0004060999        0.0008871848       -0.0005136201
       -0.0017615199       -0.0009600799       -0.0001567204
        0.0003348302        0.0001087949        0.0000215698
        0.0003902099        0.0000848698       -0.0000746851
        0.0037455050       -0.0005569501       -0.0007676050
       -0.0232647849       -0.0190134551       -0.0051149951
       -0.0041485453        0.0051193848        0.0008801049
        0.0008690100       -0.0015582100        0.0006857601
       -0.2388809150       -0.1379989303       -0.0327572900
        0.0006903198        0.0017604350       -0.0002067202
        0.0024334898        0.0028100200        0.0010895201
        0.2592085002        0.1493562149        0.0358591197
       -0.0003587149       -0.0001687553        0.0006620948
        0.0000212950       -0.0000059751        0.0000580951
        0.0001687749        0.0000751447       -0.0001621854
       -0.0002688850       -0.0001158003        0.0002015798
       -0.0000413996       -0.0000387698        0.0000771402
       -0.0001268799        0.0001278650       -0.0000663999
        0.0000448100       -0.0002186550        0.0001696398
        0.0009600652        0.0007574201       -0.0000538299
        0.0001595603        0.0000660350       -0.0002180749
        0.0000389400       -0.0000892899        0.0001367951
       -0.0013628897        0.0013130199        0.0014549653
        0.0168430452        0.0094254449        0.0028531551
        0.0029341501       -0.0017652246       -0.0003296302
        0.0002617651        0.0012032203       -0.0004822698
       -0.1407850951       -0.1417628098       -0.0222479048
       -0.0182987199       -0.0122244097       -0.0051424399
       -0.0099240549       -0.0073783596        0.0001350855
        0.1493562149        0.1505056798        0.0239582801
       -0.0002428197        0.0003975950       -0.0003972201
        0.0000052552        0.0000271851        0.0000125300
        0.0001442800       -0.0001384001        0.0001005549
        0.0000733104       -0.0002072449        0.0000316800
       -0.0001052149       -0.0000461702       -0.0000070702
        0.0002071101        0.0000451647       -0.0000508803
       -0.0001757951        0.0003703747        0.0002005947
        0.0001567102       -0.0000538151        0.0006017697
       -0.0001739451       -0.0002820349        0.0001506046
        0.0002233597        0.0001951949        0.0002230198
        0.0000060800        0.0006686696        0.0004835297
        0.0029117899        0.0006274846       -0.0013076050
        0.0006040199       -0.0001323548        0.0000058847
       -0.0005527650       -0.0004057250       -0.0002890752
       -0.0335168352       -0.0216557902       -0.0489436101
        0.0195466600        0.0125508350        0.0035276545
       -0.0250128653       -0.0161569548       -0.0024290799
        0.0358591197        0.0239582801        0.0479196103
        0.0003193449        0.0001354098       -0.0001343005
       -0.0000453400       -0.0000139502       -0.0000019000
       -0.0001857052        0.0000065597        0.0000865145
       -0.0000849451        0.0001798148       -0.0000358304
        0.0008250052       -0.0000000401       -0.0000000199
        0.0001086855       -0.0001222548        0.0000864355
        0.0001086804        0.0001222301       -0.0000864549
       -0.0003587195        0.0002427853       -0.0003193648
        0.0006584003       -0.0010712247        0.0000911450
       -0.0003519099       -0.0004980549        0.0004999350
       -0.0610356096       -0.0000041851       -0.0000075946
       -0.0046916398       -0.0000001251       -0.0000001748
        0.0005271102        0.0013699002       -0.0024548251
       -0.0004743251       -0.0000000699       -0.0000001046
        0.0005271150       -0.0013699298        0.0024548351
        0.0006583903        0.0010712651       -0.0000911999
       -0.0003519102        0.0004980103       -0.0004999598
       -0.0003587149       -0.0002428197        0.0003193449
        0.5987901898        0.0000320449       -0.0000343400
       -0.0463036847       -0.0000078001       -0.0000075900
       -0.2441384348       -0.1283935302        0.0102829100
       -0.2441384197        0.1284372550       -0.0103031499
       -0.0000000099        0.0011317698       -0.0013782198
       -0.0002009298        0.0000991849        0.0000378250
        0.0002009298        0.0000991801        0.0000378199
        0.0001687951        0.0003976049        0.0001354047
        0.0001149402       -0.0008526101       -0.0005387901
       -0.0013481599       -0.0011953151       -0.0001992601
       -0.0000034797       -0.1459704004        0.0896365148
       -0.0000003701        0.0167584497       -0.0098849199
        0.0007183851        0.0000666250       -0.0046967904
       -0.0000000102       -0.0023781649       -0.0034932700
       -0.0007183851        0.0000666199       -0.0046967952
       -0.0001149050       -0.0008526251       -0.0005387901
        0.0013481096       -0.0011953048       -0.0001992598
       -0.0001687553        0.0003975950        0.0001354098
        0.0000320449        0.6006656702        0.0744235149
       -0.0000086001       -0.1964986751       -0.1483008049
       -0.1300942500       -0.1353695203        0.0047905445
        0.1301386553       -0.1353695200        0.0047905547
       -0.0000000151        0.0011387297        0.0003020497
       -0.0002166050       -0.0000332003       -0.0001132199
        0.0002165899       -0.0000331903       -0.0001132202
       -0.0006620598       -0.0003972204       -0.0001342855
       -0.0008884200        0.0010880149       -0.0019985401
        0.0019691649        0.0024687196        0.0003150396
       -0.0000070349        0.0558435346       -0.1983389100
       -0.0000005099        0.0114529698       -0.0459362701
       -0.0012607802       -0.0014534402        0.0035824146
       -0.0000000350       -0.0031688450       -0.0037087901
        0.0012608149       -0.0014534453        0.0035824047
        0.0008884700        0.0010879899       -0.0019985302
       -0.0019691853        0.0024687199        0.0003150549
        0.0006620948       -0.0003972201       -0.0001343005
       -0.0000343400        0.0744235149        0.5352808404
       -0.0000093951       -0.1616718450       -0.1948976251
        0.0146514247        0.0093484945       -0.0480025955
       -0.0146683752        0.0093484897       -0.0480025804
        0.0000061951       -0.0000000250       -0.0000000099
        0.0000009905       -0.0000428500        0.0000118854
        0.0000010002        0.0000428301       -0.0000119098
        0.0000212853       -0.0000052700        0.0000453051
       -0.0000793048        0.0004207752       -0.0002230300
        0.0000710602        0.0002030401       -0.0001823301
        0.0008585053       -0.0000001299       -0.0000005048
       -0.0003655947       -0.0000000301       -0.0000000750
        0.0001985751       -0.0004486148       -0.0000120150
        0.0002485100       -0.0000000247       -0.0000000097
        0.0001985651        0.0004485901        0.0000120050
       -0.0000793250       -0.0004207851        0.0002230001
        0.0000710497       -0.0002030399        0.0001823003
        0.0000212950        0.0000052552       -0.0000453400
       -0.0463036847       -0.0000086001       -0.0000093951
        0.0428466399       -0.0000070398       -0.0000083847
        0.0011420701       -0.0195098701       -0.0197982851
        0.0011420801        0.0195097550        0.0197979648
       -0.0000000151       -0.0001779750        0.0002454149
        0.0000348550        0.0000030599       -0.0000304198
       -0.0000348652        0.0000030602       -0.0000304149
        0.0000059651        0.0000271851       -0.0000139502
        0.0000947901        0.0004296803       -0.0002458350
        0.0001057299        0.0002433950       -0.0001512700
       -0.0000001546        0.0145486749        0.0227720500
       -0.0000000898       -0.0017502049        0.0032080902
       -0.0000927849       -0.0004898098        0.0002598898
       -0.0000000151        0.0005436650        0.0006231301
        0.0000927753       -0.0004898149        0.0002598898
       -0.0000948049        0.0004296550       -0.0002458299
       -0.0001057501        0.0002434103       -0.0001512797
       -0.0000059751        0.0000271851       -0.0000139502
       -0.0000078001       -0.1964986751       -0.1616718450
       -0.0000070398        0.2045787500        0.1590677954
        0.0018050750       -0.0108354652       -0.0119145253
       -0.0018051199       -0.0108354550       -0.0119145201
       -0.0000000199        0.0004440201       -0.0004620449
       -0.0000756498        0.0000301151        0.0000309453
        0.0000756299        0.0000301151        0.0000309501
       -0.0000581099        0.0000125300       -0.0000019000
       -0.0000385899       -0.0001815147        0.0001726949
       -0.0001503651       -0.0002177850        0.0000373649
       -0.0000002547       -0.0180764653       -0.0361209999
       -0.0000000696        0.0056057098       -0.0004980399
        0.0004651602        0.0003170351       -0.0001715802
       -0.0000000099       -0.0011813498       -0.0012955698
       -0.0004651801        0.0003170300       -0.0001715850
        0.0000385501       -0.0001815349        0.0001727000
        0.0001503250       -0.0002177697        0.0000373504
        0.0000580951        0.0000125300       -0.0000019000
       -0.0000075900       -0.1483008049       -0.1948976251
       -0.0000083847        0.1590677954        0.2266980499
       -0.0001092749        0.0012869850        0.0032206299
        0.0001096151        0.0012869950        0.0032206449
       -0.0000050349       -0.0000593448        0.0001190898
       -0.0000152249       -0.0000100002       -0.0000437998
        0.0000758649        0.0000995698       -0.0000633202
       -0.0002689100       -0.0000733002        0.0000849448
       -0.0001810048        0.0006026352       -0.0013445901
        0.0003349697        0.0007663698       -0.0003075152
        0.0081991649        0.0000139647        0.0060502950
       -0.0001306898       -0.0016909152       -0.0022307952
        0.0001186950       -0.0012977600       -0.0000137453
        0.0000813998        0.0002503299        0.0002250502
       -0.0000460298        0.0000490797        0.0003223548
       -0.0002297901       -0.0000527652       -0.0000530451
        0.0000121949        0.0000584703        0.0000657400
        0.0001687749        0.0001442800       -0.0001857052
       -0.2441384348       -0.1300942500        0.0146514247
        0.0011420701        0.0018050750       -0.0001092749
        0.2559582401        0.1457157546       -0.0170301755
       -0.0210763852       -0.0161847601       -0.0001550501
        0.0000758948       -0.0000011801        0.0002136949
       -0.0000077750       -0.0000354353       -0.0000549201
        0.0001181448        0.0000888997       -0.0001034502
        0.0001158099       -0.0002072400        0.0001798244
       -0.0004604851        0.0002706000       -0.0016087805
        0.0005607845        0.0004126647       -0.0000842354
       -0.0144231902       -0.0133477403        0.0143095301
        0.0005485700       -0.0016293706       -0.0040595350
       -0.0004025003        0.0000158650       -0.0001524003
       -0.0001190205        0.0002491998        0.0001525800
        0.0001844447        0.0001179248        0.0005270195
       -0.0000183903        0.0001064447        0.0001015445
       -0.0002026152        0.0001851748        0.0000343448
        0.0000751447       -0.0001384001        0.0000065597
       -0.1283935302       -0.1353695203        0.0093484945
       -0.0195098701       -0.0108354652        0.0012869850
        0.1457157546        0.1485430005       -0.0183596705
        0.0161837747        0.0115745897       -0.0017463003
       -0.0001437101       -0.0000648254       -0.0002444602
        0.0000202897        0.0000086399        0.0000882346
       -0.0001394602       -0.0001894603        0.0002012047
       -0.0002015551        0.0000316896       -0.0000358304
       -0.0007877202       -0.0010691051       -0.0017233103
        0.0000472096        0.0000115347        0.0003194896
        0.0263148797        0.0268187148       -0.0154512301
        0.0022818099        0.0034008744        0.0050525850
       -0.0006696854       -0.0009088902       -0.0007514055
       -0.0001596104       -0.0003717301       -0.0001712800
       -0.0002855802       -0.0001971202       -0.0006730855
        0.0000719746       -0.0001215705        0.0000892499
        0.0001846095       -0.0002274351       -0.0000415901
       -0.0001621854        0.0001005549        0.0000865145
        0.0102829100        0.0047905445       -0.0480025955
       -0.0197982851       -0.0119145253        0.0032206299
       -0.0170301755       -0.0183596705        0.0559724106
        0.0001546198       -0.0017463003        0.0020643694
       -0.0000050298        0.0000593451       -0.0001190699
        0.0000758601       -0.0000995550        0.0000633304
       -0.0000152099        0.0000099999        0.0000438203
        0.0001687653       -0.0001442601        0.0001857148
       -0.0002297750        0.0000527950        0.0000530551
        0.0000122000       -0.0000584399       -0.0000657349
        0.0081991652       -0.0000145351       -0.0060510999
       -0.0001306699        0.0016909451        0.0022308151
       -0.0000460349       -0.0000490448       -0.0003223050
        0.0000813949       -0.0002503151       -0.0002249848
        0.0001187101        0.0012978251        0.0000137848
       -0.0001810150       -0.0006026198        0.0013445950
        0.0003349848       -0.0007663499        0.0003075252
       -0.0002688850        0.0000733104       -0.0000849451
       -0.2441384197        0.1301386553       -0.0146683752
        0.0011420801       -0.0018051199        0.0001096151
       -0.0210763852        0.0161837747        0.0001546198
        0.2559582299       -0.1456722850        0.0170120148
       -0.0000759150       -0.0000011801        0.0002137000
       -0.0001181601        0.0000889048       -0.0001034650
        0.0000077696       -0.0000354351       -0.0000549150
       -0.0000751601       -0.0001383754        0.0000065597
        0.0000183749        0.0001064649        0.0001015448
        0.0002025948        0.0001851799        0.0000343547
        0.0144230202       -0.0133477354        0.0143095301
       -0.0005486649       -0.0016293802       -0.0040595251
       -0.0001844751        0.0001179350        0.0005270246
        0.0001189849        0.0002492050        0.0001525851
        0.0004025051        0.0000158698       -0.0001524000
        0.0004605249        0.0002706000       -0.0016087751
       -0.0005607953        0.0004126849       -0.0000842348
       -0.0001158003       -0.0002072449        0.0001798148
        0.1284372550       -0.1353695200        0.0093484897
        0.0195097550       -0.0108354550        0.0012869950
       -0.0161847601        0.0115745897       -0.0017463003
       -0.1456722850        0.1485429902       -0.0183596751
        0.0001437252       -0.0000648103       -0.0002444551
        0.0001394801       -0.0001894551        0.0002012101
       -0.0000202803        0.0000086447        0.0000882497
        0.0001622001        0.0001005498        0.0000865097
       -0.0000719601       -0.0001215352        0.0000892499
       -0.0001846152       -0.0002274402       -0.0000415852
       -0.0263151949        0.0268187398       -0.0154512202
       -0.0022818350        0.0034008795        0.0050525799
        0.0002856049       -0.0001971151       -0.0006730801
        0.0001596098       -0.0003717150       -0.0001712752
        0.0006696200       -0.0009088853       -0.0007514055
        0.0007877449       -0.0010691153       -0.0017233052
       -0.0000472252        0.0000115551        0.0003194950
        0.0002015798        0.0000316800       -0.0000358304
       -0.0103031499        0.0047905547       -0.0480025804
        0.0197979648       -0.0119145201        0.0032206449
       -0.0001550501       -0.0017463003        0.0020643694
        0.0170120148       -0.0183596751        0.0559724003
