   15   45
        0.0546128765        0.0000000000        0.0000000000
       -0.0579008793        0.0000000000        0.0000000000
        0.0018397839       -0.0145982262        0.0262037754
       -0.0020083760        0.0000000000        0.0000000000
        0.0018397839        0.0145982262       -0.0262037754
       -0.0000340502       -0.0002416571       -0.0000953516
       -0.0000340502        0.0002416571        0.0000953516
        0.0010956489        0.0000000000        0.0000000000
        0.0006738993        0.0000000000        0.0000000000
       -0.0000414174        0.0000000000        0.0000000000
       -0.0000331279       -0.0000502653       -0.0001005035
       -0.0000331279        0.0000502653        0.0001005035
        0.0000054142        0.0000000000        0.0000000000
        0.0000089772        0.0000013411        0.0000085048
        0.0000089772       -0.0000013411       -0.0000085048
        0.0000000000        0.1401807469       -0.1295742574
       -0.0000000000       -0.1338902489        0.1176784471
        0.0013935229       -0.0108000902        0.0170085965
       -0.0000000001        0.0155716653       -0.0172344281
       -0.0013935230       -0.0108000901        0.0170085965
        0.0002674248        0.0008175959        0.0011139862
       -0.0002674248        0.0008175959        0.0011139862
       -0.0000000001       -0.0028292915       -0.0058585075
       -0.0000000001        0.0013098137       -0.0007731557
        0.0000000000       -0.0004184891       -0.0003798764
        0.0000780296       -0.0000360697        0.0000075805
       -0.0000780296       -0.0000360696        0.0000075806
       -0.0000000000        0.0001219125       -0.0001376400
       -0.0000293209       -0.0000038681        0.0000123599
        0.0000293210       -0.0000038681        0.0000123597
        0.0000000000       -0.1295742574        0.2664287627
        0.0000000000        0.1132050350       -0.2436771722
        0.0011727447       -0.0002655829        0.0010621314
        0.0000000000        0.0227015675       -0.0184465962
       -0.0011727447       -0.0002655830        0.0010621313
        0.0009523388       -0.0004113854        0.0008318615
       -0.0009523388       -0.0004113854        0.0008318615
        0.0000000000       -0.0065064178       -0.0076782902
        0.0000000000        0.0023191398        0.0005391322
        0.0000000000       -0.0005552626       -0.0004700219
        0.0001755221       -0.0002082974       -0.0001643264
       -0.0001755221       -0.0002082974       -0.0001643265
        0.0000000000        0.0001376400       -0.0002369883
       -0.0000244112        0.0000220044        0.0000420244
        0.0000244111        0.0000220044        0.0000420245
       -0.0579008793       -0.0000000000        0.0000000000
        0.6151459564        0.0000000000       -0.0000000000
       -0.2334973948       -0.1216466032        0.0061724888
       -0.0967586390        0.0000000001        0.0000000000
       -0.2334973947        0.1216466032       -0.0061724888
        0.0017146873        0.0196483820        0.0261980249
        0.0017146873       -0.0196483820       -0.0261980249
        0.0022504421       -0.0000000001        0.0000000000
       -0.0009684892        0.0000000001       -0.0000000000
        0.0008790142        0.0000000000        0.0000000000
        0.0005325865       -0.0003828907       -0.0001377714
        0.0005325865        0.0003828907        0.0001377714
       -0.0000414174       -0.0000000000        0.0000000000
       -0.0000541512       -0.0000796603        0.0000922056
       -0.0000541512        0.0000796603       -0.0000922056
        0.0000000000       -0.1338902489        0.1132050350
        0.0000000000        0.5912897839       -0.0374883648
       -0.1237045727       -0.1458698635        0.0046031936
        0.0000000001       -0.1577340332       -0.0832461154
        0.1237045727       -0.1458698636        0.0046031936
       -0.0015311830       -0.0114415976       -0.0172922243
        0.0015311830       -0.0114415976       -0.0172922242
        0.0000000001        0.0179839960        0.0290493989
        0.0000000001       -0.0050754432        0.0016500407
        0.0000000000        0.0014707508        0.0015195942
       -0.0005490012        0.0004839900        0.0001766324
        0.0005490012        0.0004839899        0.0001766324
        0.0000000001       -0.0004184893        0.0005552625
        0.0000704639        0.0000122859       -0.0001118811
       -0.0000704640        0.0000122859       -0.0001118809
        0.0000000000        0.1176784471       -0.2436771722
       -0.0000000000       -0.0374883648        0.5736850247
        0.0030662331        0.0014998941       -0.0582640540
       -0.0000000000       -0.0642560987       -0.1672579971
       -0.0030662332        0.0014998940       -0.0582640539
       -0.0003885478       -0.0007621240        0.0015520664
        0.0003885478       -0.0007621240        0.0015520663
       -0.0000000000       -0.0212312394       -0.0453739542
        0.0000000000        0.0055547859       -0.0019623476
        0.0000000000       -0.0015195943       -0.0011939512
        0.0003499405       -0.0002849333       -0.0002619381
       -0.0003499405       -0.0002849335       -0.0002619380
       -0.0000000000        0.0003798764       -0.0004700220
       -0.0000440609       -0.0000115302        0.0000997810
        0.0000440608       -0.0000115302        0.0000997810
        0.0018397839        0.0013935229        0.0011727447
       -0.2334973948       -0.1237045727        0.0030662331
        0.2504280994        0.1379951118       -0.0052158005
        0.0005904626        0.0005884452        0.0009240968
       -0.0228979453       -0.0172761762        0.0010610177
        0.0012015493       -0.0002034179       -0.0007610291
        0.0017350423        0.0001163742        0.0005056774
        0.0004792748        0.0007392632       -0.0007386184
        0.0001600477        0.0002948095       -0.0000910739
       -0.0000541512       -0.0000704638       -0.0000440609
       -0.0000194602        0.0000188979        0.0000209124
       -0.0000042647        0.0000728914        0.0001559584
        0.0000089772        0.0000293210       -0.0000244111
       -0.0000133989       -0.0000027738       -0.0000048646
        0.0000448961        0.0000076526       -0.0000266557
       -0.0145982262       -0.0108000902       -0.0002655829
       -0.1216466032       -0.1458698635        0.0014998941
        0.1379951118        0.1568114428       -0.0001818957
       -0.0217967110       -0.0155151664        0.0022015960
        0.0172761761        0.0146877590       -0.0007277953
        0.0004404576        0.0004266819        0.0009075919
        0.0007217285       -0.0020158853       -0.0045423694
        0.0013576294        0.0020519883        0.0009472151
       -0.0000083259        0.0000991722        0.0000494912
        0.0000796603        0.0000122858        0.0000115303
        0.0000080057       -0.0000565905       -0.0000237827
        0.0001581095        0.0001192449        0.0001924171
       -0.0000013411       -0.0000038679       -0.0000220042
        0.0000027738        0.0000036304        0.0000036735
        0.0000076527        0.0000503630       -0.0000495643
        0.0262037754        0.0170085965        0.0010621314
        0.0061724888        0.0046031936       -0.0582640540
       -0.0052158005       -0.0001818957        0.0578662649
       -0.0274214520       -0.0190974280        0.0007155681
       -0.0010610176       -0.0007277953       -0.0004958463
        0.0004765157        0.0011803654        0.0012528956
        0.0001413943       -0.0039564415       -0.0049396284
        0.0005240502        0.0012110754        0.0030128429
       -0.0001928428       -0.0004924966       -0.0003580648
        0.0000922056        0.0001118811        0.0000997809
       -0.0000389403        0.0000330605        0.0000440483
        0.0002895055        0.0002745692        0.0000635211
        0.0000085048       -0.0000123599        0.0000420244
       -0.0000048646       -0.0000036736       -0.0000097848
        0.0000266556        0.0000495642       -0.0000917857
       -0.0020083760       -0.0000000001        0.0000000000
       -0.0967586390        0.0000000001       -0.0000000000
        0.0005904626       -0.0217967110       -0.0274214520
        0.6317188376        0.0000000002       -0.0000000001
        0.0005904626        0.0217967109        0.0274214520
       -0.2257470949        0.1029928992        0.0070101181
       -0.2257470949       -0.1029928992       -0.0070101182
       -0.0818709647       -0.0000000005        0.0000000000
       -0.0009848797        0.0000000003        0.0000000001
       -0.0009684891        0.0000000001        0.0000000000
        0.0000936968       -0.0002211759        0.0029434949
        0.0000936968        0.0002211759       -0.0029434948
        0.0006738993       -0.0000000001       -0.0000000000
        0.0001600477        0.0000083258       -0.0001928428
        0.0001600477       -0.0000083259        0.0001928427
        0.0000000000        0.0155716653        0.0227015675
        0.0000000001       -0.1577340332       -0.0642560987
        0.0005884452       -0.0155151664       -0.0190974280
        0.0000000002        0.5993397088        0.0444773923
       -0.0005884448       -0.0155151670       -0.0190974283
        0.1074947933       -0.1358205824       -0.0084342217
       -0.1074947933       -0.1358205824       -0.0084342214
        0.0000000002       -0.1699230233        0.0811983252
        0.0000000002        0.0219457953       -0.0126358319
        0.0000000000       -0.0050754441       -0.0055547852
        0.0007654190       -0.0014799798       -0.0047683889
       -0.0007654190       -0.0014799805       -0.0047683892
        0.0000000002        0.0013098131       -0.0023191404
       -0.0002948096        0.0000991728        0.0004924965
        0.0002948085        0.0000991729        0.0004924973
        0.0000000000       -0.0172344281       -0.0184465962
        0.0000000000       -0.0832461154       -0.1672579971
        0.0009240968        0.0022015960        0.0007155681
       -0.0000000001        0.0444773923        0.5396547497
       -0.0009240971        0.0022015965        0.0007155683
        0.0045593686       -0.0060152094       -0.0623045924
       -0.0045593688       -0.0060152093       -0.0623045925
       -0.0000000001        0.0442678361       -0.1825279559
       -0.0000000001        0.0126358313       -0.0559815740
        0.0000000000       -0.0016500401       -0.0019623481
       -0.0018983278        0.0038516825        0.0049346966
        0.0018983278        0.0038516833        0.0049346967
       -0.0000000001        0.0007731561        0.0005391328
       -0.0000910739       -0.0000494917       -0.0003580649
        0.0000910747       -0.0000494916       -0.0003580653
        0.0018397839       -0.0013935230       -0.0011727447
       -0.2334973947        0.1237045727       -0.0030662332
       -0.0228979453        0.0172761761       -0.0010610176
        0.0005904626       -0.0005884448       -0.0009240971
        0.2504280998       -0.1379951119        0.0052158004
        0.0017350422       -0.0001163742       -0.0005056774
        0.0012015493        0.0002034179        0.0007610292
        0.0004792749       -0.0007392638        0.0007386186
        0.0001600477       -0.0002948089        0.0000910745
       -0.0000541512        0.0000704640        0.0000440607
       -0.0000042646       -0.0000728916       -0.0001559584
       -0.0000194603       -0.0000188981       -0.0000209125
        0.0000089772       -0.0000293210        0.0000244110
        0.0000448960       -0.0000076527        0.0000266556
       -0.0000133990        0.0000027737        0.0000048647
        0.0145982262       -0.0108000901       -0.0002655830
        0.1216466032       -0.1458698636        0.0014998940
       -0.0172761762        0.0146877590       -0.0007277953
        0.0217967109       -0.0155151670        0.0022015965
       -0.1379951119        0.1568114429       -0.0001818956
       -0.0007217286       -0.0020158852       -0.0045423694
       -0.0004404575        0.0004266821        0.0009075918
       -0.0013576294        0.0020519890        0.0009472153
        0.0000083258        0.0000991716        0.0000494909
       -0.0000796603        0.0000122858        0.0000115302
       -0.0001581095        0.0001192449        0.0001924170
       -0.0000080057       -0.0000565905       -0.0000237827
        0.0000013410       -0.0000038679       -0.0000220041
       -0.0000076527        0.0000503631       -0.0000495642
       -0.0000027735        0.0000036305        0.0000036734
       -0.0262037754        0.0170085965        0.0010621313
       -0.0061724888        0.0046031936       -0.0582640539
        0.0010610177       -0.0007277953       -0.0004958463
        0.0274214520       -0.0190974283        0.0007155683
        0.0052158004       -0.0001818956        0.0578662649
       -0.0001413943       -0.0039564416       -0.0049396284
       -0.0004765158        0.0011803654        0.0012528956
       -0.0005240502        0.0012110758        0.0030128426
        0.0001928427       -0.0004924970       -0.0003580652
       -0.0000922056        0.0001118810        0.0000997811
       -0.0002895055        0.0002745693        0.0000635212
        0.0000389403        0.0000330606        0.0000440484
       -0.0000085048       -0.0000123598        0.0000420245
       -0.0000266556        0.0000495642       -0.0000917858
        0.0000048646       -0.0000036735       -0.0000097848
       -0.0000340502        0.0002674248        0.0009523388
        0.0017146873       -0.0015311830       -0.0003885478
        0.0012015493        0.0004404576        0.0004765157
       -0.2257470949        0.1074947933        0.0045593686
        0.0017350422       -0.0007217286       -0.0001413943
        0.2383377402       -0.1240438098       -0.0014325091
       -0.0254994456        0.0159460933        0.0016549119
        0.0076504635        0.0026860903       -0.0064247337
        0.0000936968        0.0007654189        0.0018983280
        0.0005325864       -0.0005490013       -0.0003499406
        0.0004730848       -0.0006533748       -0.0010132281
       -0.0003996436       -0.0000280529        0.0000565542
       -0.0000331279        0.0000780296       -0.0001755221
       -0.0000042647       -0.0001581094        0.0002895055
       -0.0000194602        0.0000080058        0.0000389403
       -0.0002416571        0.0008175959       -0.0004113854
        0.0196483820       -0.0114415976       -0.0007621240
       -0.0002034179        0.0004266819        0.0011803654
        0.1029928992       -0.1358205824       -0.0060152094
       -0.0001163742       -0.0020158852       -0.0039564416
       -0.1240438098        0.1537310089       -0.0032599444
       -0.0159460934        0.0134755443       -0.0003397687
        0.0192472156       -0.0198119181        0.0159645523
       -0.0002211759       -0.0014799792       -0.0038516821
       -0.0003828907        0.0004839902        0.0002849335
       -0.0006533747        0.0012528340        0.0007629562
        0.0000280528        0.0003577792        0.0005031481
       -0.0000502653       -0.0000360698        0.0002082973
       -0.0000728913        0.0001192446       -0.0002745692
        0.0000188979       -0.0000565908       -0.0000330605
       -0.0000953516        0.0011139862        0.0008318615
        0.0261980249       -0.0172922243        0.0015520664
       -0.0007610291        0.0009075919        0.0012528956
        0.0070101181       -0.0084342217       -0.0623045924
       -0.0005056774       -0.0045423694       -0.0049396284
       -0.0014325091       -0.0032599444        0.0727107990
       -0.0016549119       -0.0003397687        0.0028944255
       -0.0272578954        0.0286982989       -0.0161566086
       -0.0029434949        0.0047683891        0.0049346967
        0.0001377714       -0.0001766325       -0.0002619381
        0.0010132281       -0.0007629562        0.0000707305
        0.0000565542       -0.0005031481       -0.0005267871
        0.0001005035       -0.0000075805       -0.0001643265
        0.0001559584       -0.0001924170        0.0000635211
       -0.0000209124        0.0000237827        0.0000440483
       -0.0000340502       -0.0002674248       -0.0009523388
        0.0017146873        0.0015311830        0.0003885478
        0.0017350423        0.0007217285        0.0001413943
       -0.2257470949       -0.1074947933       -0.0045593688
        0.0012015493       -0.0004404575       -0.0004765158
       -0.0254994456       -0.0159460934       -0.0016549119
        0.2383377402        0.1240438098        0.0014325091
        0.0076504636       -0.0026860902        0.0064247337
        0.0000936968       -0.0007654190       -0.0018983280
        0.0005325864        0.0005490013        0.0003499406
       -0.0003996436        0.0000280529       -0.0000565542
        0.0004730848        0.0006533748        0.0010132281
       -0.0000331279       -0.0000780296        0.0001755221
       -0.0000194601       -0.0000080058       -0.0000389403
       -0.0000042646        0.0001581094       -0.0002895055
        0.0002416571        0.0008175959       -0.0004113854
       -0.0196483820       -0.0114415976       -0.0007621240
        0.0001163742       -0.0020158853       -0.0039564415
       -0.1029928992       -0.1358205824       -0.0060152093
        0.0002034179        0.0004266821        0.0011803654
        0.0159460933        0.0134755443       -0.0003397687
        0.1240438098        0.1537310089       -0.0032599445
       -0.0192472156       -0.0198119180        0.0159645523
        0.0002211759       -0.0014799792       -0.0038516822
        0.0003828907        0.0004839902        0.0002849334
       -0.0000280528        0.0003577790        0.0005031481
        0.0006533747        0.0012528341        0.0007629562
        0.0000502653       -0.0000360698        0.0002082973
       -0.0000188977       -0.0000565908       -0.0000330605
        0.0000728914        0.0001192446       -0.0002745692
        0.0000953516        0.0011139862        0.0008318615
       -0.0261980249       -0.0172922242        0.0015520663
        0.0005056774       -0.0045423694       -0.0049396284
       -0.0070101182       -0.0084342214       -0.0623045925
        0.0007610292        0.0009075918        0.0012528956
        0.0016549119       -0.0003397687        0.0028944255
        0.0014325091       -0.0032599445        0.0727107990
        0.0272578955        0.0286982983       -0.0161566085
        0.0029434949        0.0047683894        0.0049346968
       -0.0001377714       -0.0001766324       -0.0002619380
       -0.0000565543       -0.0005031481       -0.0005267872
       -0.0010132281       -0.0007629563        0.0000707306
       -0.0001005035       -0.0000075806       -0.0001643265
        0.0000209124        0.0000237827        0.0000440483
       -0.0001559585       -0.0001924170        0.0000635211
        0.0010956489       -0.0000000001        0.0000000000
        0.0022504421        0.0000000001       -0.0000000000
        0.0004792748        0.0013576294        0.0005240502
       -0.0818709647        0.0000000002       -0.0000000001
        0.0004792749       -0.0013576294       -0.0005240502
        0.0076504635        0.0192472156       -0.0272578954
        0.0076504636       -0.0192472156        0.0272578955
        0.1245308874       -0.0000000004        0.0000000000
       -0.0818709648        0.0000000002        0.0000000001
        0.0022504419        0.0000000001        0.0000000000
        0.0076504635        0.0192472155        0.0272578955
        0.0076504635       -0.0192472156       -0.0272578954
        0.0010956489       -0.0000000001       -0.0000000000
        0.0004792749       -0.0013576295        0.0005240502
        0.0004792748        0.0013576294       -0.0005240502
        0.0000000000       -0.0028292915       -0.0065064178
       -0.0000000001        0.0179839960       -0.0212312394
        0.0007392632        0.0020519883        0.0012110754
       -0.0000000005       -0.1699230233        0.0442678361
       -0.0007392638        0.0020519890        0.0012110758
        0.0026860903       -0.0198119181        0.0286982989
       -0.0026860902       -0.0198119180        0.0286982983
       -0.0000000004        0.3805665948        0.0000000008
       -0.0000000004       -0.1699230241       -0.0442678362
        0.0000000000        0.0179839970        0.0212312384
        0.0026860901       -0.0198119172       -0.0286982992
       -0.0026860900       -0.0198119166       -0.0286982987
       -0.0000000004       -0.0028292905        0.0065064185
       -0.0007392632        0.0020519878       -0.0012110753
        0.0007392644        0.0020519876       -0.0012110764
        0.0000000000       -0.0058585075       -0.0076782902
        0.0000000000        0.0290493989       -0.0453739542
       -0.0007386184        0.0009472151        0.0030128429
        0.0000000000        0.0811983252       -0.1825279559
        0.0007386186        0.0009472153        0.0030128426
       -0.0064247337        0.0159645523       -0.0161566086
        0.0064247337        0.0159645523       -0.0161566085
        0.0000000000        0.0000000008        0.5237389056
       -0.0000000001       -0.0811983267       -0.1825279572
        0.0000000000       -0.0290493989       -0.0453739541
        0.0064247337       -0.0159645524       -0.0161566084
       -0.0064247337       -0.0159645522       -0.0161566084
        0.0000000000        0.0058585076       -0.0076782901
       -0.0007386185       -0.0009472153        0.0030128428
        0.0007386185       -0.0009472152        0.0030128428
        0.0006738993       -0.0000000001        0.0000000000
       -0.0009684892        0.0000000001        0.0000000000
        0.0001600477       -0.0000083259       -0.0001928428
       -0.0009848797        0.0000000002       -0.0000000001
        0.0001600477        0.0000083258        0.0001928427
        0.0000936968       -0.0002211759       -0.0029434949
        0.0000936968        0.0002211759        0.0029434949
       -0.0818709648       -0.0000000004       -0.0000000001
        0.6317188376        0.0000000002        0.0000000001
       -0.0967586389        0.0000000001        0.0000000000
       -0.2257470949        0.1029928993       -0.0070101182
       -0.2257470948       -0.1029928991        0.0070101181
       -0.0020083760       -0.0000000000       -0.0000000000
        0.0005904627        0.0217967110       -0.0274214520
        0.0005904626       -0.0217967110        0.0274214520
        0.0000000000        0.0013098137        0.0023191398
        0.0000000001       -0.0050754432        0.0055547859
        0.0002948095        0.0000991722       -0.0004924966
        0.0000000003        0.0219457953        0.0126358313
       -0.0002948089        0.0000991716       -0.0004924970
        0.0007654189       -0.0014799792        0.0047683891
       -0.0007654190       -0.0014799792        0.0047683894
        0.0000000002       -0.1699230241       -0.0811983267
        0.0000000002        0.5993397105       -0.0444773913
        0.0000000000       -0.1577340340        0.0642560993
        0.1074947935       -0.1358205833        0.0084342217
       -0.1074947935       -0.1358205840        0.0084342214
        0.0000000002        0.0155716646       -0.0227015683
       -0.0005884452       -0.0155151660        0.0190974280
        0.0005884441       -0.0155151659        0.0190974288
        0.0000000000       -0.0007731557        0.0005391322
       -0.0000000000        0.0016500407       -0.0019623476
       -0.0000910739        0.0000494912       -0.0003580648
        0.0000000001       -0.0126358319       -0.0559815740
        0.0000910745        0.0000494909       -0.0003580652
        0.0018983280       -0.0038516821        0.0049346967
       -0.0018983280       -0.0038516822        0.0049346968
        0.0000000001       -0.0442678362       -0.1825279572
        0.0000000001       -0.0444773913        0.5396547498
        0.0000000000        0.0832461151       -0.1672579965
       -0.0045593689        0.0060152089       -0.0623045923
        0.0045593688        0.0060152081       -0.0623045924
        0.0000000001        0.0172344277       -0.0184465969
        0.0009240968       -0.0022015957        0.0007155682
       -0.0009240976       -0.0022015958        0.0007155686
       -0.0000414174        0.0000000000        0.0000000000
        0.0008790142        0.0000000000        0.0000000000
       -0.0000541512        0.0000796603        0.0000922056
       -0.0009684891        0.0000000000        0.0000000000
       -0.0000541512       -0.0000796603       -0.0000922056
        0.0005325864       -0.0003828907        0.0001377714
        0.0005325864        0.0003828907       -0.0001377714
        0.0022504419        0.0000000000        0.0000000000
       -0.0967586389        0.0000000000        0.0000000000
        0.6151459564        0.0000000000        0.0000000000
        0.0017146873        0.0196483820       -0.0261980249
        0.0017146873       -0.0196483820        0.0261980249
       -0.0579008793        0.0000000000        0.0000000000
       -0.2334973947        0.1216466032        0.0061724888
       -0.2334973947       -0.1216466032       -0.0061724888
        0.0000000000       -0.0004184891       -0.0005552626
        0.0000000000        0.0014707508       -0.0015195943
       -0.0000704638        0.0000122858        0.0001118811
        0.0000000001       -0.0050754441       -0.0016500401
        0.0000704640        0.0000122858        0.0001118810
       -0.0005490013        0.0004839902       -0.0001766325
        0.0005490013        0.0004839902       -0.0001766324
        0.0000000001        0.0179839970       -0.0290493989
        0.0000000001       -0.1577340340        0.0832461151
        0.0000000000        0.5912897838        0.0374883647
       -0.0015311830       -0.0114415978        0.0172922244
        0.0015311830       -0.0114415978        0.0172922243
        0.0000000001       -0.1338902489       -0.1132050350
        0.1237045726       -0.1458698634       -0.0046031937
       -0.1237045728       -0.1458698634       -0.0046031935
        0.0000000000       -0.0003798764       -0.0004700219
        0.0000000000        0.0015195942       -0.0011939512
       -0.0000440609        0.0000115303        0.0000997809
        0.0000000000       -0.0055547852       -0.0019623481
        0.0000440607        0.0000115302        0.0000997811
       -0.0003499406        0.0002849335       -0.0002619381
        0.0003499406        0.0002849334       -0.0002619380
        0.0000000000        0.0212312384       -0.0453739541
        0.0000000000        0.0642560993       -0.1672579965
        0.0000000000        0.0374883647        0.5736850246
        0.0003885478        0.0007621241        0.0015520663
       -0.0003885479        0.0007621241        0.0015520663
        0.0000000000       -0.1176784472       -0.2436771721
        0.0030662331       -0.0014998940       -0.0582640540
       -0.0030662331       -0.0014998940       -0.0582640540
       -0.0000331279        0.0000780296        0.0001755221
        0.0005325865       -0.0005490012        0.0003499405
       -0.0000194602        0.0000080057       -0.0000389403
        0.0000936968        0.0007654190       -0.0018983278
       -0.0000042646       -0.0001581095       -0.0002895055
        0.0004730848       -0.0006533747        0.0010132281
       -0.0003996436       -0.0000280528       -0.0000565543
        0.0076504635        0.0026860901        0.0064247337
       -0.2257470949        0.1074947935       -0.0045593689
        0.0017146873       -0.0015311830        0.0003885478
        0.2383377402       -0.1240438098        0.0014325091
       -0.0254994456        0.0159460933       -0.0016549119
       -0.0000340502        0.0002674248       -0.0009523389
        0.0017350423       -0.0007217286        0.0001413943
        0.0012015492        0.0004404575       -0.0004765157
       -0.0000502653       -0.0000360697       -0.0002082974
       -0.0003828907        0.0004839900       -0.0002849333
        0.0000188979       -0.0000565905        0.0000330605
       -0.0002211759       -0.0014799798        0.0038516825
       -0.0000728916        0.0001192449        0.0002745693
       -0.0006533748        0.0012528340       -0.0007629562
        0.0000280529        0.0003577790       -0.0005031481
        0.0192472155       -0.0198119172       -0.0159645524
        0.1029928993       -0.1358205833        0.0060152089
        0.0196483820       -0.0114415978        0.0007621241
       -0.1240438098        0.1537310091        0.0032599445
       -0.0159460933        0.0134755446        0.0003397688
       -0.0002416570        0.0008175960        0.0004113856
       -0.0001163742       -0.0020158852        0.0039564415
       -0.0002034177        0.0004266820       -0.0011803654
       -0.0001005035        0.0000075805       -0.0001643264
       -0.0001377714        0.0001766324       -0.0002619381
        0.0000209124       -0.0000237827        0.0000440483
        0.0029434949       -0.0047683889        0.0049346966
       -0.0001559584        0.0001924170        0.0000635212
       -0.0010132281        0.0007629562        0.0000707305
       -0.0000565542        0.0005031481       -0.0005267872
        0.0272578955       -0.0286982992       -0.0161566084
       -0.0070101182        0.0084342217       -0.0623045923
       -0.0261980249        0.0172922244        0.0015520663
        0.0014325091        0.0032599445        0.0727107991
        0.0016549119        0.0003397688        0.0028944255
        0.0000953516       -0.0011139863        0.0008318615
        0.0005056774        0.0045423693       -0.0049396284
        0.0007610292       -0.0009075919        0.0012528956
       -0.0000331279       -0.0000780296       -0.0001755221
        0.0005325865        0.0005490012       -0.0003499405
       -0.0000042647        0.0001581095        0.0002895055
        0.0000936968       -0.0007654190        0.0018983278
       -0.0000194603       -0.0000080057        0.0000389403
       -0.0003996436        0.0000280528        0.0000565542
        0.0004730848        0.0006533747       -0.0010132281
        0.0076504635       -0.0026860900       -0.0064247337
       -0.2257470948       -0.1074947935        0.0045593688
        0.0017146873        0.0015311830       -0.0003885479
       -0.0254994456       -0.0159460933        0.0016549119
        0.2383377402        0.1240438098       -0.0014325091
       -0.0000340502       -0.0002674247        0.0009523389
        0.0012015493       -0.0004404575        0.0004765157
        0.0017350423        0.0007217286       -0.0001413943
        0.0000502653       -0.0000360696       -0.0002082974
        0.0003828907        0.0004839899       -0.0002849335
        0.0000728914        0.0001192449        0.0002745692
        0.0002211759       -0.0014799805        0.0038516833
       -0.0000188981       -0.0000565905        0.0000330606
       -0.0000280529        0.0003577792       -0.0005031481
        0.0006533748        0.0012528341       -0.0007629563
       -0.0192472156       -0.0198119166       -0.0159645522
       -0.1029928991       -0.1358205840        0.0060152081
       -0.0196483820       -0.0114415978        0.0007621241
        0.0159460933        0.0134755446        0.0003397688
        0.1240438098        0.1537310093        0.0032599446
        0.0002416571        0.0008175960        0.0004113857
        0.0002034177        0.0004266821       -0.0011803655
        0.0001163744       -0.0020158851        0.0039564414
        0.0001005035        0.0000075806       -0.0001643265
        0.0001377714        0.0001766324       -0.0002619380
        0.0001559584        0.0001924171        0.0000635211
       -0.0029434948       -0.0047683892        0.0049346967
       -0.0000209125       -0.0000237827        0.0000440484
        0.0000565542        0.0005031481       -0.0005267871
        0.0010132281        0.0007629562        0.0000707306
       -0.0272578954       -0.0286982987       -0.0161566084
        0.0070101181        0.0084342214       -0.0623045924
        0.0261980249        0.0172922243        0.0015520663
       -0.0016549119        0.0003397688        0.0028944255
       -0.0014325091        0.0032599446        0.0727107990
       -0.0000953516       -0.0011139862        0.0008318616
       -0.0007610292       -0.0009075919        0.0012528956
       -0.0005056774        0.0045423694       -0.0049396284
        0.0000054142       -0.0000000000        0.0000000000
       -0.0000414174        0.0000000001       -0.0000000000
        0.0000089772       -0.0000013411        0.0000085048
        0.0006738993        0.0000000002       -0.0000000001
        0.0000089772        0.0000013410       -0.0000085048
       -0.0000331279       -0.0000502653        0.0001005035
       -0.0000331279        0.0000502653       -0.0001005035
        0.0010956489       -0.0000000004        0.0000000000
       -0.0020083760        0.0000000002        0.0000000001
       -0.0579008793        0.0000000001        0.0000000000
       -0.0000340502       -0.0002416570        0.0000953516
       -0.0000340502        0.0002416571       -0.0000953516
        0.0546128765       -0.0000000000       -0.0000000000
        0.0018397839        0.0145982262        0.0262037754
        0.0018397839       -0.0145982262       -0.0262037754
        0.0000000000        0.0001219125        0.0001376400
       -0.0000000000       -0.0004184893        0.0003798764
        0.0000293210       -0.0000038679       -0.0000123599
       -0.0000000001        0.0013098131        0.0007731561
       -0.0000293210       -0.0000038679       -0.0000123598
        0.0000780296       -0.0000360698       -0.0000075805
       -0.0000780296       -0.0000360698       -0.0000075806
       -0.0000000001       -0.0028292905        0.0058585076
       -0.0000000000        0.0155716646        0.0172344277
        0.0000000000       -0.1338902489       -0.1176784472
        0.0002674248        0.0008175960       -0.0011139863
       -0.0002674247        0.0008175960       -0.0011139862
       -0.0000000000        0.1401807472        0.1295742576
       -0.0013935230       -0.0108000901       -0.0170085964
        0.0013935231       -0.0108000902       -0.0170085966
        0.0000000000       -0.0001376400       -0.0002369883
        0.0000000000        0.0005552625       -0.0004700220
       -0.0000244111       -0.0000220042        0.0000420244
       -0.0000000000       -0.0023191404        0.0005391328
        0.0000244110       -0.0000220041        0.0000420245
       -0.0001755221        0.0002082973       -0.0001643265
        0.0001755221        0.0002082973       -0.0001643265
       -0.0000000000        0.0065064185       -0.0076782901
       -0.0000000000       -0.0227015683       -0.0184465969
        0.0000000000       -0.1132050350       -0.2436771721
       -0.0009523389        0.0004113856        0.0008318615
        0.0009523389        0.0004113857        0.0008318616
       -0.0000000000        0.1295742576        0.2664287629
        0.0011727447        0.0002655829        0.0010621313
       -0.0011727446        0.0002655829        0.0010621312
        0.0000089772       -0.0000293209       -0.0000244112
       -0.0000541512        0.0000704639       -0.0000440609
       -0.0000133989        0.0000027738       -0.0000048646
        0.0001600477       -0.0002948096       -0.0000910739
        0.0000448960       -0.0000076527       -0.0000266556
       -0.0000042647       -0.0000728913        0.0001559584
       -0.0000194601       -0.0000188977        0.0000209124
        0.0004792749       -0.0007392632       -0.0007386185
        0.0005904627       -0.0005884452        0.0009240968
       -0.2334973947        0.1237045726        0.0030662331
        0.0017350423       -0.0001163742        0.0005056774
        0.0012015493        0.0002034177       -0.0007610292
        0.0018397839       -0.0013935230        0.0011727447
        0.2504280994       -0.1379951116       -0.0052158005
       -0.0228979453        0.0172761763        0.0010610177
        0.0000013411       -0.0000038681        0.0000220044
       -0.0000796603        0.0000122859       -0.0000115302
       -0.0000027738        0.0000036304       -0.0000036736
        0.0000083258        0.0000991728       -0.0000494917
       -0.0000076527        0.0000503631        0.0000495642
       -0.0001581094        0.0001192446       -0.0001924170
       -0.0000080058       -0.0000565908        0.0000237827
       -0.0013576295        0.0020519878       -0.0009472153
        0.0217967110       -0.0155151660       -0.0022015957
        0.1216466032       -0.1458698634       -0.0014998940
       -0.0007217286       -0.0020158852        0.0045423693
       -0.0004404575        0.0004266821       -0.0009075919
        0.0145982262       -0.0108000901        0.0002655829
       -0.1379951116        0.1568114426        0.0001818957
       -0.0172761762        0.0146877587        0.0007277953
        0.0000085048        0.0000123599        0.0000420244
        0.0000922056       -0.0001118811        0.0000997810
       -0.0000048646        0.0000036735       -0.0000097848
       -0.0001928428        0.0004924965       -0.0003580649
        0.0000266556       -0.0000495642       -0.0000917858
        0.0002895055       -0.0002745692        0.0000635211
       -0.0000389403       -0.0000330605        0.0000440483
        0.0005240502       -0.0012110753        0.0030128428
       -0.0274214520        0.0190974280        0.0007155682
        0.0061724888       -0.0046031937       -0.0582640540
        0.0001413943        0.0039564415       -0.0049396284
        0.0004765157       -0.0011803655        0.0012528956
        0.0262037754       -0.0170085964        0.0010621313
       -0.0052158005        0.0001818957        0.0578662649
       -0.0010610177        0.0007277953       -0.0004958462
        0.0000089772        0.0000293210        0.0000244111
       -0.0000541512       -0.0000704640        0.0000440608
        0.0000448961        0.0000076527        0.0000266556
        0.0001600477        0.0002948085        0.0000910747
       -0.0000133990       -0.0000027735        0.0000048646
       -0.0000194602        0.0000188979       -0.0000209124
       -0.0000042646        0.0000728914       -0.0001559585
        0.0004792748        0.0007392644        0.0007386185
        0.0005904626        0.0005884441       -0.0009240976
       -0.2334973947       -0.1237045728       -0.0030662331
        0.0012015492       -0.0002034177        0.0007610292
        0.0017350423        0.0001163744       -0.0005056774
        0.0018397839        0.0013935231       -0.0011727446
       -0.0228979453       -0.0172761762       -0.0010610177
        0.2504280998        0.1379951118        0.0052158004
       -0.0000013411       -0.0000038681        0.0000220044
        0.0000796603        0.0000122859       -0.0000115302
        0.0000076526        0.0000503630        0.0000495642
       -0.0000083259        0.0000991729       -0.0000494916
        0.0000027737        0.0000036305       -0.0000036735
        0.0000080058       -0.0000565908        0.0000237827
        0.0001581094        0.0001192446       -0.0001924170
        0.0013576294        0.0020519876       -0.0009472152
       -0.0217967110       -0.0155151659       -0.0022015958
       -0.1216466032       -0.1458698634       -0.0014998940
        0.0004404575        0.0004266820       -0.0009075919
        0.0007217286       -0.0020158851        0.0045423694
       -0.0145982262       -0.0108000902        0.0002655829
        0.0172761763        0.0146877587        0.0007277953
        0.1379951118        0.1568114426        0.0001818956
       -0.0000085048        0.0000123597        0.0000420245
       -0.0000922056       -0.0001118809        0.0000997810
       -0.0000266557       -0.0000495643       -0.0000917857
        0.0001928427        0.0004924973       -0.0003580653
        0.0000048647        0.0000036734       -0.0000097848
        0.0000389403       -0.0000330605        0.0000440483
       -0.0002895055       -0.0002745692        0.0000635211
       -0.0005240502       -0.0012110764        0.0030128428
        0.0274214520        0.0190974288        0.0007155686
       -0.0061724888       -0.0046031935       -0.0582640540
       -0.0004765157       -0.0011803654        0.0012528956
       -0.0001413943        0.0039564414       -0.0049396284
       -0.0262037754       -0.0170085966        0.0010621312
        0.0010610177        0.0007277953       -0.0004958462
        0.0052158004        0.0001818956        0.0578662649
