   16   48
        0.6739349826        0.0288106551       -0.0877381076
       -0.1749090876        0.0748488962        0.0190439263
        0.0456184124        0.0113072912       -0.0066404013
       -0.0326093112        0.0195501487        0.0046114787
       -0.0256371663       -0.0531584188        0.0042491875
       -0.3396454713        0.0216801899        0.0455823626
       -0.1269004801       -0.1213650888        0.0150412124
       -0.0098280200        0.0275860237        0.0017939412
       -0.0006271200       -0.0038393563        0.0013497237
       -0.0011663963        0.0012109175        0.0000016912
        0.0006828012       -0.0027708126        0.0011812288
       -0.0090761737       -0.0036842800        0.0016620811
       -0.0003448025        0.0002104187        0.0001523387
       -0.0000485601        0.0000749613       -0.0002555200
       -0.0000655187       -0.0000127663       -0.0000082525
        0.0005913937       -0.0003875412       -0.0001384775
        0.0288106551        0.7217195575       -0.0049946075
        0.1182064337       -0.2904971162       -0.0191273250
       -0.0113248350       -0.0508015838        0.0016641750
        0.0195534663       -0.0104647687       -0.0031710263
       -0.0301637263        0.0224547563        0.0047572250
       -0.0219443412       -0.1213542987        0.0034333288
       -0.1214034638       -0.2711932438        0.0200302975
       -0.0040616212        0.0045847925        0.0008295625
       -0.0035570125       -0.0033839763        0.0005716213
        0.0012127013        0.0002496088       -0.0001763062
       -0.0031609574       -0.0047234588        0.0005041400
        0.0281643926        0.0036183312       -0.0043926188
        0.0002036975        0.0000242937        0.0001872475
        0.0001379287        0.0000353550        0.0000143725
        0.0001086975       -0.0000169637        0.0001805188
       -0.0006757212       -0.0002580138       -0.0004740238
       -0.0877381076       -0.0049946075        0.1406799201
        0.0190072711       -0.0120945163       -0.0575117051
       -0.0066404676       -0.0016623525        0.0035169862
        0.0046160325       -0.0030065026       -0.0046941826
        0.0044176287        0.0086904137        0.0014790700
        0.0454716112       -0.0036763075       -0.0613048950
        0.0149813524        0.0200039850       -0.0376896064
        0.0018220225       -0.0044806551        0.0011175324
        0.0013895112        0.0005910912        0.0077457761
       -0.0000123713       -0.0001944138       -0.0012344363
        0.0011773437        0.0004386374        0.0078446475
        0.0016474112        0.0006008675        0.0009933562
       -0.0002233126       -0.0008122687       -0.0001004863
        0.0000368625        0.0000558799        0.0002112150
       -0.0001138675       -0.0000320701       -0.0003387588
        0.0000581774        0.0004133138       -0.0005343851
       -0.1749090876        0.1182064337        0.0190072711
        0.7240788327        0.0000604287       -0.0965148489
       -0.1749090401       -0.1180808238        0.0190073561
       -0.0256783038       -0.0303691851        0.0043522424
        0.0009652424       -0.0000014150       -0.0007292688
       -0.0256782763        0.0303713849        0.0043522488
        0.0109557786       -0.0163550875       -0.0013852576
       -0.3349133563       -0.0000700363        0.0495601462
        0.0109558112        0.0163519237       -0.0013853013
       -0.0056593750        0.0005937249        0.0021747150
        0.0008892499       -0.0000000614       -0.0003235225
       -0.0056593601       -0.0005941700        0.0021746574
        0.0000265349       -0.0000001051        0.0001426511
       -0.0000122151       -0.0000174551        0.0000420362
       -0.0000121575        0.0000172512        0.0000421099
       -0.0004432038       -0.0000002113       -0.0006467263
        0.0748488962       -0.2904971162       -0.0120945163
        0.0000604287        0.6710918476       -0.0000684700
       -0.0747616813       -0.2904970588        0.0120211387
       -0.0531256150        0.0223807687        0.0083542125
       -0.0000013263       -0.0449423763       -0.0000000088
        0.0530884724        0.0223807363       -0.0083579837
        0.0153744863       -0.0168283162       -0.0024390376
       -0.0000634212       -0.0582881687        0.0000049162
       -0.0153795600       -0.0168282737        0.0024371712
        0.0009250200        0.0017809562       -0.0001249550
        0.0000000387       -0.0018616100        0.0000001087
       -0.0009254762        0.0017810599        0.0001240311
       -0.0000000750       -0.0006201013       -0.0000000963
        0.0000574025        0.0000104537        0.0002240125
       -0.0000575375        0.0000104350       -0.0002241600
        0.0000000650        0.0008737638       -0.0000000426
        0.0190439263       -0.0191273250       -0.0575117051
       -0.0965148489       -0.0000684700        0.1429776626
        0.0190439462        0.0190606200       -0.0575115700
        0.0045734362        0.0046920550        0.0016316849
       -0.0005945338       -0.0000001563       -0.0037077575
        0.0045734575       -0.0046884625        0.0016316350
       -0.0015451713        0.0026466974        0.0016138475
        0.0492786013        0.0000022987       -0.0435400950
       -0.0015450800       -0.0026464750        0.0016138037
        0.0021946988       -0.0000688738        0.0076698537
       -0.0003654800        0.0000002962       -0.0012095450
        0.0021946975        0.0000691512        0.0076697187
       -0.0005269062       -0.0000001837       -0.0001833963
       -0.0001299325        0.0000793587       -0.0002002050
       -0.0001299500       -0.0000795013       -0.0002002563
        0.0003178625       -0.0000001675       -0.0005657801
        0.0456184124       -0.0113248350       -0.0066404676
       -0.1749090401       -0.0747616813        0.0190439462
        0.6739349001       -0.0286715001       -0.0877379688
       -0.3396454488       -0.0218144975        0.0455824024
       -0.0256371051        0.0531213411        0.0042491937
       -0.0326092739       -0.0195594251        0.0046115225
       -0.0006271213        0.0038387950        0.0013498099
       -0.0098280025       -0.0275862300        0.0017939637
       -0.1269004138        0.1214966574        0.0150412311
       -0.0090760976        0.0036799599        0.0016621612
        0.0006828662        0.0027704549        0.0011812637
       -0.0011664113       -0.0012110051        0.0000017186
       -0.0003447801       -0.0002103750        0.0001523799
       -0.0000655088        0.0000126137       -0.0000081888
       -0.0000485350       -0.0000750438       -0.0002553988
        0.0005914237        0.0003874824       -0.0001384451
        0.0113072912       -0.0508015838       -0.0016623525
       -0.1180808238       -0.2904970588        0.0190606200
       -0.0286715001        0.7217194826        0.0048252612
        0.0218095400       -0.1213542438       -0.0034296576
        0.0301665537        0.0224547649       -0.0047534763
       -0.0195626475       -0.0104648101        0.0031732412
        0.0035564012       -0.0033839600       -0.0005723901
        0.0040584625        0.0045847950       -0.0008295476
        0.1215282250       -0.2711932475       -0.0201298363
       -0.0281638700        0.0036183274        0.0043904437
        0.0031608025       -0.0047234413       -0.0005039750
       -0.0012128426        0.0002496812        0.0001762611
       -0.0002039251        0.0000243399       -0.0001873914
       -0.0001087813       -0.0000168976       -0.0001805613
       -0.0001380100        0.0000353837       -0.0000144401
        0.0006754149       -0.0002580001        0.0004741412
       -0.0066404013        0.0016641750        0.0035169862
        0.0190073561        0.0120211387       -0.0575115700
       -0.0877379688        0.0048252612        0.1406796976
        0.0454717237        0.0036808587       -0.0613048326
        0.0044177512       -0.0086941963        0.0014792062
        0.0046161262        0.0030088849       -0.0046941462
        0.0013895637       -0.0005907901        0.0077458800
        0.0018221725        0.0044804224        0.0011176912
        0.0149814550       -0.0200893125       -0.0376895051
        0.0016474925       -0.0005994325        0.0009935437
        0.0011774350       -0.0004382701        0.0078447238
       -0.0000122225        0.0001948362       -0.0012344001
       -0.0002231889        0.0008119588       -0.0001003813
       -0.0001138726        0.0000318649       -0.0003386888
        0.0000369637       -0.0000559626        0.0002113437
        0.0000582387       -0.0004138225       -0.0005342213
       -0.0326093112        0.0195534663        0.0046160325
       -0.0256783038       -0.0531256150        0.0045734362
       -0.3396454488        0.0218095400        0.0454717237
        0.6737210650        0.0283289987       -0.0874770013
       -0.1744733925        0.0748468813        0.0193542988
        0.0455743100        0.0115872450       -0.0071875949
       -0.0011688775        0.0011971450       -0.0000123875
        0.0007233925       -0.0027917712        0.0011868913
       -0.0090842450       -0.0037053262        0.0015331712
       -0.1267338537       -0.1211636200        0.0145770313
       -0.0100863400        0.0275598612        0.0017912913
       -0.0005819999       -0.0039168400        0.0013740274
       -0.0001828462        0.0006718388       -0.0000288237
       -0.0000833000        0.0000122712       -0.0002152750
        0.0001111950       -0.0000321288        0.0001444025
        0.0001672300       -0.0007696450        0.0001886337
        0.0195501487       -0.0104647687       -0.0030065026
       -0.0303691851        0.0223807687        0.0046920550
       -0.0218144975       -0.1213542438        0.0036808587
        0.0283289987        0.7211396925       -0.0046329588
        0.1189658487       -0.2906457263       -0.0191413537
       -0.0116045200       -0.0505750650        0.0020636663
        0.0011945325        0.0002185163       -0.0002388638
       -0.0030134037       -0.0047271838        0.0005016263
        0.0280583850        0.0037694650       -0.0045619400
       -0.1211733175       -0.2708142138        0.0192011112
       -0.0043825800        0.0046317287        0.0006734800
       -0.0035057212       -0.0034346213        0.0005602587
        0.0004269862        0.0000549175       -0.0003744750
       -0.0000845325       -0.0000952512        0.0000755838
       -0.0000027462        0.0001277512        0.0001742387
       -0.0004660138       -0.0002182350        0.0001718124
        0.0046114787       -0.0031710263       -0.0046941826
        0.0043522424        0.0083542125        0.0016316849
        0.0455824024       -0.0034296576       -0.0613048326
       -0.0874770013       -0.0046329588        0.1391916851
        0.0192223524       -0.0116501801       -0.0565927888
       -0.0071875888       -0.0020611513        0.0033106037
       -0.0000078700       -0.0002063913       -0.0011977001
        0.0012459537        0.0004421587        0.0077582037
        0.0016796663        0.0006083413        0.0010575674
        0.0145424362        0.0191311937       -0.0372611787
        0.0017917163       -0.0043785376        0.0009182549
        0.0013695099        0.0006408199        0.0077860736
        0.0002829162        0.0003900325       -0.0002859463
        0.0000122913        0.0000139575       -0.0000680325
        0.0000412112        0.0000176662        0.0003222437
       -0.0001624550       -0.0002271638       -0.0003849551
       -0.0256371663       -0.0301637263        0.0044176287
        0.0009652424       -0.0000013263       -0.0005945338
       -0.0256371051        0.0301665537        0.0044177512
       -0.1744733925        0.1189658487        0.0192223524
        0.7226549326        0.0000606475       -0.0950807475
       -0.1744733513       -0.1188370263        0.0192223488
       -0.0056363176        0.0006243913        0.0022097962
        0.0008151125       -0.0000000675       -0.0003974463
       -0.0056363076       -0.0006248025        0.0022097912
        0.0108070200       -0.0165824076       -0.0015805163
       -0.3342923113       -0.0000702001        0.0473063188
        0.0108070212        0.0165795775       -0.0015805414
        0.0004440637        0.0000000525       -0.0003894738
        0.0000194049       -0.0000695338        0.0001674888
        0.0000194738        0.0000693974        0.0001675500
       -0.0007480038       -0.0000000838        0.0001568799
       -0.0531584188        0.0224547563        0.0086904137
       -0.0000014150       -0.0449423763       -0.0000001563
        0.0531213411        0.0224547649       -0.0086941963
        0.0748468813       -0.2906457263       -0.0116501801
        0.0000606475        0.6713141300       -0.0000678563
       -0.0747590887       -0.2906457387        0.0115770938
        0.0009242550        0.0017784799       -0.0001279051
       -0.0000000237       -0.0018577862        0.0000000000
       -0.0009247025        0.0017785325        0.0001269050
        0.0153399237       -0.0167697375       -0.0024612062
       -0.0000635725       -0.0582384600        0.0000051387
       -0.0153450475       -0.0167696675        0.0024592186
       -0.0000000925       -0.0001794275       -0.0000000888
       -0.0000484663       -0.0000698351        0.0002245424
        0.0000483126       -0.0000698763       -0.0002246713
        0.0000000625        0.0003545575       -0.0000000450
        0.0042491875        0.0047572250        0.0014790700
       -0.0007292688       -0.0000000088       -0.0037077575
        0.0042491937       -0.0047534763        0.0014792062
        0.0193542988       -0.0191413537       -0.0565927888
       -0.0950807475       -0.0000678563        0.1397737125
        0.0193542862        0.0190762462       -0.0565927500
        0.0022005650       -0.0000569338        0.0076314561
       -0.0003499475        0.0000003550       -0.0011409001
        0.0022005862        0.0000573100        0.0076314325
       -0.0015333162        0.0026604050        0.0014873750
        0.0473552400        0.0000025312       -0.0423472162
       -0.0015332812       -0.0026599125        0.0014873275
        0.0005025887        0.0000000013       -0.0004642626
       -0.0000594088       -0.0000983763        0.0001785250
       -0.0000593300        0.0000982775        0.0001785437
       -0.0002495538       -0.0000001800       -0.0002906513
       -0.3396454713       -0.0219443412        0.0454716112
       -0.0256782763        0.0530884724        0.0045734575
       -0.0326092739       -0.0195626475        0.0046161262
        0.0455743100       -0.0116045200       -0.0071875888
       -0.1744733513       -0.0747590887        0.0193542862
        0.6737210251       -0.0281885713       -0.0874769562
       -0.0090842875        0.0037009362        0.0015332624
        0.0007234112        0.0027913925        0.0011869474
       -0.0011688225       -0.0011973025       -0.0000123875
       -0.0005820451        0.0039161712        0.0013741225
       -0.0100863037       -0.0275600501        0.0017913550
       -0.1267338349        0.1212954174        0.0145769987
       -0.0001827463       -0.0006718226       -0.0000288050
        0.0001111687        0.0000319424        0.0001443450
       -0.0000832437       -0.0000124813       -0.0002151813
        0.0001672863        0.0007695762        0.0001886686
        0.0216801899       -0.1213542987       -0.0036763075
        0.0303713849        0.0223807363       -0.0046884625
       -0.0195594251       -0.0104648101        0.0030088849
        0.0115872450       -0.0505750650       -0.0020611513
       -0.1188370263       -0.2906457387        0.0190762462
       -0.0281885713        0.7211397376        0.0044640250
       -0.0280579214        0.0037694437        0.0045597612
        0.0030129950       -0.0047272101       -0.0005015426
       -0.0011947012        0.0002184725        0.0002387812
        0.0035050725       -0.0034346601       -0.0005610038
        0.0043797225        0.0046317049       -0.0006733013
        0.1212981262       -0.2708142388       -0.0193012863
       -0.0004271476        0.0000548888        0.0003742249
        0.0000026525        0.0001277488       -0.0001743688
        0.0000843850       -0.0000952750       -0.0000756825
        0.0004658450       -0.0002183013       -0.0001718476
        0.0455823626        0.0034333288       -0.0613048950
        0.0043522488       -0.0083579837        0.0016316350
        0.0046115225        0.0031732412       -0.0046941462
       -0.0071875949        0.0020636663        0.0033106037
        0.0192223488        0.0115770938       -0.0565927500
       -0.0874769562        0.0044640250        0.1391916850
        0.0016796325       -0.0006070938        0.0010576087
        0.0012459813       -0.0004418274        0.0077581713
       -0.0000078474        0.0002068013       -0.0011977025
        0.0013694138       -0.0006404725        0.0077861113
        0.0017917688        0.0043782525        0.0009182963
        0.0145424063       -0.0192170362       -0.0372611550
        0.0002828862       -0.0003902525       -0.0002859462
        0.0000411963       -0.0000179162        0.0003221925
        0.0000123850       -0.0000141700       -0.0000680613
       -0.0001624999        0.0002266275       -0.0003849912
       -0.1269004801       -0.1214034638        0.0149813524
        0.0109557786        0.0153744863       -0.0015451713
       -0.0006271213        0.0035564012        0.0013895637
       -0.0011688775        0.0011945325       -0.0000078700
       -0.0056363176        0.0009242550        0.0022005650
       -0.0090842875       -0.0280579214        0.0016796325
        0.1308095901        0.1294407188       -0.0171103989
        0.0007186950       -0.0005252063       -0.0007221175
        0.0004847588        0.0008728788       -0.0000443926
        0.0000875550       -0.0000992051       -0.0002248538
       -0.0006046275       -0.0015065838        0.0001323887
        0.0010185262        0.0003764137       -0.0007580239
        0.0000678750        0.0000868263       -0.0000267638
       -0.0000521325       -0.0000465675       -0.0000253125
       -0.0000068012        0.0000184550        0.0000183087
       -0.0000630663       -0.0000901537        0.0000411412
       -0.1213650888       -0.2711932438        0.0200039850
       -0.0163550875       -0.0168283162        0.0026466974
        0.0038387950       -0.0033839600       -0.0005907901
        0.0011971450        0.0002185163       -0.0002063913
        0.0006243913        0.0017784799       -0.0000569338
        0.0037009362        0.0037694437       -0.0006070938
        0.1294407188        0.2847453325       -0.0214383626
        0.0001794588        0.0010463688       -0.0000438100
       -0.0008730274       -0.0009967388        0.0001486688
       -0.0000982250        0.0000100874        0.0000093863
        0.0002397125        0.0001219024       -0.0000364587
       -0.0003846100        0.0007570887        0.0000435537
        0.0000877250        0.0001639325       -0.0000397338
       -0.0000559488       -0.0000353725       -0.0000224138
        0.0000272613        0.0000019887        0.0000185725
       -0.0000770225       -0.0001745737        0.0000838162
        0.0150412124        0.0200302975       -0.0376896064
       -0.0013852576       -0.0024390376        0.0016138475
        0.0013498099       -0.0005723901        0.0077458800
       -0.0000123875       -0.0002388638       -0.0011977001
        0.0022097962       -0.0001279051        0.0076314561
        0.0015332624        0.0045597612        0.0010576087
       -0.0171103989       -0.0214383626        0.0286818401
       -0.0007453113        0.0000787512       -0.0035828888
       -0.0000443426       -0.0001488125        0.0002412675
       -0.0002172900        0.0000215262       -0.0012704313
        0.0001237262        0.0002368762        0.0002206937
       -0.0007470175       -0.0000744963       -0.0035789277
        0.0001043750        0.0001877275        0.0000068012
       -0.0000851738       -0.0000405463       -0.0000475500
        0.0000436825        0.0000134050        0.0000175275
       -0.0000832638       -0.0001450351        0.0001694174
       -0.0098280200       -0.0040616212        0.0018220225
       -0.3349133563       -0.0000634212        0.0492786013
       -0.0098280025        0.0040584625        0.0018221725
        0.0007233925       -0.0030134037        0.0012459537
        0.0008151125       -0.0000000237       -0.0003499475
        0.0007234112        0.0030129950        0.0012459813
        0.0007186950        0.0001794588       -0.0007453113
        0.3522008925       -0.0000598687       -0.0538533000
        0.0007187500       -0.0001792549       -0.0007453012
       -0.0005984399        0.0002263988        0.0001340651
       -0.0000652749       -0.0000001025       -0.0002103874
       -0.0005984162       -0.0002263987        0.0001339562
        0.0002161100        0.0000000138       -0.0000489775
        0.0000328363       -0.0000033013        0.0000227763
        0.0000328651        0.0000032038        0.0000227937
       -0.0003514062       -0.0000000487        0.0001358562
        0.0275860237        0.0045847925       -0.0044806551
       -0.0000700363       -0.0582881687        0.0000022987
       -0.0275862300        0.0045847950        0.0044804224
       -0.0027917712       -0.0047271838        0.0004421587
       -0.0000000675       -0.0018577862        0.0000003550
        0.0027913925       -0.0047272101       -0.0004418274
       -0.0005252063        0.0010463688        0.0000787512
       -0.0000598687        0.0579690401        0.0000031725
        0.0005260975        0.0010463725       -0.0000788038
       -0.0015099238        0.0001173725        0.0002363912
       -0.0000000263        0.0001778099       -0.0000000112
        0.0015095613        0.0001173800       -0.0002366251
       -0.0000001488       -0.0000457587       -0.0000001113
        0.0000302312        0.0000079199       -0.0000235251
       -0.0000304100        0.0000079000        0.0000233450
       -0.0000001113       -0.0000180863       -0.0000000988
        0.0017939412        0.0008295625        0.0011175324
        0.0495601462        0.0000049162       -0.0435400950
        0.0017939637       -0.0008295476        0.0011176912
        0.0011868913        0.0005016263        0.0077582037
       -0.0003974463        0.0000000000       -0.0011409001
        0.0011869474       -0.0005015426        0.0077581713
       -0.0007221175       -0.0000438100       -0.0035828888
       -0.0538533000        0.0000031725        0.0347196526
       -0.0007220350        0.0000437537       -0.0035829275
        0.0001135813       -0.0000487600        0.0002184088
       -0.0001802587       -0.0000000014       -0.0012695100
        0.0001135724        0.0000486249        0.0002183587
        0.0001709824       -0.0000000212        0.0000063950
        0.0000404262        0.0000010162        0.0000127850
        0.0000404938       -0.0000011625        0.0000127750
       -0.0002263475       -0.0000000550        0.0001950936
       -0.0006271200       -0.0035570125        0.0013895112
        0.0109558112       -0.0153795600       -0.0015450800
       -0.1269004138        0.1215282250        0.0149814550
       -0.0090842450        0.0280583850        0.0016796663
       -0.0056363076       -0.0009247025        0.0022005862
       -0.0011688225       -0.0011947012       -0.0000078474
        0.0004847588       -0.0008730274       -0.0000443426
        0.0007187500        0.0005260975       -0.0007220350
        0.1308094950       -0.1293129362       -0.0171103562
        0.0010185875       -0.0003763012       -0.0007579662
       -0.0006046049        0.0015062874        0.0001324638
        0.0000875826        0.0000991125       -0.0002247963
        0.0000679187       -0.0000868625       -0.0000267100
       -0.0000068012       -0.0000186063        0.0000182838
       -0.0000520274        0.0000464263       -0.0000252501
       -0.0000630425        0.0000900413        0.0000412113
       -0.0038393563       -0.0033839763        0.0005910912
        0.0163519237       -0.0168282737       -0.0026464750
        0.1214966574       -0.2711932475       -0.0200893125
       -0.0037053262        0.0037694650        0.0006083413
       -0.0006248025        0.0017785325        0.0000573100
       -0.0011973025        0.0002184725        0.0002068013
        0.0008728788       -0.0009967388       -0.0001488125
       -0.0001792549        0.0010463725        0.0000437537
       -0.1293129362        0.2847453000        0.0213482950
        0.0003846763        0.0007570500       -0.0000435912
       -0.0002396375        0.0001219362        0.0000364025
        0.0000980550        0.0000101000       -0.0000095076
       -0.0000878575        0.0001639600        0.0000396025
       -0.0000273850        0.0000020188       -0.0000186812
        0.0000558300       -0.0000353537        0.0000223088
        0.0000768775       -0.0001744975       -0.0000839300
        0.0013497237        0.0005716213        0.0077457761
       -0.0013853013        0.0024371712        0.0016138037
        0.0150412311       -0.0201298363       -0.0376895051
        0.0015331712       -0.0045619400        0.0010575674
        0.0022097912        0.0001269050        0.0076314325
       -0.0000123875        0.0002387812       -0.0011977025
       -0.0000443926        0.0001486688        0.0002412675
       -0.0007453012       -0.0000788038       -0.0035829275
       -0.0171103562        0.0213482950        0.0286818501
       -0.0007470700        0.0000744287       -0.0035788263
        0.0001236475       -0.0002371363        0.0002206087
       -0.0002173250       -0.0000216363       -0.0012705276
        0.0001043662       -0.0001877800        0.0000067212
        0.0000436687       -0.0000135851        0.0000175424
       -0.0000850737        0.0000403563       -0.0000475288
       -0.0000832563        0.0001449224        0.0001694011
       -0.0011663963        0.0012127013       -0.0000123713
       -0.0056593750        0.0009250200        0.0021946988
       -0.0090760976       -0.0281638700        0.0016474925
       -0.1267338537       -0.1211733175        0.0145424362
        0.0108070200        0.0153399237       -0.0015333162
       -0.0005820451        0.0035050725        0.0013694138
        0.0000875550       -0.0000982250       -0.0002172900
       -0.0005984399       -0.0015099238        0.0001135813
        0.0010185875        0.0003846763       -0.0007470700
        0.1306991075        0.1293522213       -0.0166443975
        0.0007578338       -0.0005410238       -0.0007094825
        0.0004778838        0.0008818400       -0.0000354450
        0.0000172349        0.0000254625        0.0000070350
        0.0000172462        0.0000119537        0.0000074812
        0.0000304400       -0.0000250312        0.0000216838
       -0.0000975862       -0.0000112325       -0.0000269601
        0.0012109175        0.0002496088       -0.0001944138
        0.0005937249        0.0017809562       -0.0000688738
        0.0036799599        0.0036183274       -0.0005994325
       -0.1211636200       -0.2708142138        0.0191311937
       -0.0165824076       -0.0167697375        0.0026604050
        0.0039161712       -0.0034346601       -0.0006404725
       -0.0000992051        0.0000100874        0.0000215262
        0.0002263988        0.0001173725       -0.0000487600
       -0.0003763012        0.0007570500        0.0000744287
        0.1293522213        0.2844654701       -0.0205038675
        0.0002781162        0.0010241349       -0.0000534325
       -0.0008821225       -0.0009954438        0.0001417099
        0.0000909025        0.0000539475       -0.0000183801
        0.0000081000       -0.0000075501       -0.0000152975
       -0.0000266600        0.0000061225        0.0000769975
       -0.0000986950       -0.0000609450       -0.0000514488
        0.0000016912       -0.0001763062       -0.0012344363
        0.0021747150       -0.0001249550        0.0076698537
        0.0016621612        0.0043904437        0.0009935437
        0.0145770313        0.0192011112       -0.0372611787
       -0.0015805163       -0.0024612062        0.0014873750
        0.0013741225       -0.0005610038        0.0077861113
       -0.0002248538        0.0000093863       -0.0012704313
        0.0001340651        0.0002363912        0.0002184088
       -0.0007579662       -0.0000435912       -0.0035788263
       -0.0166443975       -0.0205038675        0.0284704275
       -0.0007055112        0.0000858950       -0.0035691087
       -0.0000353975       -0.0001418475        0.0002436150
       -0.0000967487       -0.0001051012        0.0000842113
       -0.0000087212        0.0000045325       -0.0000089775
       -0.0000011187        0.0000111375       -0.0001449500
        0.0001075125        0.0000817675        0.0001346987
        0.0006828012       -0.0031609574        0.0011773437
        0.0008892499        0.0000000387       -0.0003654800
        0.0006828662        0.0031608025        0.0011774350
       -0.0100863400       -0.0043825800        0.0017917163
       -0.3342923113       -0.0000635725        0.0473552400
       -0.0100863037        0.0043797225        0.0017917688
       -0.0006046275        0.0002397125        0.0001237262
       -0.0000652749       -0.0000000263       -0.0001802587
       -0.0006046049       -0.0002396375        0.0001236475
        0.0007578338        0.0002781162       -0.0007055112
        0.3519748175       -0.0000599538       -0.0516490225
        0.0007578475       -0.0002777525       -0.0007055588
        0.0001594962        0.0000000426       -0.0000384512
       -0.0000222349       -0.0000217075        0.0000338063
       -0.0000221574        0.0000217037        0.0000339150
       -0.0001212550       -0.0000000099       -0.0000558438
       -0.0027708126       -0.0047234588        0.0004386374
       -0.0000000614       -0.0018616100        0.0000002962
        0.0027704549       -0.0047234413       -0.0004382701
        0.0275598612        0.0046317287       -0.0043785376
       -0.0000702001       -0.0582384600        0.0000025312
       -0.0275600501        0.0046317049        0.0043782525
       -0.0015065838        0.0001219024        0.0002368762
       -0.0000001025        0.0001778099       -0.0000000014
        0.0015062874        0.0001219362       -0.0002371363
       -0.0005410238        0.0010241349        0.0000858950
       -0.0000599538        0.0578308051        0.0000033562
        0.0005418337        0.0010242087       -0.0000859451
       -0.0000001101        0.0000404087       -0.0000001013
       -0.0000183601       -0.0000006713       -0.0000009451
        0.0000182250       -0.0000006338        0.0000007125
       -0.0000000875       -0.0000608288       -0.0000000426
        0.0011812288        0.0005041400        0.0078446475
       -0.0003235225        0.0000001087       -0.0012095450
        0.0011812637       -0.0005039750        0.0078447238
        0.0017912913        0.0006734800        0.0009182549
        0.0473063188        0.0000051387       -0.0423472162
        0.0017913550       -0.0006733013        0.0009182963
        0.0001323887       -0.0000364587        0.0002206937
       -0.0002103874       -0.0000000112       -0.0012695100
        0.0001324638        0.0000364025        0.0002206087
       -0.0007094825       -0.0000534325       -0.0035691087
       -0.0516490225        0.0000033562        0.0339238700
       -0.0007095274        0.0000533563       -0.0035691276
       -0.0002650413        0.0000000225        0.0001291050
        0.0000500500        0.0000619000       -0.0000803112
        0.0000501651       -0.0000620975       -0.0000803587
        0.0001466200       -0.0000000262        0.0001256988
       -0.0090761737        0.0281643926        0.0016474112
       -0.0056593601       -0.0009254762        0.0021946975
       -0.0011664113       -0.0012128426       -0.0000122225
       -0.0005819999       -0.0035057212        0.0013695099
        0.0108070212       -0.0153450475       -0.0015332812
       -0.1267338349        0.1212981262        0.0145424063
        0.0010185262       -0.0003846100       -0.0007470175
       -0.0005984162        0.0015095613        0.0001135724
        0.0000875826        0.0000980550       -0.0002173250
        0.0004778838       -0.0008821225       -0.0000353975
        0.0007578475        0.0005418337       -0.0007095274
        0.1306991200       -0.1292243375       -0.0166444638
        0.0000172250       -0.0000255612        0.0000070337
        0.0000304250        0.0000248613        0.0000216563
        0.0000172513       -0.0000121562        0.0000075112
       -0.0000976137        0.0000110863       -0.0000269513
       -0.0036842800        0.0036183312        0.0006008675
       -0.0005941700        0.0017810599        0.0000691512
       -0.0012110051        0.0002496812        0.0001948362
       -0.0039168400       -0.0034346213        0.0006408199
        0.0165795775       -0.0167696675       -0.0026599125
        0.1212954174       -0.2708142388       -0.0192170362
        0.0003764137        0.0007570887       -0.0000744963
       -0.0002263987        0.0001173800        0.0000486249
        0.0000991125        0.0000101000       -0.0000216363
        0.0008818400       -0.0009954438       -0.0001418475
       -0.0002777525        0.0010242087        0.0000533563
       -0.1292243375        0.2844654276        0.0204132824
       -0.0000910450        0.0000539250        0.0000182349
        0.0000265387        0.0000061437       -0.0000772501
       -0.0000081987       -0.0000075425        0.0000150887
        0.0000985812       -0.0000609475        0.0000513349
        0.0016620811       -0.0043926188        0.0009933562
        0.0021746574        0.0001240311        0.0076697187
        0.0000017186        0.0001762611       -0.0012344001
        0.0013740274        0.0005602587        0.0077860736
       -0.0015805414        0.0024592186        0.0014873275
        0.0145769987       -0.0193012863       -0.0372611550
       -0.0007580239        0.0000435537       -0.0035789277
        0.0001339562       -0.0002366251        0.0002183587
       -0.0002247963       -0.0000095076       -0.0012705276
       -0.0000354450        0.0001417099        0.0002436150
       -0.0007055588       -0.0000859451       -0.0035691276
       -0.0166444638        0.0204132824        0.0284705327
       -0.0000967676        0.0001050787        0.0000841899
       -0.0000011813       -0.0000112713       -0.0001449588
       -0.0000087588       -0.0000047213       -0.0000089276
        0.0001074499       -0.0000818738        0.0001346849
       -0.0003448025        0.0002036975       -0.0002233126
        0.0000265349       -0.0000000750       -0.0005269062
       -0.0003447801       -0.0002039251       -0.0002231889
       -0.0001828462        0.0004269862        0.0002829162
        0.0004440637       -0.0000000925        0.0005025887
       -0.0001827463       -0.0004271476        0.0002828862
        0.0000678750        0.0000877250        0.0001043750
        0.0002161100       -0.0000001488        0.0001709824
        0.0000679187       -0.0000878575        0.0001043662
        0.0000172349        0.0000909025       -0.0000967487
        0.0001594962       -0.0000001101       -0.0002650413
        0.0000172250       -0.0000910450       -0.0000967676
        0.3452189401        0.0002790937        0.1847783549
       -0.1597546438        0.1575767512       -0.0445969813
       -0.1597545575       -0.1573192563       -0.0445969600
       -0.0256726238        0.0000026600       -0.0958426076
        0.0002104187        0.0000242937       -0.0008122687
       -0.0000001051       -0.0006201013       -0.0000001837
       -0.0002103750        0.0000243399        0.0008119588
        0.0006718388        0.0000549175        0.0003900325
        0.0000000525       -0.0001794275        0.0000000013
       -0.0006718226        0.0000548888       -0.0003902525
        0.0000868263        0.0001639325        0.0001877275
        0.0000000138       -0.0000457587       -0.0000000212
       -0.0000868625        0.0001639600       -0.0001877800
        0.0000254625        0.0000539475       -0.0001051012
        0.0000000426        0.0000404087        0.0000000225
       -0.0000255612        0.0000539250        0.0001050787
        0.0002790937        0.6399238400       -0.0001796251
        0.2007366487       -0.2898371725        0.0309821063
       -0.2004699238       -0.2898372125       -0.0310724400
        0.0000059588       -0.0600389637       -0.0000919188
        0.0001523387        0.0001872475       -0.0001004863
        0.0001426511       -0.0000000963       -0.0001833963
        0.0001523799       -0.0001873914       -0.0001003813
       -0.0000288237       -0.0003744750       -0.0002859463
       -0.0003894738       -0.0000000888       -0.0004642626
       -0.0000288050        0.0003742249       -0.0002859462
       -0.0000267638       -0.0000397338        0.0000068012
       -0.0000489775       -0.0000001113        0.0000063950
       -0.0000267100        0.0000396025        0.0000067212
        0.0000070350       -0.0000183801        0.0000842113
       -0.0000384512       -0.0000001013        0.0001291050
        0.0000070337        0.0000182349        0.0000841899
        0.1847783549       -0.0001796251        0.5207916226
       -0.0734164388        0.0573739462       -0.0524242112
       -0.0734163687       -0.0574501188       -0.0524241763
       -0.0380511638       -0.0000984888       -0.4148430364
       -0.0000485601        0.0001379287        0.0000368625
       -0.0000122151        0.0000574025       -0.0001299325
       -0.0000655088       -0.0001087813       -0.0001138726
       -0.0000833000       -0.0000845325        0.0000122913
        0.0000194049       -0.0000484663       -0.0000594088
        0.0001111687        0.0000026525        0.0000411963
       -0.0000521325       -0.0000559488       -0.0000851738
        0.0000328363        0.0000302312        0.0000404262
       -0.0000068012       -0.0000273850        0.0000436687
        0.0000172462        0.0000081000       -0.0000087212
       -0.0000222349       -0.0000183601        0.0000500500
        0.0000304250        0.0000265387       -0.0000011813
       -0.1597546438        0.2007366487       -0.0734164388
        0.1593596851       -0.1822289950        0.0618572862
        0.0083574125       -0.0245352837        0.0064635800
       -0.0078841050        0.0063710900        0.0052417549
        0.0000749613        0.0000353550        0.0000558799
       -0.0000174551        0.0000104537        0.0000793587
        0.0000126137       -0.0000168976        0.0000318649
        0.0000122712       -0.0000952512        0.0000139575
       -0.0000695338       -0.0000698351       -0.0000983763
        0.0000319424        0.0001277488       -0.0000179162
       -0.0000465675       -0.0000353725       -0.0000405463
       -0.0000033013        0.0000079199        0.0000010162
       -0.0000186063        0.0000020188       -0.0000135851
        0.0000119537       -0.0000075501        0.0000045325
       -0.0000217075       -0.0000006713        0.0000619000
        0.0000248613        0.0000061437       -0.0000112713
        0.1575767512       -0.2898371725        0.0573739462
       -0.1822289950        0.3163677250       -0.0600387349
        0.0245289701       -0.0260143750        0.0071080300
        0.0003918950       -0.0004809763       -0.0045934938
       -0.0002555200        0.0000143725        0.0002112150
        0.0000420362        0.0002240125       -0.0002002050
       -0.0000081888       -0.0001805613       -0.0003386888
       -0.0002152750        0.0000755838       -0.0000680325
        0.0001674888        0.0002245424        0.0001785250
        0.0001443450       -0.0001743688        0.0003221925
       -0.0000253125       -0.0000224138       -0.0000475500
        0.0000227763       -0.0000235251        0.0000127850
        0.0000182838       -0.0000186812        0.0000175424
        0.0000074812       -0.0000152975       -0.0000089775
        0.0000338063       -0.0000009451       -0.0000803112
        0.0000216563       -0.0000772501       -0.0001449588
       -0.0445969813        0.0309821063       -0.0524242112
        0.0618572862       -0.0600387349        0.0611959325
        0.0064636000       -0.0071120050       -0.0000006600
       -0.0237205663        0.0360554262       -0.0086263363
       -0.0000655187        0.0001086975       -0.0001138675
       -0.0000121575       -0.0000575375       -0.0001299500
       -0.0000485350       -0.0001380100        0.0000369637
        0.0001111950       -0.0000027462        0.0000412112
        0.0000194738        0.0000483126       -0.0000593300
       -0.0000832437        0.0000843850        0.0000123850
       -0.0000068012        0.0000272613        0.0000436825
        0.0000328651       -0.0000304100        0.0000404938
       -0.0000520274        0.0000558300       -0.0000850737
        0.0000304400       -0.0000266600       -0.0000011187
       -0.0000221574        0.0000182250        0.0000501651
        0.0000172513       -0.0000081987       -0.0000087588
       -0.1597545575       -0.2004699238       -0.0734163687
        0.0083574125        0.0245289701        0.0064636000
        0.1593596075        0.1824860100        0.0618573426
       -0.0078840950       -0.0063720162        0.0052417913
       -0.0000127663       -0.0000169637       -0.0000320701
        0.0000172512        0.0000104350       -0.0000795013
       -0.0000750438        0.0000353837       -0.0000559626
       -0.0000321288        0.0001277512        0.0000176662
        0.0000693974       -0.0000698763        0.0000982775
       -0.0000124813       -0.0000952750       -0.0000141700
        0.0000184550        0.0000019887        0.0000134050
        0.0000032038        0.0000079000       -0.0000011625
        0.0000464263       -0.0000353537        0.0000403563
       -0.0000250312        0.0000061225        0.0000111375
        0.0000217037       -0.0000006338       -0.0000620975
       -0.0000121562       -0.0000075425       -0.0000047213
       -0.1573192563       -0.2898372125       -0.0574501188
       -0.0245352837       -0.0260143750       -0.0071120050
        0.1824860100        0.3163677550        0.0599587575
       -0.0003905688       -0.0004810375        0.0045925612
       -0.0000082525        0.0001805188       -0.0003387588
        0.0000421099       -0.0002241600       -0.0002002563
       -0.0002553988       -0.0000144401        0.0002113437
        0.0001444025        0.0001742387        0.0003222437
        0.0001675500       -0.0002246713        0.0001785437
       -0.0002151813       -0.0000756825       -0.0000680613
        0.0000183087        0.0000185725        0.0000175275
        0.0000227937        0.0000233450        0.0000127750
       -0.0000252501        0.0000223088       -0.0000475288
        0.0000216838        0.0000769975       -0.0001449500
        0.0000339150        0.0000007125       -0.0000803587
        0.0000075112        0.0000150887       -0.0000089276
       -0.0445969600       -0.0310724400       -0.0524241763
        0.0064635800        0.0071080300       -0.0000006600
        0.0618573426        0.0599587575        0.0611958851
       -0.0237205450       -0.0360598474       -0.0086262801
        0.0005913937       -0.0006757212        0.0000581774
       -0.0004432038        0.0000000650        0.0003178625
        0.0005914237        0.0006754149        0.0000582387
        0.0001672300       -0.0004660138       -0.0001624550
       -0.0007480038        0.0000000625       -0.0002495538
        0.0001672863        0.0004658450       -0.0001624999
       -0.0000630663       -0.0000770225       -0.0000832638
       -0.0003514062       -0.0000001113       -0.0002263475
       -0.0000630425        0.0000768775       -0.0000832563
       -0.0000975862       -0.0000986950        0.0001075125
       -0.0001212550       -0.0000000875        0.0001466200
       -0.0000976137        0.0000985812        0.0001074499
       -0.0256726238        0.0000059588       -0.0380511638
       -0.0078841050        0.0003918950       -0.0237205663
       -0.0078840950       -0.0003905688       -0.0237205450
        0.0419074325        0.0000049850        0.0855067262
       -0.0003875412       -0.0002580138        0.0004133138
       -0.0000002113        0.0008737638       -0.0000001675
        0.0003874824       -0.0002580001       -0.0004138225
       -0.0007696450       -0.0002182350       -0.0002271638
       -0.0000000838        0.0003545575       -0.0000001800
        0.0007695762       -0.0002183013        0.0002266275
       -0.0000901537       -0.0001745737       -0.0001450351
       -0.0000000487       -0.0000180863       -0.0000000550
        0.0000900413       -0.0001744975        0.0001449224
       -0.0000112325       -0.0000609450        0.0000817675
       -0.0000000099       -0.0000608288       -0.0000000262
        0.0000110863       -0.0000609475       -0.0000818738
        0.0000026600       -0.0600389637       -0.0000984888
        0.0063710900       -0.0004809763        0.0360554262
       -0.0063720162       -0.0004810375       -0.0360598474
        0.0000049850        0.0612744425       -0.0000895700
       -0.0001384775       -0.0004740238       -0.0005343851
       -0.0006467263       -0.0000000426       -0.0005657801
       -0.0001384451        0.0004741412       -0.0005342213
        0.0001886337        0.0001718124       -0.0003849551
        0.0001568799       -0.0000000450       -0.0002906513
        0.0001886686       -0.0001718476       -0.0003849912
        0.0000411412        0.0000838162        0.0001694174
        0.0001358562       -0.0000000988        0.0001950936
        0.0000412113       -0.0000839300        0.0001694011
       -0.0000269601       -0.0000514488        0.0001346987
       -0.0000558438       -0.0000000426        0.0001256988
       -0.0000269513        0.0000513349        0.0001346849
       -0.0958426076       -0.0000919188       -0.4148430364
        0.0052417549       -0.0045934938       -0.0086263363
        0.0052417913        0.0045925612       -0.0086262801
        0.0855067262       -0.0000895700        0.4338595326
