   10   30
        0.5549489700        0.0000081500        0.0000095100
       -0.1079105400        0.0436035250       -0.1063693050
       -0.1079105400        0.0436035150        0.1063925800
       -0.2919869350       -0.0873557151       -0.0000152350
       -0.0470609049        0.0001103101        0.0000010600
       -0.0000241000        0.0000009500        0.0000000101
       -0.0002139600        0.0000002150        0.0000000050
        0.0001939451       -0.0000597650        0.0002451801
        0.0001939401       -0.0000597500       -0.0002451700
       -0.0002300050        0.0001190649        0.0000000001
        0.0000081500        0.5566492898       -0.0000148498
        0.0435101101       -0.0774782849        0.0753518851
        0.0435101202       -0.0774782900       -0.0753490298
       -0.0871662099       -0.0775971899       -0.0000006749
        0.0001083301       -0.3229867649       -0.0000170400
        0.0000009351       -0.0010769399       -0.0000000149
       -0.0000003149       -0.0003243849       -0.0000000049
        0.0001644252        0.0000974750       -0.0002843348
        0.0001644252        0.0000974801        0.0002843102
       -0.0003292848        0.0000972700       -0.0000000048
        0.0000095100       -0.0000148498        0.5549485198
       -0.1063711048        0.0755127651       -0.2306616749
        0.1063929102       -0.0755122849       -0.2306616749
       -0.0000137649       -0.0000002199       -0.0464844849
        0.0000010501       -0.0000150649       -0.0470607049
        0.0000000050        0.0000000851       -0.0000251798
        0.0000000151        0.0000000051       -0.0002134699
        0.0002447202        0.0001033701       -0.0000884749
       -0.0002447199       -0.0001033499       -0.0000884699
        0.0000000102        0.0000000151        0.0003355701
       -0.1079105400        0.0435101101       -0.1063711048
        0.1139115598       -0.0476757399        0.1162542151
        0.0077022101       -0.0068276899        0.0140221051
       -0.0126378899        0.0119741200       -0.0257512099
       -0.0010170449       -0.0010524249        0.0017970151
        0.0001939500        0.0001644401       -0.0002447199
       -0.0000459849        0.0000641401        0.0001426951
       -0.0001804798       -0.0001515099        0.0001191101
       -0.0000243148        0.0000105051        0.0000621101
        0.0000084951       -0.0000163799       -0.0000102898
        0.0436035250       -0.0774782849        0.0755127651
       -0.0476757399        0.0805331499       -0.0825620749
       -0.0068276799        0.0028056351       -0.0098857849
       -0.0051587299        0.0028149250       -0.0108724550
        0.0160501951       -0.0086222499        0.0277948500
       -0.0000597600        0.0000974900       -0.0001033499
        0.0000412450        0.0000748251        0.0000714550
       -0.0001515048       -0.0001433300        0.0001063651
        0.0000105101        0.0000612000        0.0000182401
        0.0001679951       -0.0001435000       -0.0000781949
       -0.1063693050        0.0753518851       -0.2306616749
        0.1162542151       -0.0825620749        0.2480436399
       -0.0140228999        0.0098852450       -0.0194119499
        0.0022806650       -0.0009677950        0.0009192001
        0.0018108000       -0.0018282699        0.0010796150
       -0.0002451700        0.0002843301       -0.0000884699
        0.0001427750        0.0001111751        0.0001186650
       -0.0001191049       -0.0001063449        0.0000711351
        0.0000621101        0.0000182401        0.0000474151
        0.0002283151       -0.0001843200       -0.0001175498
       -0.1079105400        0.0435101202        0.1063929102
        0.0077022101       -0.0068276799       -0.0140228999
        0.1139115598       -0.0476757499       -0.1162316999
       -0.0126378899        0.0119741151        0.0257508851
       -0.0010170449       -0.0010524299       -0.0017971050
        0.0001939500        0.0001644351        0.0002447252
       -0.0000459849        0.0000641451       -0.0001427049
       -0.0000243148        0.0000105001       -0.0000621048
       -0.0001804798       -0.0001515048       -0.0001191099
        0.0000085002       -0.0000163750        0.0000102952
        0.0436035150       -0.0774782900       -0.0755122849
       -0.0068276899        0.0028056351        0.0098852450
       -0.0476757499        0.0805331699        0.0825640251
       -0.0051587449        0.0028149150        0.0108722400
        0.0160501801       -0.0086222549       -0.0277953050
       -0.0000597650        0.0000974850        0.0001033602
        0.0000412751        0.0000748200       -0.0000714950
        0.0000104901        0.0000611850       -0.0000182349
       -0.0001515198       -0.0001433299       -0.0001063449
        0.0001679800       -0.0001435050        0.0000781750
        0.1063925800       -0.0753490298       -0.2306616749
        0.0140221051       -0.0098857849       -0.0194119499
       -0.1162316999        0.0825640251        0.2480436399
       -0.0022808399        0.0009680750        0.0009192050
       -0.0018106400        0.0018281801        0.0010796150
        0.0002451800       -0.0002843100       -0.0000884699
       -0.0001427299       -0.0001111650        0.0001186600
       -0.0000620999       -0.0000182250        0.0000474151
        0.0001191101        0.0001063601        0.0000711351
       -0.0002282999        0.0001843401       -0.0001175599
       -0.2919869350       -0.0871662099       -0.0000137649
       -0.0126378899       -0.0051587299        0.0022806650
       -0.0126378899       -0.0051587449       -0.0022808399
        0.3150530499        0.0955130750       -0.0000130699
        0.0021385600        0.0021169500        0.0000000500
       -0.0002299950       -0.0003292749        0.0000000151
        0.0002011500       -0.0001284400        0.0000000001
        0.0000085001        0.0001679900       -0.0002282999
        0.0000084951        0.0001679901        0.0002283151
        0.0000829250       -0.0000207299        0.0000000051
       -0.0873557151       -0.0775971899       -0.0000002199
        0.0119741200        0.0028149250       -0.0009677950
        0.0119741151        0.0028149150        0.0009680750
        0.0955130750        0.0806636000       -0.0000007100
       -0.0320892550       -0.0086426400       -0.0000002450
        0.0001190600        0.0000972801        0.0000000101
       -0.0000822950        0.0000747400        0.0000000000
       -0.0000163750       -0.0001434950        0.0001843351
       -0.0000163799       -0.0001434950       -0.0001843249
       -0.0000207399        0.0000612250       -0.0000000349
       -0.0000152350       -0.0000006749       -0.0464844849
       -0.0257512099       -0.0108724550        0.0009192001
        0.0257508851        0.0108722400        0.0009192050
       -0.0000130699       -0.0000007100        0.0467890600
       -0.0000002300        0.0000000250       -0.0020548400
        0.0000000000        0.0000000000        0.0003355701
        0.0000000050        0.0000000000       -0.0001285850
        0.0000102951        0.0000781700       -0.0001175599
       -0.0000102849       -0.0000781549       -0.0001175650
        0.0000000001        0.0000000000       -0.0000600699
       -0.0470609049        0.0001083301        0.0000010501
       -0.0010170449        0.0160501951        0.0018108000
       -0.0010170449        0.0160501801       -0.0018106400
        0.0021385600       -0.0320892550       -0.0000002300
        0.0468809499       -0.0001519950        0.0000010400
       -0.0002139750       -0.0000003200        0.0000000301
        0.0001802000       -0.0000000150       -0.0000000149
       -0.0000460049        0.0000412600       -0.0001427699
       -0.0000460049        0.0000412601        0.0001427501
        0.0002011301       -0.0000823100       -0.0000000049
        0.0001103101       -0.3229867649       -0.0000150649
       -0.0010524249       -0.0086222499       -0.0018282699
       -0.0010524299       -0.0086222549        0.0018281801
        0.0021169500       -0.0086426400        0.0000000250
       -0.0001519950        0.3490308099       -0.0000148449
        0.0000002250       -0.0003243749        0.0000000051
        0.0000000050       -0.0000571200        0.0000000001
        0.0000641451        0.0000748200       -0.0001111599
        0.0000641702        0.0000748251        0.0001111751
       -0.0001284399        0.0000747450        0.0000000051
        0.0000010600       -0.0000170400       -0.0470607049
        0.0017970151        0.0277948500        0.0010796150
       -0.0017971050       -0.0277953050        0.0010796150
        0.0000000500       -0.0000002450       -0.0020548400
        0.0000010400       -0.0000148449        0.0468809100
        0.0000000050       -0.0000000050       -0.0002134649
        0.0000000050        0.0000000000        0.0001800601
       -0.0001427049       -0.0000714500        0.0001186600
        0.0001427051        0.0000714600        0.0001186600
        0.0000000251        0.0000000050       -0.0001285750
       -0.0000241000        0.0000009351        0.0000000050
        0.0001939500       -0.0000597600       -0.0002451700
        0.0001939500       -0.0000597650        0.0002451800
       -0.0002299950        0.0001190600        0.0000000000
       -0.0002139750        0.0000002250        0.0000000050
        0.5549489700        0.0000081650        0.0000095051
       -0.0470608700        0.0001103050        0.0000011000
       -0.1079105400        0.0436035199        0.1063925800
       -0.1079105400        0.0436035251       -0.1063693099
       -0.2919869399       -0.0873557101       -0.0000151499
        0.0000009500       -0.0010769399        0.0000000851
        0.0001644401        0.0000974900        0.0002843301
        0.0001644351        0.0000974850       -0.0002843100
       -0.0003292749        0.0000972801        0.0000000000
       -0.0000003200       -0.0003243749       -0.0000000050
        0.0000081650        0.5566492699       -0.0000148399
        0.0001083450       -0.3229867600       -0.0000170349
        0.0435101201       -0.0774782800       -0.0753490299
        0.0435101251       -0.0774782799        0.0753518901
       -0.0871661999       -0.0775971800       -0.0000006649
        0.0000000101       -0.0000000149       -0.0000251798
       -0.0002447199       -0.0001033499       -0.0000884699
        0.0002447252        0.0001033602       -0.0000884699
        0.0000000151        0.0000000101        0.0003355701
        0.0000000301        0.0000000051       -0.0002134649
        0.0000095051       -0.0000148399        0.5549485198
        0.0000010701       -0.0000150649       -0.0470607499
        0.1063929101       -0.0755122799       -0.2306616849
       -0.1063711048        0.0755127651       -0.2306616848
       -0.0000137699       -0.0000002149       -0.0464845199
       -0.0002139600       -0.0000003149        0.0000000151
       -0.0000459849        0.0000412450        0.0001427750
       -0.0000459849        0.0000412751       -0.0001427299
        0.0002011500       -0.0000822950        0.0000000050
        0.0001802000        0.0000000050        0.0000000050
       -0.0470608700        0.0001083450        0.0000010701
        0.0468809199       -0.0001519900        0.0000010551
       -0.0010170349        0.0160502050       -0.0018106299
       -0.0010170299        0.0160502000        0.0018108201
        0.0021385701       -0.0320892350       -0.0000002199
        0.0000002150       -0.0003243849        0.0000000051
        0.0000641401        0.0000748251        0.0001111751
        0.0000641451        0.0000748200       -0.0001111650
       -0.0001284400        0.0000747400        0.0000000000
       -0.0000000150       -0.0000571200        0.0000000000
        0.0001103050       -0.3229867600       -0.0000150649
       -0.0001519900        0.3490308200       -0.0000148650
       -0.0010524399       -0.0086222600        0.0018281700
       -0.0010524399       -0.0086222549       -0.0018282800
        0.0021169350       -0.0086426400        0.0000000151
        0.0000000050       -0.0000000049       -0.0002134699
        0.0001426951        0.0000714550        0.0001186650
       -0.0001427049       -0.0000714950        0.0001186600
        0.0000000001        0.0000000000       -0.0001285850
       -0.0000000149        0.0000000001        0.0001800601
        0.0000011000       -0.0000170349       -0.0470607499
        0.0000010551       -0.0000148650        0.0468809199
       -0.0017971149       -0.0277953050        0.0010796101
        0.0017970101        0.0277948450        0.0010796101
        0.0000000401       -0.0000002550       -0.0020548299
        0.0001939451        0.0001644252        0.0002447202
       -0.0001804798       -0.0001515048       -0.0001191049
       -0.0000243148        0.0000104901       -0.0000620999
        0.0000085001       -0.0000163750        0.0000102951
       -0.0000460049        0.0000641451       -0.0001427049
       -0.1079105400        0.0435101201        0.1063929101
       -0.0010170349       -0.0010524399       -0.0017971149
        0.1139115598       -0.0476757499       -0.1162316649
        0.0077022101       -0.0068276799       -0.0140228999
       -0.0126378949        0.0119741251        0.0257508801
       -0.0000597650        0.0000974750        0.0001033701
       -0.0001515099       -0.0001433300       -0.0001063449
        0.0000105001        0.0000611850       -0.0000182250
        0.0001679900       -0.0001434950        0.0000781700
        0.0000412600        0.0000748200       -0.0000714500
        0.0436035199       -0.0774782800       -0.0755122799
        0.0160502050       -0.0086222600       -0.0277953050
       -0.0476757499        0.0805331599        0.0825640001
       -0.0068276949        0.0028056451        0.0098852450
       -0.0051587449        0.0028149150        0.0108722450
        0.0002451801       -0.0002843348       -0.0000884749
        0.0001191101        0.0001063651        0.0000711351
       -0.0000621048       -0.0000182349        0.0000474151
       -0.0002282999        0.0001843351       -0.0001175599
       -0.0001427699       -0.0001111599        0.0001186600
        0.1063925800       -0.0753490299       -0.2306616849
       -0.0018106299        0.0018281700        0.0010796101
       -0.1162316649        0.0825640001        0.2480436498
        0.0140221002       -0.0098857649       -0.0194119698
       -0.0022808449        0.0009680750        0.0009191951
        0.0001939401        0.0001644252       -0.0002447199
       -0.0000243148        0.0000105101        0.0000621101
       -0.0001804798       -0.0001515198        0.0001191101
        0.0000084951       -0.0000163799       -0.0000102849
       -0.0000460049        0.0000641702        0.0001427051
       -0.1079105400        0.0435101251       -0.1063711048
       -0.0010170299       -0.0010524399        0.0017970101
        0.0077022101       -0.0068276949        0.0140221002
        0.1139115598       -0.0476757449        0.1162542102
       -0.0126378949        0.0119741200       -0.0257512048
       -0.0000597500        0.0000974801       -0.0001033499
        0.0000105051        0.0000612000        0.0000182401
       -0.0001515048       -0.0001433299        0.0001063601
        0.0001679901       -0.0001434950       -0.0000781549
        0.0000412601        0.0000748251        0.0000714600
        0.0436035251       -0.0774782799        0.0755127651
        0.0160502000       -0.0086222549        0.0277948450
       -0.0068276799        0.0028056451       -0.0098857649
       -0.0476757449        0.0805331499       -0.0825620849
       -0.0051587349        0.0028149150       -0.0108724849
       -0.0002451700        0.0002843102       -0.0000884699
        0.0000621101        0.0000182401        0.0000474151
       -0.0001191099       -0.0001063449        0.0000711351
        0.0002283151       -0.0001843249       -0.0001175650
        0.0001427501        0.0001111751        0.0001186600
       -0.1063693099        0.0753518901       -0.2306616848
        0.0018108201       -0.0018282800        0.0010796101
       -0.0140228999        0.0098852450       -0.0194119698
        0.1162542102       -0.0825620849        0.2480436498
        0.0022806601       -0.0009678000        0.0009191952
       -0.0002300050       -0.0003292848        0.0000000102
        0.0000084951        0.0001679951        0.0002283151
        0.0000085002        0.0001679800       -0.0002282999
        0.0000829250       -0.0000207399        0.0000000001
        0.0002011301       -0.0001284399        0.0000000251
       -0.2919869399       -0.0871661999       -0.0000137699
        0.0021385701        0.0021169350        0.0000000401
       -0.0126378949       -0.0051587449       -0.0022808449
       -0.0126378949       -0.0051587349        0.0022806601
        0.3150530598        0.0955130750       -0.0000130849
        0.0001190649        0.0000972700        0.0000000151
       -0.0000163799       -0.0001435000       -0.0001843200
       -0.0000163750       -0.0001435050        0.0001843401
       -0.0000207299        0.0000612250        0.0000000000
       -0.0000823100        0.0000747450        0.0000000050
       -0.0873557101       -0.0775971800       -0.0000002149
       -0.0320892350       -0.0086426400       -0.0000002550
        0.0119741251        0.0028149150        0.0009680750
        0.0119741200        0.0028149150       -0.0009678000
        0.0955130750        0.0806636000       -0.0000007050
        0.0000000001       -0.0000000048        0.0003355701
       -0.0000102898       -0.0000781949       -0.0001175498
        0.0000102952        0.0000781750       -0.0001175599
        0.0000000051       -0.0000000349       -0.0000600699
       -0.0000000049        0.0000000051       -0.0001285750
       -0.0000151499       -0.0000006649       -0.0464845199
       -0.0000002199        0.0000000151       -0.0020548299
        0.0257508801        0.0108722450        0.0009191951
       -0.0257512048       -0.0108724849        0.0009191952
       -0.0000130849       -0.0000007050        0.0467890598
