    4   12
        0.1264918300       -0.0549104131        0.0549113990
        0.0001372606       -0.0082675055        0.0082652518
       -0.0633151791        0.0549104131       -0.0082652518
       -0.0633139115        0.0082675055       -0.0549113990
       -0.0549104131        0.1264923934       -0.0549094975
        0.0082675055       -0.0633144749        0.0549094975
        0.0549104131       -0.0633151791        0.0082677167
       -0.0082675055        0.0001372606       -0.0082677167
        0.0549113990       -0.0549094975        0.1264911962
       -0.0082652518        0.0549094975       -0.0633145453
        0.0082652518       -0.0082677167        0.0001373311
       -0.0549113990        0.0082677167       -0.0633139819
        0.0001372606        0.0082675055       -0.0082652518
        0.1264918300        0.0549104131       -0.0549113990
       -0.0633139115       -0.0082675055        0.0549113990
       -0.0633151791       -0.0549104131        0.0082652518
       -0.0082675055       -0.0633144749        0.0549094975
        0.0549104131        0.1264923934       -0.0549094975
        0.0082675055        0.0001372606       -0.0082677167
       -0.0549104131       -0.0633151791        0.0082677167
        0.0082652518        0.0549094975       -0.0633145453
       -0.0549113990       -0.0549094975        0.1264911962
        0.0549113990        0.0082677167       -0.0633139819
       -0.0082652518       -0.0082677167        0.0001373311
       -0.0633151791        0.0549104131        0.0082652518
       -0.0633139115        0.0082675055        0.0549113990
        0.1264918300       -0.0549104131       -0.0549113990
        0.0001372606       -0.0082675055       -0.0082652518
        0.0549104131       -0.0633151791       -0.0082677167
       -0.0082675055        0.0001372606        0.0082677167
       -0.0549104131        0.1264923934        0.0549094975
        0.0082675055       -0.0633144749       -0.0549094975
       -0.0082652518        0.0082677167        0.0001373311
        0.0549113990       -0.0082677167       -0.0633139819
       -0.0549113990        0.0549094975        0.1264911962
        0.0082652518       -0.0549094975       -0.0633145453
       -0.0633139115       -0.0082675055       -0.0549113990
       -0.0633151791       -0.0549104131       -0.0082652518
        0.0001372606        0.0082675055        0.0082652518
        0.1264918300        0.0549104131        0.0549113990
        0.0082675055        0.0001372606        0.0082677167
       -0.0549104131       -0.0633151791       -0.0082677167
       -0.0082675055       -0.0633144749       -0.0549094975
        0.0549104131        0.1264923934        0.0549094975
       -0.0549113990       -0.0082677167       -0.0633139819
        0.0082652518        0.0082677167        0.0001373311
       -0.0082652518       -0.0549094975       -0.0633145453
        0.0549113990        0.0549094975        0.1264911962
