   16   48
        0.4115747398        0.0288091932       -0.2236850356
       -0.0812239682       -0.0104919548        0.0310350191
       -0.0000084560        0.0014411142       -0.0012711437
       -0.0009512113       -0.0009384460       -0.0011913490
        0.0075866288       -0.0197022723       -0.0018466366
       -0.0003912882       -0.0001249690        0.0039486865
       -0.0171772887        0.0197006242        0.0212891095
       -0.1449661214        0.0534767035        0.0649891550
       -0.1801111836       -0.0877889798        0.1137498683
        0.0014372172        0.0243081355        0.0004909476
       -0.0003276191        0.0001290386       -0.0003209490
        0.0005118398        0.0003828368       -0.0004028321
       -0.0020980446       -0.0024416327        0.0012217322
       -0.0004736048        0.0009533933        0.0009489154
       -0.0038233157       -0.0002242460       -0.0000794681
        0.0104416761       -0.0074885388       -0.0088760197
        0.0288091932        0.7988823946        0.0065740819
        0.0104919548       -0.5077212771       -0.0000865355
        0.0014411142       -0.0052450211        0.0028302583
        0.0009384460        0.0009512844        0.0052065134
       -0.0071684656       -0.0171924844        0.0065814909
        0.0003985334       -0.0003827487       -0.0057261097
        0.0071670985        0.0075981969       -0.0053933458
        0.0445608080       -0.1449780976       -0.0588633991
       -0.0955475927       -0.1114152167        0.0645729756
       -0.0046802153       -0.0142246807       -0.0002579126
       -0.0002441251        0.0000229021        0.0005961378
        0.0002188979       -0.0000038065        0.0006246168
       -0.0007501034        0.0011982890        0.0008278733
        0.0001237068       -0.0000626615       -0.0004165076
       -0.0014840931        0.0066444629       -0.0069991261
        0.0157248426       -0.0140715355       -0.0100710116
       -0.2236850356        0.0065740819        0.3044242904
        0.0310350191        0.0000865355       -0.0615553482
        0.0012711437       -0.0028302583        0.0018016868
        0.0011913490        0.0052065134       -0.0015402804
        0.0053815967        0.0212967361        0.0003401800
       -0.0057373633        0.0039444864       -0.0018640442
        0.0065967550        0.0018391225        0.0003445833
        0.0588789048       -0.0649782883       -0.1228285842
        0.1129767717        0.0632329323       -0.1247748092
        0.0020149981       -0.0192591036        0.0040486504
       -0.0003151134       -0.0000270914        0.0009021242
       -0.0006165963       -0.0004929097       -0.0001904804
        0.0019026824        0.0021946783       -0.0024785666
        0.0007142836       -0.0012617445       -0.0015426424
       -0.0018113157       -0.0052559009        0.0077100428
        0.0102019202       -0.0102697899       -0.0027968022
       -0.0812239682        0.0104919548        0.0310350191
        0.4115747398       -0.0288091932       -0.2236850356
       -0.0009512113        0.0009384460       -0.0011913490
       -0.0000084560       -0.0014411142       -0.0012711437
       -0.1449661214       -0.0534767035        0.0649891550
       -0.0171772887       -0.0197006242        0.0212891095
       -0.0003912882        0.0001249690        0.0039486865
        0.0075866288        0.0197022723       -0.0018466366
        0.0014372172       -0.0243081355        0.0004909476
       -0.1801111836        0.0877889798        0.1137498683
        0.0005118398       -0.0003828368       -0.0004028321
       -0.0003276191       -0.0001290386       -0.0003209490
        0.0104416761        0.0074885388       -0.0088760197
       -0.0038233157        0.0002242460       -0.0000794681
       -0.0004736048       -0.0009533933        0.0009489154
       -0.0020980446        0.0024416327        0.0012217322
       -0.0104919548       -0.5077212771        0.0000865355
       -0.0288091932        0.7988823946       -0.0065740819
       -0.0009384460        0.0009512844       -0.0052065134
       -0.0014411142       -0.0052450211       -0.0028302583
       -0.0445608080       -0.1449780976        0.0588633991
       -0.0071670985        0.0075981969        0.0053933458
       -0.0003985334       -0.0003827487        0.0057261097
        0.0071684656       -0.0171924844       -0.0065814909
        0.0046802153       -0.0142246807        0.0002579126
        0.0955475927       -0.1114152167       -0.0645729756
       -0.0002188979       -0.0000038065       -0.0006246168
        0.0002441251        0.0000229021       -0.0005961378
       -0.0157248426       -0.0140715355        0.0100710116
        0.0014840931        0.0066444629        0.0069991261
       -0.0001237068       -0.0000626615        0.0004165076
        0.0007501034        0.0011982890       -0.0008278733
        0.0310350191       -0.0000865355       -0.0615553482
       -0.2236850356       -0.0065740819        0.3044242904
        0.0011913490       -0.0052065134       -0.0015402804
        0.0012711437        0.0028302583        0.0018016868
        0.0588789048        0.0649782883       -0.1228285842
        0.0065967550       -0.0018391225        0.0003445833
       -0.0057373633       -0.0039444864       -0.0018640442
        0.0053815967       -0.0212967361        0.0003401800
        0.0020149981        0.0192591036        0.0040486504
        0.1129767717       -0.0632329323       -0.1247748092
       -0.0006165963        0.0004929097       -0.0001904804
       -0.0003151134        0.0000270914        0.0009021242
        0.0102019202        0.0102697899       -0.0027968022
       -0.0018113157        0.0052559009        0.0077100428
        0.0007142836        0.0012617445       -0.0015426424
        0.0019026824       -0.0021946783       -0.0024785666
       -0.0000084560        0.0014411142        0.0012711437
       -0.0009512113       -0.0009384460        0.0011913490
        0.4115747398        0.0288091932        0.2236850356
       -0.0812239682       -0.0104919548       -0.0310350191
       -0.0171772887        0.0197006242       -0.0212891095
       -0.1449661214        0.0534767035       -0.0649891550
        0.0075866288       -0.0197022723        0.0018466366
       -0.0003912882       -0.0001249690       -0.0039486865
       -0.0003276191        0.0001290386        0.0003209490
        0.0005118398        0.0003828368        0.0004028321
       -0.1801111836       -0.0877889798       -0.1137498683
        0.0014372172        0.0243081355       -0.0004909476
       -0.0038233157       -0.0002242460        0.0000794681
        0.0104416761       -0.0074885388        0.0088760197
       -0.0020980446       -0.0024416327       -0.0012217322
       -0.0004736048        0.0009533933       -0.0009489154
        0.0014411142       -0.0052450211       -0.0028302583
        0.0009384460        0.0009512844       -0.0052065134
        0.0288091932        0.7988823946       -0.0065740819
        0.0104919548       -0.5077212771        0.0000865355
        0.0071670985        0.0075981969        0.0053933458
        0.0445608080       -0.1449780976        0.0588633991
       -0.0071684656       -0.0171924844       -0.0065814909
        0.0003985334       -0.0003827487        0.0057261097
       -0.0002441251        0.0000229021       -0.0005961378
        0.0002188979       -0.0000038065       -0.0006246168
       -0.0955475927       -0.1114152167       -0.0645729756
       -0.0046802153       -0.0142246807        0.0002579126
       -0.0014840931        0.0066444629        0.0069991261
        0.0157248426       -0.0140715355        0.0100710116
       -0.0007501034        0.0011982890       -0.0008278733
        0.0001237068       -0.0000626615        0.0004165076
       -0.0012711437        0.0028302583        0.0018016868
       -0.0011913490       -0.0052065134       -0.0015402804
        0.2236850356       -0.0065740819        0.3044242904
       -0.0310350191       -0.0000865355       -0.0615553482
       -0.0065967550       -0.0018391225        0.0003445833
       -0.0588789048        0.0649782883       -0.1228285842
       -0.0053815967       -0.0212967361        0.0003401800
        0.0057373633       -0.0039444864       -0.0018640442
        0.0003151134        0.0000270914        0.0009021242
        0.0006165963        0.0004929097       -0.0001904804
       -0.1129767717       -0.0632329323       -0.1247748092
       -0.0020149981        0.0192591036        0.0040486504
        0.0018113157        0.0052559009        0.0077100428
       -0.0102019202        0.0102697899       -0.0027968022
       -0.0019026824       -0.0021946783       -0.0024785666
       -0.0007142836        0.0012617445       -0.0015426424
       -0.0009512113        0.0009384460        0.0011913490
       -0.0000084560       -0.0014411142        0.0012711437
       -0.0812239682        0.0104919548       -0.0310350191
        0.4115747398       -0.0288091932        0.2236850356
       -0.0003912882        0.0001249690       -0.0039486865
        0.0075866288        0.0197022723        0.0018466366
       -0.1449661214       -0.0534767035       -0.0649891550
       -0.0171772887       -0.0197006242       -0.0212891095
        0.0005118398       -0.0003828368        0.0004028321
       -0.0003276191       -0.0001290386        0.0003209490
        0.0014372172       -0.0243081355       -0.0004909476
       -0.1801111836        0.0877889798       -0.1137498683
       -0.0004736048       -0.0009533933       -0.0009489154
       -0.0020980446        0.0024416327       -0.0012217322
        0.0104416761        0.0074885388        0.0088760197
       -0.0038233157        0.0002242460        0.0000794681
       -0.0009384460        0.0009512844        0.0052065134
       -0.0014411142       -0.0052450211        0.0028302583
       -0.0104919548       -0.5077212771       -0.0000865355
       -0.0288091932        0.7988823946        0.0065740819
       -0.0003985334       -0.0003827487       -0.0057261097
        0.0071684656       -0.0171924844        0.0065814909
       -0.0445608080       -0.1449780976       -0.0588633991
       -0.0071670985        0.0075981969       -0.0053933458
       -0.0002188979       -0.0000038065        0.0006246168
        0.0002441251        0.0000229021        0.0005961378
        0.0046802153       -0.0142246807       -0.0002579126
        0.0955475927       -0.1114152167        0.0645729756
       -0.0001237068       -0.0000626615       -0.0004165076
        0.0007501034        0.0011982890        0.0008278733
       -0.0157248426       -0.0140715355       -0.0100710116
        0.0014840931        0.0066444629       -0.0069991261
       -0.0011913490        0.0052065134       -0.0015402804
       -0.0012711437       -0.0028302583        0.0018016868
       -0.0310350191        0.0000865355       -0.0615553482
        0.2236850356        0.0065740819        0.3044242904
        0.0057373633        0.0039444864       -0.0018640442
       -0.0053815967        0.0212967361        0.0003401800
       -0.0588789048       -0.0649782883       -0.1228285842
       -0.0065967550        0.0018391225        0.0003445833
        0.0006165963       -0.0004929097       -0.0001904804
        0.0003151134       -0.0000270914        0.0009021242
       -0.0020149981       -0.0192591036        0.0040486504
       -0.1129767717        0.0632329323       -0.1247748092
       -0.0007142836       -0.0012617445       -0.0015426424
       -0.0019026824        0.0021946783       -0.0024785666
       -0.0102019202       -0.0102697899       -0.0027968022
        0.0018113157       -0.0052559009        0.0077100428
        0.0075866288       -0.0071684656        0.0053815967
       -0.1449661214       -0.0445608080        0.0588789048
       -0.0171772887        0.0071670985       -0.0065967550
       -0.0003912882       -0.0003985334        0.0057373633
        0.7988904241       -0.0288253830       -0.0065930385
       -0.5077128111       -0.0104805083        0.0001015197
       -0.0052561758       -0.0014277385       -0.0028389164
        0.0009406209       -0.0009504942       -0.0051942296
        0.0066527067        0.0014832419        0.0069999448
       -0.0140825109       -0.0157252196        0.0100703073
        0.0011882723        0.0007514891       -0.0008249012
       -0.0000535143       -0.0001218509        0.0004136181
       -0.1114141181        0.0955470686       -0.0645763513
       -0.0142237502        0.0046820427        0.0002624298
        0.0000229664        0.0002464945       -0.0005992086
       -0.0000040407       -0.0002184338       -0.0006222837
       -0.0197022723       -0.0171924844        0.0212967361
       -0.0534767035       -0.1449780976        0.0649782883
        0.0197006242        0.0075981969       -0.0018391225
        0.0001249690       -0.0003827487        0.0039444864
       -0.0288253830        0.4116094722       -0.2236765836
        0.0104805083       -0.0812443248        0.0310283733
       -0.0014277385       -0.0000288126       -0.0012662421
        0.0009504942       -0.0009347052       -0.0011979118
        0.0002176388       -0.0038219117       -0.0000783899
        0.0074968952        0.0104441277       -0.0088764547
        0.0024496972       -0.0020995338        0.0012208545
       -0.0009595662       -0.0004758570        0.0009493815
        0.0877906731       -0.1801063756        0.1137494923
       -0.0243056480        0.0014306611        0.0004909170
       -0.0001299004       -0.0003341752       -0.0003228234
       -0.0003842881        0.0005165687       -0.0004010015
       -0.0018466366        0.0065814909        0.0003401800
        0.0649891550        0.0588633991       -0.1228285842
       -0.0212891095        0.0053933458        0.0003445833
       -0.0039486865       -0.0057261097       -0.0018640442
       -0.0065930385       -0.2236765836        0.3044210703
       -0.0001015197        0.0310283733       -0.0615546494
        0.0028389164        0.0012662421        0.0018050121
       -0.0051942296        0.0011979118       -0.0015399464
        0.0052480172       -0.0018071181        0.0077103622
        0.0102799290        0.0102056942       -0.0027966500
       -0.0021855332        0.0018989704       -0.0024793699
        0.0012549338        0.0007101012       -0.0015432865
       -0.0632312679        0.1129859628       -0.1247747347
        0.0192617872        0.0020079675        0.0040475135
        0.0000251275       -0.0003217391        0.0009018936
        0.0004921554       -0.0006079086       -0.0001893495
       -0.0003912882        0.0003985334       -0.0057373633
       -0.0171772887       -0.0071670985        0.0065967550
       -0.1449661214        0.0445608080       -0.0588789048
        0.0075866288        0.0071684656       -0.0053815967
       -0.5077128111        0.0104805083       -0.0001015197
        0.7988904241        0.0288253830        0.0065930385
        0.0009406209        0.0009504942        0.0051942296
       -0.0052561758        0.0014277385        0.0028389164
       -0.0000535143        0.0001218509       -0.0004136181
        0.0011882723       -0.0007514891        0.0008249012
       -0.0140825109        0.0157252196       -0.0100703073
        0.0066527067       -0.0014832419       -0.0069999448
       -0.0142237502       -0.0046820427       -0.0002624298
       -0.1114141181       -0.0955470686        0.0645763513
       -0.0000040407        0.0002184338        0.0006222837
        0.0000229664       -0.0002464945        0.0005992086
       -0.0001249690       -0.0003827487        0.0039444864
       -0.0197006242        0.0075981969       -0.0018391225
        0.0534767035       -0.1449780976        0.0649782883
        0.0197022723       -0.0171924844        0.0212967361
       -0.0104805083       -0.0812443248        0.0310283733
        0.0288253830        0.4116094722       -0.2236765836
       -0.0009504942       -0.0009347052       -0.0011979118
        0.0014277385       -0.0000288126       -0.0012662421
        0.0009595662       -0.0004758570        0.0009493815
       -0.0024496972       -0.0020995338        0.0012208545
       -0.0074968952        0.0104441277       -0.0088764547
       -0.0002176388       -0.0038219117       -0.0000783899
        0.0243056480        0.0014306611        0.0004909170
       -0.0877906731       -0.1801063756        0.1137494923
        0.0003842881        0.0005165687       -0.0004010015
        0.0001299004       -0.0003341752       -0.0003228234
        0.0039486865       -0.0057261097       -0.0018640442
        0.0212891095        0.0053933458        0.0003445833
       -0.0649891550        0.0588633991       -0.1228285842
        0.0018466366        0.0065814909        0.0003401800
        0.0001015197        0.0310283733       -0.0615546494
        0.0065930385       -0.2236765836        0.3044210703
        0.0051942296        0.0011979118       -0.0015399464
       -0.0028389164        0.0012662421        0.0018050121
       -0.0012549338        0.0007101012       -0.0015432865
        0.0021855332        0.0018989704       -0.0024793699
       -0.0102799290        0.0102056942       -0.0027966500
       -0.0052480172       -0.0018071181        0.0077103622
       -0.0192617872        0.0020079675        0.0040475135
        0.0632312679        0.1129859628       -0.1247747347
       -0.0004921554       -0.0006079086       -0.0001893495
       -0.0000251275       -0.0003217391        0.0009018936
       -0.0171772887        0.0071670985        0.0065967550
       -0.0003912882       -0.0003985334       -0.0057373633
        0.0075866288       -0.0071684656       -0.0053815967
       -0.1449661214       -0.0445608080       -0.0588789048
       -0.0052561758       -0.0014277385        0.0028389164
        0.0009406209       -0.0009504942        0.0051942296
        0.7988904241       -0.0288253830        0.0065930385
       -0.5077128111       -0.0104805083       -0.0001015197
        0.0011882723        0.0007514891        0.0008249012
       -0.0000535143       -0.0001218509       -0.0004136181
        0.0066527067        0.0014832419       -0.0069999448
       -0.0140825109       -0.0157252196       -0.0100703073
        0.0000229664        0.0002464945        0.0005992086
       -0.0000040407       -0.0002184338        0.0006222837
       -0.1114141181        0.0955470686        0.0645763513
       -0.0142237502        0.0046820427       -0.0002624298
        0.0197006242        0.0075981969        0.0018391225
        0.0001249690       -0.0003827487       -0.0039444864
       -0.0197022723       -0.0171924844       -0.0212967361
       -0.0534767035       -0.1449780976       -0.0649782883
       -0.0014277385       -0.0000288126        0.0012662421
        0.0009504942       -0.0009347052        0.0011979118
       -0.0288253830        0.4116094722        0.2236765836
        0.0104805083       -0.0812443248       -0.0310283733
        0.0024496972       -0.0020995338       -0.0012208545
       -0.0009595662       -0.0004758570       -0.0009493815
        0.0002176388       -0.0038219117        0.0000783899
        0.0074968952        0.0104441277        0.0088764547
       -0.0001299004       -0.0003341752        0.0003228234
       -0.0003842881        0.0005165687        0.0004010015
        0.0877906731       -0.1801063756       -0.1137494923
       -0.0243056480        0.0014306611       -0.0004909170
        0.0212891095       -0.0053933458        0.0003445833
        0.0039486865        0.0057261097       -0.0018640442
        0.0018466366       -0.0065814909        0.0003401800
       -0.0649891550       -0.0588633991       -0.1228285842
       -0.0028389164       -0.0012662421        0.0018050121
        0.0051942296       -0.0011979118       -0.0015399464
        0.0065930385        0.2236765836        0.3044210703
        0.0001015197       -0.0310283733       -0.0615546494
        0.0021855332       -0.0018989704       -0.0024793699
       -0.0012549338       -0.0007101012       -0.0015432865
       -0.0052480172        0.0018071181        0.0077103622
       -0.0102799290       -0.0102056942       -0.0027966500
       -0.0000251275        0.0003217391        0.0009018936
       -0.0004921554        0.0006079086       -0.0001893495
        0.0632312679       -0.1129859628       -0.1247747347
       -0.0192617872       -0.0020079675        0.0040475135
       -0.1449661214        0.0445608080        0.0588789048
        0.0075866288        0.0071684656        0.0053815967
       -0.0003912882        0.0003985334        0.0057373633
       -0.0171772887       -0.0071670985       -0.0065967550
        0.0009406209        0.0009504942       -0.0051942296
       -0.0052561758        0.0014277385       -0.0028389164
       -0.5077128111        0.0104805083        0.0001015197
        0.7988904241        0.0288253830       -0.0065930385
       -0.0140825109        0.0157252196        0.0100703073
        0.0066527067       -0.0014832419        0.0069999448
       -0.0000535143        0.0001218509        0.0004136181
        0.0011882723       -0.0007514891       -0.0008249012
       -0.0000040407        0.0002184338       -0.0006222837
        0.0000229664       -0.0002464945       -0.0005992086
       -0.0142237502       -0.0046820427        0.0002624298
       -0.1114141181       -0.0955470686       -0.0645763513
        0.0534767035       -0.1449780976       -0.0649782883
        0.0197022723       -0.0171924844       -0.0212967361
       -0.0001249690       -0.0003827487       -0.0039444864
       -0.0197006242        0.0075981969        0.0018391225
       -0.0009504942       -0.0009347052        0.0011979118
        0.0014277385       -0.0000288126        0.0012662421
       -0.0104805083       -0.0812443248       -0.0310283733
        0.0288253830        0.4116094722        0.2236765836
       -0.0074968952        0.0104441277        0.0088764547
       -0.0002176388       -0.0038219117        0.0000783899
        0.0009595662       -0.0004758570       -0.0009493815
       -0.0024496972       -0.0020995338       -0.0012208545
        0.0003842881        0.0005165687        0.0004010015
        0.0001299004       -0.0003341752        0.0003228234
        0.0243056480        0.0014306611       -0.0004909170
       -0.0877906731       -0.1801063756       -0.1137494923
        0.0649891550       -0.0588633991       -0.1228285842
       -0.0018466366       -0.0065814909        0.0003401800
       -0.0039486865        0.0057261097       -0.0018640442
       -0.0212891095       -0.0053933458        0.0003445833
       -0.0051942296       -0.0011979118       -0.0015399464
        0.0028389164       -0.0012662421        0.0018050121
       -0.0001015197       -0.0310283733       -0.0615546494
       -0.0065930385        0.2236765836        0.3044210703
        0.0102799290       -0.0102056942       -0.0027966500
        0.0052480172        0.0018071181        0.0077103622
        0.0012549338       -0.0007101012       -0.0015432865
       -0.0021855332       -0.0018989704       -0.0024793699
        0.0004921554        0.0006079086       -0.0001893495
        0.0000251275        0.0003217391        0.0009018936
        0.0192617872       -0.0020079675        0.0040475135
       -0.0632312679       -0.1129859628       -0.1247747347
       -0.1801111836       -0.0955475927        0.1129767717
        0.0014372172        0.0046802153        0.0020149981
       -0.0003276191       -0.0002441251        0.0003151134
        0.0005118398       -0.0002188979        0.0006165963
        0.0066527067        0.0002176388        0.0052480172
       -0.0000535143        0.0009595662       -0.0012549338
        0.0011882723        0.0024496972        0.0021855332
       -0.0140825109       -0.0074968952        0.0102799290
        0.1876980961        0.0952331040       -0.1273441861
       -0.0017393081       -0.0002498291       -0.0042144607
        0.0000135602       -0.0000698046        0.0000413824
       -0.0001131034       -0.0000630476        0.0000535237
       -0.0009065528       -0.0008228679        0.0002512463
        0.0002424610       -0.0003380977       -0.0004567254
       -0.0006647043        0.0008233032       -0.0009439590
        0.0002543431        0.0006876332        0.0002311538
       -0.0877889798       -0.1114152167        0.0632329323
       -0.0243081355       -0.0142246807        0.0192591036
        0.0001290386        0.0000229021        0.0000270914
       -0.0003828368       -0.0000038065       -0.0004929097
        0.0014832419       -0.0038219117       -0.0018071181
        0.0001218509       -0.0004758570        0.0007101012
        0.0007514891       -0.0020995338       -0.0018989704
        0.0157252196        0.0104441277       -0.0102056942
        0.0952331040        0.1214625323       -0.0713437907
        0.0002498291        0.0008733443        0.0002745685
       -0.0000698046        0.0001511861       -0.0000684947
        0.0000630476        0.0001608793        0.0000465982
       -0.0006819077       -0.0006668508        0.0005612233
       -0.0003126090        0.0002445701        0.0001757896
        0.0006821111       -0.0009041613        0.0010718647
       -0.0008946584        0.0002524767        0.0004577049
        0.1137498683        0.0645729756       -0.1247748092
        0.0004909476        0.0002579126        0.0040486504
        0.0003209490       -0.0005961378        0.0009021242
        0.0004028321        0.0006246168       -0.0001904804
        0.0069999448       -0.0000783899        0.0077103622
       -0.0004136181        0.0009493815       -0.0015432865
        0.0008249012       -0.0012208545       -0.0024793699
        0.0100703073        0.0088764547       -0.0027966500
       -0.1273441861       -0.0713437907        0.1215941187
       -0.0042144607       -0.0002745685       -0.0039953579
       -0.0000413824        0.0000684947        0.0001767833
       -0.0000535237        0.0000465982        0.0003273583
       -0.0010712221       -0.0009437053        0.0005529371
        0.0001769736       -0.0004564994       -0.0007173555
        0.0005600491       -0.0002508352        0.0005537621
       -0.0004583798       -0.0002316527        0.0006312131
        0.0014372172       -0.0046802153        0.0020149981
       -0.1801111836        0.0955475927        0.1129767717
        0.0005118398        0.0002188979        0.0006165963
       -0.0003276191        0.0002441251        0.0003151134
       -0.0140825109        0.0074968952        0.0102799290
        0.0011882723       -0.0024496972        0.0021855332
       -0.0000535143       -0.0009595662       -0.0012549338
        0.0066527067       -0.0002176388        0.0052480172
       -0.0017393081        0.0002498291       -0.0042144607
        0.1876980961       -0.0952331040       -0.1273441861
       -0.0001131034        0.0000630476        0.0000535237
        0.0000135602        0.0000698046        0.0000413824
        0.0002543431       -0.0006876332        0.0002311538
       -0.0006647043       -0.0008233032       -0.0009439590
        0.0002424610        0.0003380977       -0.0004567254
       -0.0009065528        0.0008228679        0.0002512463
        0.0243081355       -0.0142246807       -0.0192591036
        0.0877889798       -0.1114152167       -0.0632329323
        0.0003828368       -0.0000038065        0.0004929097
       -0.0001290386        0.0000229021       -0.0000270914
       -0.0157252196        0.0104441277        0.0102056942
       -0.0007514891       -0.0020995338        0.0018989704
       -0.0001218509       -0.0004758570       -0.0007101012
       -0.0014832419       -0.0038219117        0.0018071181
       -0.0002498291        0.0008733443       -0.0002745685
       -0.0952331040        0.1214625323        0.0713437907
       -0.0000630476        0.0001608793       -0.0000465982
        0.0000698046        0.0001511861        0.0000684947
        0.0008946584        0.0002524767       -0.0004577049
       -0.0006821111       -0.0009041613       -0.0010718647
        0.0003126090        0.0002445701       -0.0001757896
        0.0006819077       -0.0006668508       -0.0005612233
        0.0004909476       -0.0002579126        0.0040486504
        0.1137498683       -0.0645729756       -0.1247748092
        0.0004028321       -0.0006246168       -0.0001904804
        0.0003209490        0.0005961378        0.0009021242
        0.0100703073       -0.0088764547       -0.0027966500
        0.0008249012        0.0012208545       -0.0024793699
       -0.0004136181       -0.0009493815       -0.0015432865
        0.0069999448        0.0000783899        0.0077103622
       -0.0042144607        0.0002745685       -0.0039953579
       -0.1273441861        0.0713437907        0.1215941187
       -0.0000535237       -0.0000465982        0.0003273583
       -0.0000413824       -0.0000684947        0.0001767833
       -0.0004583798        0.0002316527        0.0006312131
        0.0005600491        0.0002508352        0.0005537621
        0.0001769736        0.0004564994       -0.0007173555
       -0.0010712221        0.0009437053        0.0005529371
       -0.0003276191       -0.0002441251       -0.0003151134
        0.0005118398       -0.0002188979       -0.0006165963
       -0.1801111836       -0.0955475927       -0.1129767717
        0.0014372172        0.0046802153       -0.0020149981
        0.0011882723        0.0024496972       -0.0021855332
       -0.0140825109       -0.0074968952       -0.0102799290
        0.0066527067        0.0002176388       -0.0052480172
       -0.0000535143        0.0009595662        0.0012549338
        0.0000135602       -0.0000698046       -0.0000413824
       -0.0001131034       -0.0000630476       -0.0000535237
        0.1876980961        0.0952331040        0.1273441861
       -0.0017393081       -0.0002498291        0.0042144607
       -0.0006647043        0.0008233032        0.0009439590
        0.0002543431        0.0006876332       -0.0002311538
       -0.0009065528       -0.0008228679       -0.0002512463
        0.0002424610       -0.0003380977        0.0004567254
        0.0001290386        0.0000229021       -0.0000270914
       -0.0003828368       -0.0000038065        0.0004929097
       -0.0877889798       -0.1114152167       -0.0632329323
       -0.0243081355       -0.0142246807       -0.0192591036
        0.0007514891       -0.0020995338        0.0018989704
        0.0157252196        0.0104441277        0.0102056942
        0.0014832419       -0.0038219117        0.0018071181
        0.0001218509       -0.0004758570       -0.0007101012
       -0.0000698046        0.0001511861        0.0000684947
        0.0000630476        0.0001608793       -0.0000465982
        0.0952331040        0.1214625323        0.0713437907
        0.0002498291        0.0008733443       -0.0002745685
        0.0006821111       -0.0009041613       -0.0010718647
       -0.0008946584        0.0002524767       -0.0004577049
       -0.0006819077       -0.0006668508       -0.0005612233
       -0.0003126090        0.0002445701       -0.0001757896
       -0.0003209490        0.0005961378        0.0009021242
       -0.0004028321       -0.0006246168       -0.0001904804
       -0.1137498683       -0.0645729756       -0.1247748092
       -0.0004909476       -0.0002579126        0.0040486504
       -0.0008249012        0.0012208545       -0.0024793699
       -0.0100703073       -0.0088764547       -0.0027966500
       -0.0069999448        0.0000783899        0.0077103622
        0.0004136181       -0.0009493815       -0.0015432865
        0.0000413824       -0.0000684947        0.0001767833
        0.0000535237       -0.0000465982        0.0003273583
        0.1273441861        0.0713437907        0.1215941187
        0.0042144607        0.0002745685       -0.0039953579
       -0.0005600491        0.0002508352        0.0005537621
        0.0004583798        0.0002316527        0.0006312131
        0.0010712221        0.0009437053        0.0005529371
       -0.0001769736        0.0004564994       -0.0007173555
        0.0005118398        0.0002188979       -0.0006165963
       -0.0003276191        0.0002441251       -0.0003151134
        0.0014372172       -0.0046802153       -0.0020149981
       -0.1801111836        0.0955475927       -0.1129767717
       -0.0000535143       -0.0009595662        0.0012549338
        0.0066527067       -0.0002176388       -0.0052480172
       -0.0140825109        0.0074968952       -0.0102799290
        0.0011882723       -0.0024496972       -0.0021855332
       -0.0001131034        0.0000630476       -0.0000535237
        0.0000135602        0.0000698046       -0.0000413824
       -0.0017393081        0.0002498291        0.0042144607
        0.1876980961       -0.0952331040        0.1273441861
        0.0002424610        0.0003380977        0.0004567254
       -0.0009065528        0.0008228679       -0.0002512463
        0.0002543431       -0.0006876332       -0.0002311538
       -0.0006647043       -0.0008233032        0.0009439590
        0.0003828368       -0.0000038065       -0.0004929097
       -0.0001290386        0.0000229021        0.0000270914
        0.0243081355       -0.0142246807        0.0192591036
        0.0877889798       -0.1114152167        0.0632329323
       -0.0001218509       -0.0004758570        0.0007101012
       -0.0014832419       -0.0038219117       -0.0018071181
       -0.0157252196        0.0104441277       -0.0102056942
       -0.0007514891       -0.0020995338       -0.0018989704
       -0.0000630476        0.0001608793        0.0000465982
        0.0000698046        0.0001511861       -0.0000684947
       -0.0002498291        0.0008733443        0.0002745685
       -0.0952331040        0.1214625323       -0.0713437907
        0.0003126090        0.0002445701        0.0001757896
        0.0006819077       -0.0006668508        0.0005612233
        0.0008946584        0.0002524767        0.0004577049
       -0.0006821111       -0.0009041613        0.0010718647
       -0.0004028321        0.0006246168       -0.0001904804
       -0.0003209490       -0.0005961378        0.0009021242
       -0.0004909476        0.0002579126        0.0040486504
       -0.1137498683        0.0645729756       -0.1247748092
        0.0004136181        0.0009493815       -0.0015432865
       -0.0069999448       -0.0000783899        0.0077103622
       -0.0100703073        0.0088764547       -0.0027966500
       -0.0008249012       -0.0012208545       -0.0024793699
        0.0000535237        0.0000465982        0.0003273583
        0.0000413824        0.0000684947        0.0001767833
        0.0042144607       -0.0002745685       -0.0039953579
        0.1273441861       -0.0713437907        0.1215941187
       -0.0001769736       -0.0004564994       -0.0007173555
        0.0010712221       -0.0009437053        0.0005529371
        0.0004583798       -0.0002316527        0.0006312131
       -0.0005600491       -0.0002508352        0.0005537621
       -0.0020980446       -0.0007501034        0.0019026824
        0.0104416761       -0.0157248426        0.0102019202
       -0.0038233157       -0.0014840931        0.0018113157
       -0.0004736048       -0.0001237068       -0.0007142836
       -0.1114141181        0.0877906731       -0.0632312679
       -0.0142237502        0.0243056480       -0.0192617872
        0.0000229664       -0.0001299004       -0.0000251275
       -0.0000040407        0.0003842881        0.0004921554
       -0.0009065528       -0.0006819077       -0.0010712221
        0.0002543431        0.0008946584       -0.0004583798
       -0.0006647043        0.0006821111       -0.0005600491
        0.0002424610        0.0003126090       -0.0001769736
        0.1214617403       -0.0952360265        0.0713445981
        0.0008726325       -0.0002462919       -0.0002752106
        0.0001512692        0.0000732492        0.0000694659
        0.0001610426       -0.0000663644       -0.0000478365
       -0.0024416327        0.0011982890        0.0021946783
        0.0074885388       -0.0140715355        0.0102697899
       -0.0002242460        0.0066444629        0.0052559009
       -0.0009533933       -0.0000626615       -0.0012617445
        0.0955470686       -0.1801063756        0.1129859628
       -0.0046820427        0.0014306611        0.0020079675
        0.0002464945       -0.0003341752        0.0003217391
        0.0002184338        0.0005165687        0.0006079086
       -0.0008228679       -0.0006668508       -0.0009437053
       -0.0006876332        0.0002524767        0.0002316527
        0.0008233032       -0.0009041613        0.0002508352
        0.0003380977        0.0002445701       -0.0004564994
       -0.0952360265        0.1876983045       -0.1273451651
        0.0002462919       -0.0017398145       -0.0042136682
        0.0000732492        0.0000130561        0.0000402280
        0.0000663644       -0.0001128148        0.0000541196
        0.0012217322        0.0008278733       -0.0024785666
       -0.0088760197        0.0100710116       -0.0027968022
        0.0000794681        0.0069991261        0.0077100428
       -0.0009489154       -0.0004165076       -0.0015426424
       -0.0645763513        0.1137494923       -0.1247747347
       -0.0002624298        0.0004909170        0.0040475135
        0.0005992086        0.0003228234        0.0009018936
       -0.0006222837        0.0004010015       -0.0001893495
        0.0002512463        0.0005612233        0.0005529371
        0.0002311538       -0.0004577049        0.0006312131
        0.0009439590       -0.0010718647        0.0005537621
        0.0004567254        0.0001757896       -0.0007173555
        0.0713445981       -0.1273451651        0.1215937912
        0.0002752106       -0.0042136682       -0.0039949668
       -0.0000694659       -0.0000402280        0.0001767040
       -0.0000478365       -0.0000541196        0.0003265604
       -0.0004736048        0.0001237068        0.0007142836
       -0.0038233157        0.0014840931       -0.0018113157
        0.0104416761        0.0157248426       -0.0102019202
       -0.0020980446        0.0007501034       -0.0019026824
       -0.0142237502       -0.0243056480        0.0192617872
       -0.1114141181       -0.0877906731        0.0632312679
       -0.0000040407       -0.0003842881       -0.0004921554
        0.0000229664        0.0001299004        0.0000251275
        0.0002424610       -0.0003126090        0.0001769736
       -0.0006647043       -0.0006821111        0.0005600491
        0.0002543431       -0.0008946584        0.0004583798
       -0.0009065528        0.0006819077        0.0010712221
        0.0008726325        0.0002462919        0.0002752106
        0.1214617403        0.0952360265       -0.0713445981
        0.0001610426        0.0000663644        0.0000478365
        0.0001512692       -0.0000732492       -0.0000694659
        0.0009533933       -0.0000626615       -0.0012617445
        0.0002242460        0.0066444629        0.0052559009
       -0.0074885388       -0.0140715355        0.0102697899
        0.0024416327        0.0011982890        0.0021946783
        0.0046820427        0.0014306611        0.0020079675
       -0.0955470686       -0.1801063756        0.1129859628
       -0.0002184338        0.0005165687        0.0006079086
       -0.0002464945       -0.0003341752        0.0003217391
       -0.0003380977        0.0002445701       -0.0004564994
       -0.0008233032       -0.0009041613        0.0002508352
        0.0006876332        0.0002524767        0.0002316527
        0.0008228679       -0.0006668508       -0.0009437053
       -0.0002462919       -0.0017398145       -0.0042136682
        0.0952360265        0.1876983045       -0.1273451651
       -0.0000663644       -0.0001128148        0.0000541196
       -0.0000732492        0.0000130561        0.0000402280
        0.0009489154       -0.0004165076       -0.0015426424
       -0.0000794681        0.0069991261        0.0077100428
        0.0088760197        0.0100710116       -0.0027968022
       -0.0012217322        0.0008278733       -0.0024785666
        0.0002624298        0.0004909170        0.0040475135
        0.0645763513        0.1137494923       -0.1247747347
        0.0006222837        0.0004010015       -0.0001893495
       -0.0005992086        0.0003228234        0.0009018936
       -0.0004567254        0.0001757896       -0.0007173555
       -0.0009439590       -0.0010718647        0.0005537621
       -0.0002311538       -0.0004577049        0.0006312131
       -0.0002512463        0.0005612233        0.0005529371
       -0.0002752106       -0.0042136682       -0.0039949668
       -0.0713445981       -0.1273451651        0.1215937912
        0.0000478365       -0.0000541196        0.0003265604
        0.0000694659       -0.0000402280        0.0001767040
       -0.0038233157       -0.0014840931       -0.0018113157
       -0.0004736048       -0.0001237068        0.0007142836
       -0.0020980446       -0.0007501034       -0.0019026824
        0.0104416761       -0.0157248426       -0.0102019202
        0.0000229664       -0.0001299004        0.0000251275
       -0.0000040407        0.0003842881       -0.0004921554
       -0.1114141181        0.0877906731        0.0632312679
       -0.0142237502        0.0243056480        0.0192617872
       -0.0006647043        0.0006821111        0.0005600491
        0.0002424610        0.0003126090        0.0001769736
       -0.0009065528       -0.0006819077        0.0010712221
        0.0002543431        0.0008946584        0.0004583798
        0.0001512692        0.0000732492       -0.0000694659
        0.0001610426       -0.0000663644        0.0000478365
        0.1214617403       -0.0952360265       -0.0713445981
        0.0008726325       -0.0002462919        0.0002752106
       -0.0002242460        0.0066444629       -0.0052559009
       -0.0009533933       -0.0000626615        0.0012617445
       -0.0024416327        0.0011982890       -0.0021946783
        0.0074885388       -0.0140715355       -0.0102697899
        0.0002464945       -0.0003341752       -0.0003217391
        0.0002184338        0.0005165687       -0.0006079086
        0.0955470686       -0.1801063756       -0.1129859628
       -0.0046820427        0.0014306611       -0.0020079675
        0.0008233032       -0.0009041613       -0.0002508352
        0.0003380977        0.0002445701        0.0004564994
       -0.0008228679       -0.0006668508        0.0009437053
       -0.0006876332        0.0002524767       -0.0002316527
        0.0000732492        0.0000130561       -0.0000402280
        0.0000663644       -0.0001128148       -0.0000541196
       -0.0952360265        0.1876983045        0.1273451651
        0.0002462919       -0.0017398145        0.0042136682
       -0.0000794681       -0.0069991261        0.0077100428
        0.0009489154        0.0004165076       -0.0015426424
       -0.0012217322       -0.0008278733       -0.0024785666
        0.0088760197       -0.0100710116       -0.0027968022
       -0.0005992086       -0.0003228234        0.0009018936
        0.0006222837       -0.0004010015       -0.0001893495
        0.0645763513       -0.1137494923       -0.1247747347
        0.0002624298       -0.0004909170        0.0040475135
       -0.0009439590        0.0010718647        0.0005537621
       -0.0004567254       -0.0001757896       -0.0007173555
       -0.0002512463       -0.0005612233        0.0005529371
       -0.0002311538        0.0004577049        0.0006312131
        0.0000694659        0.0000402280        0.0001767040
        0.0000478365        0.0000541196        0.0003265604
       -0.0713445981        0.1273451651        0.1215937912
       -0.0002752106        0.0042136682       -0.0039949668
        0.0104416761        0.0157248426        0.0102019202
       -0.0020980446        0.0007501034        0.0019026824
       -0.0004736048        0.0001237068       -0.0007142836
       -0.0038233157        0.0014840931        0.0018113157
       -0.0000040407       -0.0003842881        0.0004921554
        0.0000229664        0.0001299004       -0.0000251275
       -0.0142237502       -0.0243056480       -0.0192617872
       -0.1114141181       -0.0877906731       -0.0632312679
        0.0002543431       -0.0008946584       -0.0004583798
       -0.0009065528        0.0006819077       -0.0010712221
        0.0002424610       -0.0003126090       -0.0001769736
       -0.0006647043       -0.0006821111       -0.0005600491
        0.0001610426        0.0000663644       -0.0000478365
        0.0001512692       -0.0000732492        0.0000694659
        0.0008726325        0.0002462919       -0.0002752106
        0.1214617403        0.0952360265        0.0713445981
       -0.0074885388       -0.0140715355       -0.0102697899
        0.0024416327        0.0011982890       -0.0021946783
        0.0009533933       -0.0000626615        0.0012617445
        0.0002242460        0.0066444629       -0.0052559009
       -0.0002184338        0.0005165687       -0.0006079086
       -0.0002464945       -0.0003341752       -0.0003217391
        0.0046820427        0.0014306611       -0.0020079675
       -0.0955470686       -0.1801063756       -0.1129859628
        0.0006876332        0.0002524767       -0.0002316527
        0.0008228679       -0.0006668508        0.0009437053
       -0.0003380977        0.0002445701        0.0004564994
       -0.0008233032       -0.0009041613       -0.0002508352
       -0.0000663644       -0.0001128148       -0.0000541196
       -0.0000732492        0.0000130561       -0.0000402280
       -0.0002462919       -0.0017398145        0.0042136682
        0.0952360265        0.1876983045        0.1273451651
       -0.0088760197       -0.0100710116       -0.0027968022
        0.0012217322       -0.0008278733       -0.0024785666
       -0.0009489154        0.0004165076       -0.0015426424
        0.0000794681       -0.0069991261        0.0077100428
       -0.0006222837       -0.0004010015       -0.0001893495
        0.0005992086       -0.0003228234        0.0009018936
       -0.0002624298       -0.0004909170        0.0040475135
       -0.0645763513       -0.1137494923       -0.1247747347
        0.0002311538        0.0004577049        0.0006312131
        0.0002512463       -0.0005612233        0.0005529371
        0.0004567254       -0.0001757896       -0.0007173555
        0.0009439590        0.0010718647        0.0005537621
       -0.0000478365        0.0000541196        0.0003265604
       -0.0000694659        0.0000402280        0.0001767040
        0.0002752106        0.0042136682       -0.0039949668
        0.0713445981        0.1273451651        0.1215937912
