   12   36
        0.8290371602       -0.0000295201        0.0004344648
       -0.5420313602       -0.0000197001        0.0005516451
       -0.1317207402       -0.0000055502        0.1270611799
       -0.0121928952       -0.0000007752        0.0039508650
       -0.1306638100       -0.0000053602       -0.1268704801
       -0.0124386101       -0.0000013601       -0.0045262752
       -0.0001718601        0.0003233650       -0.0002346151
       -0.0001715202       -0.0003238699       -0.0002346802
        0.0002683899        0.0002904947        0.0000036900
        0.0002678151       -0.0002909400        0.0000036299
       -0.0000939851        0.0000407201       -0.0000579152
       -0.0000939251       -0.0000412101       -0.0000579450
       -0.0000295201        0.1094041698       -0.0000247951
       -0.0000190700       -0.0451917749        0.0000008400
       -0.0000040950       -0.0367257100       -0.0000116749
       -0.0000006601        0.0045329000       -0.0000004749
       -0.0000041550       -0.0366783900       -0.0000115050
       -0.0000006298        0.0046851201       -0.0000004751
       -0.0000693599       -0.0001716049        0.0003106750
        0.0000694899       -0.0001716099       -0.0003110951
        0.0001300450        0.0000312200       -0.0001007599
       -0.0001320399        0.0000313851        0.0000999900
       -0.0000660648        0.0001252252       -0.0000868501
        0.0000647201        0.0001252302        0.0000857450
        0.0004344648       -0.0000247951        0.6474703301
       -0.0006003701        0.0000008249       -0.1138696649
        0.1214354549       -0.0000133751       -0.2694395350
       -0.0298908901       -0.0000003602        0.0038808099
       -0.1212838650       -0.0000133299       -0.2709782100
        0.0301458100       -0.0000007300        0.0036286899
        0.0003106649       -0.0002346999        0.0000343199
        0.0003106649        0.0002340501        0.0000342199
       -0.0003537251       -0.0000260401       -0.0003549199
       -0.0003540750        0.0000252700       -0.0003547099
       -0.0000658100        0.0000209701       -0.0000269750
       -0.0000654300       -0.0000218651       -0.0000269750
       -0.5420313602       -0.0000190700       -0.0006003701
        0.8290370900       -0.0000291699       -0.0004047300
       -0.0121928551       -0.0000014550       -0.0039528000
       -0.1317208250       -0.0000050350       -0.1270244800
       -0.0124386450       -0.0000012849        0.0045244950
       -0.1306637100       -0.0000052951        0.1269069649
       -0.0001714950       -0.0003237849        0.0002339399
       -0.0001711801        0.0003233902        0.0002338700
        0.0002683798       -0.0002909000       -0.0000040650
        0.0002678401        0.0002904900       -0.0000041349
       -0.0000939599       -0.0000412049        0.0000575450
       -0.0000938850        0.0000407650        0.0000574801
       -0.0000197001       -0.0451917749        0.0000008249
       -0.0000291699        0.1094041599       -0.0000247898
       -0.0000005902        0.0045325150       -0.0000002049
       -0.0000041750       -0.0367251801       -0.0000114349
       -0.0000006850        0.0046851299       -0.0000004651
       -0.0000035800       -0.0366784398       -0.0000117700
        0.0000694800       -0.0001716099        0.0003107000
       -0.0000694250       -0.0001716099       -0.0003110800
       -0.0001321200        0.0000312200       -0.0001007399
        0.0001301252        0.0000311601        0.0001001952
        0.0000643851        0.0001254601       -0.0000868300
       -0.0000656649        0.0001256950        0.0000857500
        0.0005516451        0.0000008400       -0.1138696649
       -0.0004047300       -0.0000247898        0.6474703198
        0.0298904101       -0.0000008150        0.0038808601
       -0.1213996549       -0.0000124899       -0.2694395748
       -0.0301462650       -0.0000007249        0.0036287049
        0.1213192101       -0.0000136498       -0.2709781950
       -0.0003110100       -0.0002347099        0.0000343100
       -0.0003110149        0.0002340701        0.0000342351
        0.0003516800       -0.0000260449       -0.0003546498
        0.0003520802        0.0000252652       -0.0003547099
        0.0000647952        0.0000211402       -0.0000269750
        0.0000655400       -0.0000218650       -0.0000270349
       -0.1317207402       -0.0000040950        0.1214354549
       -0.0121928551       -0.0000005902        0.0298904101
        0.1377764102       -0.0000048301       -0.1358635551
        0.0015853098       -0.0000008302       -0.0002333650
        0.0099885149       -0.0000008501       -0.0142249252
       -0.0051533701       -0.0000011850       -0.0008209751
        0.0000314799        0.0002904751       -0.0000259351
        0.0000314849       -0.0002908700       -0.0000258902
       -0.0002276602       -0.0004261251       -0.0002361151
       -0.0002278500        0.0004255899       -0.0002361202
        0.0000517801       -0.0000684200        0.0001883448
        0.0000521850        0.0000678499        0.0001883249
       -0.0000055502       -0.0367257100       -0.0000133751
       -0.0000014550        0.0045325150       -0.0000008150
       -0.0000048301        0.0254163101       -0.0000125951
       -0.0000013451       -0.0085766251       -0.0000012550
       -0.0000012200        0.0025476399       -0.0000014400
       -0.0000012150        0.0130560751       -0.0000012651
        0.0001302048        0.0002677851       -0.0003532450
       -0.0001319201        0.0002683950        0.0003523199
       -0.0004365201       -0.0002278351       -0.0001427300
        0.0004326751       -0.0002276650        0.0001403049
        0.0000501900       -0.0001708999        0.0001254548
       -0.0000534051       -0.0001709650       -0.0001278701
        0.1270611799       -0.0000116749       -0.2694395350
       -0.0039528000       -0.0000002049        0.0038808601
       -0.1358635551       -0.0000125951        0.2785020899
        0.0002330098       -0.0000005251        0.0010544800
        0.0140391052       -0.0000014950       -0.0148612150
       -0.0009581500       -0.0000010850        0.0015903549
       -0.0001005050        0.0000036651       -0.0003548351
       -0.0001007500       -0.0000041550       -0.0003549151
       -0.0001430300       -0.0002361151       -0.0000268400
       -0.0001429748        0.0002358300       -0.0000271550
       -0.0000213299       -0.0000053649        0.0000170751
       -0.0000206799        0.0000049602        0.0000170601
       -0.0121928952       -0.0000006601       -0.0298908901
       -0.1317208250       -0.0000041750       -0.1213996549
        0.0015853098       -0.0000013451        0.0002330098
        0.1377765301       -0.0000042351        0.1359001099
       -0.0051534700       -0.0000012349        0.0008204799
        0.0099885149       -0.0000009099        0.0142236898
        0.0000312049       -0.0002909849        0.0000253098
        0.0000314499        0.0002904450        0.0000250449
       -0.0002279351        0.0004256199        0.0002358600
       -0.0002277449       -0.0004261899        0.0002358250
        0.0000517400        0.0000678901       -0.0001886401
        0.0000521300       -0.0000687301       -0.0001886501
       -0.0000007752        0.0045329000       -0.0000003602
       -0.0000050350       -0.0367251801       -0.0000124899
       -0.0000008302       -0.0085766251       -0.0000005251
       -0.0000042351        0.0254153801       -0.0000123549
       -0.0000009500        0.0130562800       -0.0000010601
       -0.0000009049        0.0025480450       -0.0000011900
       -0.0001315200        0.0002682550       -0.0003527701
        0.0001305999        0.0002685651        0.0003524150
        0.0004330798       -0.0002272051       -0.0001422050
       -0.0004359849       -0.0002271901        0.0001407550
       -0.0000532700       -0.0001706300        0.0001259399
        0.0000510299       -0.0001706501       -0.0001274151
        0.0039508650       -0.0000004749        0.0038808099
       -0.1270244800       -0.0000114349       -0.2694395748
       -0.0002333650       -0.0000012550        0.0010544800
        0.1359001099       -0.0000123549        0.2785020999
        0.0009576600       -0.0000008350        0.0015903450
       -0.0140404150       -0.0000012250       -0.0148613400
        0.0001000551        0.0000036101       -0.0003548250
        0.0000998051       -0.0000042100       -0.0003549250
        0.0001402800       -0.0002361001       -0.0000271000
        0.0001405601        0.0002358502       -0.0000271800
        0.0000186702       -0.0000053248        0.0000170850
        0.0000190501        0.0000049700        0.0000170900
       -0.1306638100       -0.0000041550       -0.1212838650
       -0.0124386450       -0.0000006850       -0.0301462650
        0.0099885149       -0.0000012200        0.0140391052
       -0.0051534700       -0.0000009500        0.0009576600
        0.1367570999       -0.0000045100        0.1360584500
        0.0015542099       -0.0000012000        0.0002972749
        0.0001255300        0.0000407302        0.0000208549
        0.0001255550       -0.0000412598        0.0000208951
       -0.0001711500       -0.0000684251       -0.0000053249
       -0.0001711149        0.0000677952       -0.0000053699
        0.0000206252       -0.0000105949        0.0000387949
        0.0000210801        0.0000100651        0.0000387800
       -0.0000053602       -0.0366783900       -0.0000133299
       -0.0000012849        0.0046851299       -0.0000007249
       -0.0000008501        0.0025476399       -0.0000014950
       -0.0000012349        0.0130562800       -0.0000008350
       -0.0000045100        0.0250127999       -0.0000127349
       -0.0000011349       -0.0085894999       -0.0000013351
       -0.0000658750       -0.0000940300       -0.0000657100
        0.0000644751       -0.0000943000        0.0000651299
        0.0000501748        0.0000520150       -0.0000212600
       -0.0000537248        0.0000519150        0.0000189451
       -0.0000365499        0.0000205002       -0.0000291200
        0.0000337249        0.0000206251        0.0000272800
       -0.1268704801       -0.0000115050       -0.2709782100
        0.0045244950       -0.0000004651        0.0036287049
       -0.0142249252       -0.0000014400       -0.0148612150
        0.0008204799       -0.0000010601        0.0015903450
        0.1360584500       -0.0000127349        0.2794593101
       -0.0002974950       -0.0000010651        0.0013447999
       -0.0000865602       -0.0000579350       -0.0000269101
       -0.0000862951        0.0000575251       -0.0000267900
        0.0001254048        0.0001883549        0.0000171300
        0.0001256251       -0.0001886301        0.0000170800
       -0.0000294651        0.0000387851       -0.0000833901
       -0.0000287601       -0.0000391699       -0.0000834201
       -0.0124386101       -0.0000006298        0.0301458100
       -0.1306637100       -0.0000035800        0.1213192101
       -0.0051533701       -0.0000012150       -0.0009581500
        0.0099885149       -0.0000009049       -0.0140404150
        0.0015542099       -0.0000011349       -0.0002974950
        0.1367569899       -0.0000046400       -0.1360222250
        0.0001256051       -0.0000412149       -0.0000218500
        0.0001253450        0.0000407502       -0.0000218050
       -0.0001710950        0.0000679050        0.0000050501
       -0.0001708848       -0.0000684850        0.0000049700
        0.0000209351        0.0000102051       -0.0000390851
        0.0000209350       -0.0000107549       -0.0000391050
       -0.0000013601        0.0046851201       -0.0000007300
       -0.0000052951       -0.0366784398       -0.0000136498
       -0.0000011850        0.0130560751       -0.0000010850
       -0.0000009099        0.0025480450       -0.0000012250
       -0.0000012000       -0.0085894999       -0.0000010651
       -0.0000046400        0.0250128099       -0.0000130001
        0.0000644000       -0.0000943199       -0.0000657251
       -0.0000659200       -0.0000943049        0.0000648001
       -0.0000537500        0.0000520050       -0.0000210649
        0.0000502303        0.0000519601        0.0000189351
        0.0000332801        0.0000206951       -0.0000293900
       -0.0000362049        0.0000205000        0.0000274950
       -0.0045262752       -0.0000004751        0.0036286899
        0.1269069649       -0.0000117700       -0.2709781950
       -0.0008209751       -0.0000012651        0.0015903549
        0.0142236898       -0.0000011900       -0.0148613400
        0.0002972749       -0.0000013351        0.0013447999
       -0.1360222250       -0.0000130001        0.2794593101
        0.0000858149       -0.0000579800       -0.0000269002
        0.0000857999        0.0000574300       -0.0000267451
       -0.0001276400        0.0001883249        0.0000171350
       -0.0001278549       -0.0001886400        0.0000170900
        0.0000272851        0.0000387551       -0.0000834100
        0.0000276150       -0.0000391601       -0.0000834200
       -0.0001718601       -0.0000693599        0.0003106649
       -0.0001714950        0.0000694800       -0.0003110100
        0.0000314799        0.0001302048       -0.0001005050
        0.0000312049       -0.0001315200        0.0001000551
        0.0001255300       -0.0000658750       -0.0000865602
        0.0001256051        0.0000644000        0.0000858149
        0.1094039700       -0.0000291151       -0.0000246500
       -0.0451912400       -0.0000196499        0.0000009149
       -0.0367256251       -0.0000035452       -0.0000115550
        0.0045325751       -0.0000003099       -0.0000001450
       -0.0366783850       -0.0000040549       -0.0000116901
        0.0046855750       -0.0000006051        0.0000000999
        0.0003233650       -0.0001716049       -0.0002346999
       -0.0003237849       -0.0001716099       -0.0002347099
        0.0002904751        0.0002677851        0.0000036651
       -0.0002909849        0.0002682550        0.0000036101
        0.0000407302       -0.0000940300       -0.0000579350
       -0.0000412149       -0.0000943199       -0.0000579800
       -0.0000291151        0.8290376798        0.0004341150
       -0.0000196599       -0.5420316498        0.0005516802
       -0.0000052650       -0.1317211949        0.1270615452
       -0.0000012449       -0.0121928598        0.0039509752
       -0.0000053598       -0.1306636348       -0.1268704149
       -0.0000009749       -0.0124387199       -0.0045262848
       -0.0002346151        0.0003106750        0.0000343199
        0.0002339399        0.0003107000        0.0000343100
       -0.0000259351       -0.0003532450       -0.0003548351
        0.0000253098       -0.0003527701       -0.0003548250
        0.0000208549       -0.0000657100       -0.0000269101
       -0.0000218500       -0.0000657251       -0.0000269002
       -0.0000246500        0.0004341150        0.6474703301
        0.0000009800       -0.0006003849       -0.1138696801
       -0.0000132651        0.1214358998       -0.2694394050
       -0.0000011300       -0.0298907599        0.0038809750
       -0.0000128799       -0.1212838099       -0.2709783051
       -0.0000002700        0.0301457600        0.0036287598
       -0.0001715202        0.0000694899        0.0003106649
       -0.0001711801       -0.0000694250       -0.0003110149
        0.0000314849       -0.0001319201       -0.0001007500
        0.0000314499        0.0001305999        0.0000998051
        0.0001255550        0.0000644751       -0.0000862951
        0.0001253450       -0.0000659200        0.0000857999
       -0.0451912400       -0.0000196599        0.0000009800
        0.1094039700       -0.0000294699       -0.0000247250
        0.0045324948       -0.0000002701       -0.0000000900
       -0.0367254749       -0.0000040750       -0.0000111551
        0.0046851950       -0.0000003999        0.0000001150
       -0.0366779450       -0.0000040700       -0.0000116950
       -0.0003238699       -0.0001716099        0.0002340501
        0.0003233902       -0.0001716099        0.0002340701
       -0.0002908700        0.0002683950       -0.0000041550
        0.0002904450        0.0002685651       -0.0000042100
       -0.0000412598       -0.0000943000        0.0000575251
        0.0000407502       -0.0000943049        0.0000574300
       -0.0000196499       -0.5420316498       -0.0006003849
       -0.0000294699        0.8290376798       -0.0004043549
       -0.0000012449       -0.0121928099       -0.0039528099
       -0.0000052397       -0.1317211398       -0.1270248848
       -0.0000013547       -0.0124387698        0.0045244251
       -0.0000046548       -0.1306636899        0.1269068251
       -0.0002346802       -0.0003110951        0.0000342199
        0.0002338700       -0.0003110800        0.0000342351
       -0.0000258902        0.0003523199       -0.0003549151
        0.0000250449        0.0003524150       -0.0003549250
        0.0000208951        0.0000651299       -0.0000267900
       -0.0000218050        0.0000648001       -0.0000267451
        0.0000009149        0.0005516802       -0.1138696801
       -0.0000247250       -0.0004043549        0.6474705000
       -0.0000011900        0.0298904499        0.0038809399
       -0.0000129600       -0.1213999801       -0.2694395550
       -0.0000011148       -0.0301462799        0.0036285999
       -0.0000125650        0.1213191300       -0.2709784501
        0.0002683899        0.0001300450       -0.0003537251
        0.0002683798       -0.0001321200        0.0003516800
       -0.0002276602       -0.0004365201       -0.0001430300
       -0.0002279351        0.0004330798        0.0001402800
       -0.0001711500        0.0000501748        0.0001254048
       -0.0001710950       -0.0000537500       -0.0001276400
       -0.0367256251       -0.0000052650       -0.0000132651
        0.0045324948       -0.0000012449       -0.0000011900
        0.0254163001       -0.0000048402       -0.0000130501
       -0.0085771150       -0.0000009899       -0.0000015100
        0.0025475451       -0.0000012250       -0.0000014052
        0.0130564449       -0.0000014151       -0.0000015451
        0.0002904947        0.0000312200       -0.0000260401
       -0.0002909000        0.0000312200       -0.0000260449
       -0.0004261251       -0.0002278351       -0.0002361151
        0.0004256199       -0.0002272051       -0.0002361001
       -0.0000684251        0.0000520150        0.0001883549
        0.0000679050        0.0000520050        0.0001883249
       -0.0000035452       -0.1317211949        0.1214358998
       -0.0000002701       -0.0121928099        0.0298904499
       -0.0000048402        0.1377766901       -0.1358637900
       -0.0000010800        0.0015853350       -0.0002333201
       -0.0000011950        0.0099884950       -0.0142248851
       -0.0000006450       -0.0051533350       -0.0008209201
        0.0000036900       -0.0001007599       -0.0003549199
       -0.0000040650       -0.0001007399       -0.0003546498
       -0.0002361151       -0.0001427300       -0.0000268400
        0.0002358600       -0.0001422050       -0.0000271000
       -0.0000053249       -0.0000212600        0.0000171300
        0.0000050501       -0.0000210649        0.0000171350
       -0.0000115550        0.1270615452       -0.2694394050
       -0.0000000900       -0.0039528099        0.0038809399
       -0.0000130501       -0.1358637900        0.2785019899
       -0.0000011748        0.0002331902        0.0010545152
       -0.0000012099        0.0140392252       -0.0148611801
       -0.0000009250       -0.0009581500        0.0015904151
        0.0002678151       -0.0001320399       -0.0003540750
        0.0002678401        0.0001301252        0.0003520802
       -0.0002278500        0.0004326751       -0.0001429748
       -0.0002277449       -0.0004359849        0.0001405601
       -0.0001711149       -0.0000537248        0.0001256251
       -0.0001708848        0.0000502303       -0.0001278549
        0.0045325751       -0.0000012449       -0.0000011300
       -0.0367254749       -0.0000052397       -0.0000129600
       -0.0085771150       -0.0000010800       -0.0000011748
        0.0254162597       -0.0000046899       -0.0000128698
        0.0130558152       -0.0000012548       -0.0000012498
        0.0025479552       -0.0000014249       -0.0000013949
       -0.0002909400        0.0000313851        0.0000252700
        0.0002904900        0.0000311601        0.0000252652
        0.0004255899       -0.0002276650        0.0002358300
       -0.0004261899       -0.0002271901        0.0002358502
        0.0000677952        0.0000519150       -0.0001886301
       -0.0000684850        0.0000519601       -0.0001886400
       -0.0000003099       -0.0121928598       -0.0298907599
       -0.0000040750       -0.1317211398       -0.1213999801
       -0.0000009899        0.0015853350        0.0002331902
       -0.0000046899        0.1377767899        0.1359004551
       -0.0000012298       -0.0051534398        0.0008205100
       -0.0000008448        0.0099884001        0.0142237150
        0.0000036299        0.0000999900       -0.0003547099
       -0.0000041349        0.0001001952       -0.0003547099
       -0.0002361202        0.0001403049       -0.0000271550
        0.0002358250        0.0001407550       -0.0000271800
       -0.0000053699        0.0000189451        0.0000170800
        0.0000049700        0.0000189351        0.0000170900
       -0.0000001450        0.0039509752        0.0038809750
       -0.0000111551       -0.1270248848       -0.2694395550
       -0.0000015100       -0.0002333201        0.0010545152
       -0.0000128698        0.1359004551        0.2785020999
       -0.0000011249        0.0009576652        0.0015903549
       -0.0000008851       -0.0140404950       -0.0148612450
       -0.0000939851       -0.0000660648       -0.0000658100
       -0.0000939599        0.0000643851        0.0000647952
        0.0000517801        0.0000501900       -0.0000213299
        0.0000517400       -0.0000532700        0.0000186702
        0.0000206252       -0.0000365499       -0.0000294651
        0.0000209351        0.0000332801        0.0000272851
       -0.0366783850       -0.0000053598       -0.0000128799
        0.0046851950       -0.0000013547       -0.0000011148
        0.0025475451       -0.0000011950       -0.0000012099
        0.0130558152       -0.0000012298       -0.0000011249
        0.0250128198       -0.0000045148       -0.0000124750
       -0.0085891348       -0.0000012048       -0.0000013500
        0.0000407201        0.0001252252        0.0000209701
       -0.0000412049        0.0001254601        0.0000211402
       -0.0000684200       -0.0001708999       -0.0000053649
        0.0000678901       -0.0001706300       -0.0000053248
       -0.0000105949        0.0000205002        0.0000387851
        0.0000102051        0.0000206951        0.0000387551
       -0.0000040549       -0.1306636348       -0.1212838099
       -0.0000003999       -0.0124387698       -0.0301462799
       -0.0000012250        0.0099884950        0.0140392252
       -0.0000012548       -0.0051534398        0.0009576652
       -0.0000045148        0.1367569297        0.1360583151
       -0.0000007998        0.0015541703        0.0002972301
       -0.0000579152       -0.0000868501       -0.0000269750
        0.0000575450       -0.0000868300       -0.0000269750
        0.0001883448        0.0001254548        0.0000170751
       -0.0001886401        0.0001259399        0.0000170850
        0.0000387949       -0.0000291200       -0.0000833901
       -0.0000390851       -0.0000293900       -0.0000834100
       -0.0000116901       -0.1268704149       -0.2709783051
        0.0000001150        0.0045244251        0.0036285999
       -0.0000014052       -0.0142248851       -0.0148611801
       -0.0000012498        0.0008205100        0.0015903549
       -0.0000124750        0.1360583151        0.2794595201
       -0.0000007350       -0.0002975301        0.0013446699
       -0.0000939251        0.0000647201       -0.0000654300
       -0.0000938850       -0.0000656649        0.0000655400
        0.0000521850       -0.0000534051       -0.0000206799
        0.0000521300        0.0000510299        0.0000190501
        0.0000210801        0.0000337249       -0.0000287601
        0.0000209350       -0.0000362049        0.0000276150
        0.0046855750       -0.0000009749       -0.0000002700
       -0.0366779450       -0.0000046548       -0.0000125650
        0.0130564449       -0.0000006450       -0.0000009250
        0.0025479552       -0.0000008448       -0.0000008851
       -0.0085891348       -0.0000007998       -0.0000007350
        0.0250120399       -0.0000041199       -0.0000126251
       -0.0000412101        0.0001252302       -0.0000218651
        0.0000407650        0.0001256950       -0.0000218650
        0.0000678499       -0.0001709650        0.0000049602
       -0.0000687301       -0.0001706501        0.0000049700
        0.0000100651        0.0000206251       -0.0000391699
       -0.0000107549        0.0000205000       -0.0000391601
       -0.0000006051       -0.0124387199        0.0301457600
       -0.0000040700       -0.1306636899        0.1213191300
       -0.0000014151       -0.0051533350       -0.0009581500
       -0.0000014249        0.0099884001       -0.0140404950
       -0.0000012048        0.0015541703       -0.0002975301
       -0.0000041199        0.1367569399       -0.1360222301
       -0.0000579450        0.0000857450       -0.0000269750
        0.0000574801        0.0000857500       -0.0000270349
        0.0001883249       -0.0001278701        0.0000170601
       -0.0001886501       -0.0001274151        0.0000170900
        0.0000387800        0.0000272800       -0.0000834201
       -0.0000391050        0.0000274950       -0.0000834200
        0.0000000999       -0.0045262848        0.0036287598
       -0.0000116950        0.1269068251       -0.2709784501
       -0.0000015451       -0.0008209201        0.0015904151
       -0.0000013949        0.0142237150       -0.0148612450
       -0.0000013500        0.0002972301        0.0013446699
       -0.0000126251       -0.1360222301        0.2794595400
