   12   36
        0.8290369999       -0.0000287849        0.0004347552
       -0.5420311800       -0.0000190200        0.0005519250
       -0.1317206899       -0.0000042749        0.1270613301
       -0.0121927999       -0.0000002248        0.0039511100
       -0.1306637050       -0.0000042201       -0.1268703498
       -0.0124385600       -0.0000002250       -0.0045261450
       -0.0001712299        0.0003235800       -0.0002344298
       -0.0001712300       -0.0003235901       -0.0002344048
        0.0002693599        0.0002907051        0.0000039000
        0.0002693450       -0.0002907250        0.0000039051
       -0.0000931848        0.0000410201       -0.0000577049
       -0.0000931949       -0.0000409649       -0.0000577049
       -0.0000287849        0.1094041801       -0.0000245500
       -0.0000190249       -0.0451917151        0.0000010648
       -0.0000036151       -0.0367246800       -0.0000111450
       -0.0000001101        0.0045334900        0.0000000749
       -0.0000035951       -0.0366775902       -0.0000111950
       -0.0000001400        0.0046859400        0.0000001150
       -0.0000694899       -0.0001712151        0.0003107751
        0.0000694598       -0.0001712101       -0.0003108700
        0.0001310998        0.0000316550       -0.0001002751
       -0.0001311051        0.0000316800        0.0001002699
       -0.0000651900        0.0001257500       -0.0000862750
        0.0000652199        0.0001257700        0.0000863049
        0.0004347552       -0.0000245500        0.6474698299
       -0.0006001248        0.0000010650       -0.1138693949
        0.1214357052       -0.0000125549       -0.2694392849
       -0.0298906299       -0.0000003898        0.0038811051
       -0.1212836101       -0.0000126299       -0.2709779450
        0.0301460149       -0.0000003848        0.0036289451
        0.0003108302       -0.0002343850        0.0000345452
        0.0003108200        0.0002343550        0.0000345752
       -0.0003528899       -0.0000256500       -0.0003544199
       -0.0003528899        0.0000256500       -0.0003544197
       -0.0000654799        0.0000213751       -0.0000264949
       -0.0000654749       -0.0000213649       -0.0000264949
       -0.5420311800       -0.0000190249       -0.0006001248
        0.8290369999       -0.0000287899       -0.0004044900
       -0.0121927999       -0.0000002349       -0.0039527301
       -0.1317206949       -0.0000042547       -0.1270242750
       -0.0124385600       -0.0000002251        0.0045245700
       -0.1306637100       -0.0000042149        0.1269070751
       -0.0001712148       -0.0003235901        0.0002343202
       -0.0001712300        0.0003235751        0.0002343451
        0.0002693650       -0.0002907400       -0.0000039500
        0.0002693299        0.0002907551       -0.0000039348
       -0.0000931848       -0.0000409800        0.0000577000
       -0.0000931951        0.0000409952        0.0000577052
       -0.0000190200       -0.0451917151        0.0000010650
       -0.0000287899        0.1094041801       -0.0000245501
       -0.0000001201        0.0045334700        0.0000000799
       -0.0000036250       -0.0367246599       -0.0000111400
       -0.0000001351        0.0046859299        0.0000000850
       -0.0000035951       -0.0366775851       -0.0000111700
        0.0000694651       -0.0001712051        0.0003107901
       -0.0000695051       -0.0001712101       -0.0003108650
       -0.0001310751        0.0000316700       -0.0001002651
        0.0001310649        0.0000316700        0.0001002751
        0.0000651950        0.0001257600       -0.0000863049
       -0.0000651850        0.0001257800        0.0000863049
        0.0005519250        0.0000010648       -0.1138693949
       -0.0004044900       -0.0000245501        0.6474698401
        0.0298906551       -0.0000004000        0.0038811000
       -0.1213994049       -0.0000125399       -0.2694392900
       -0.0301460051       -0.0000004052        0.0036289400
        0.1213194599       -0.0000126249       -0.2709779501
       -0.0003108549       -0.0002343701        0.0000345401
       -0.0003108751        0.0002343648        0.0000345651
        0.0003528800       -0.0000256600       -0.0003544251
        0.0003528599        0.0000256298       -0.0003544149
        0.0000654700        0.0000213699       -0.0000265000
        0.0000654698       -0.0000213700       -0.0000264899
       -0.1317206899       -0.0000036151        0.1214357052
       -0.0121927999       -0.0000001201        0.0298906551
        0.1377762700       -0.0000035550       -0.1358633551
        0.0015855099        0.0000000301       -0.0002331551
        0.0099886300       -0.0000000600       -0.0142248200
       -0.0051531401       -0.0000000399       -0.0008208450
        0.0000316702        0.0002907150       -0.0000256900
        0.0000316649       -0.0002907200       -0.0000256600
  -311820.2420065801       -0.0004258250       -0.0002359900
       -0.0002265250        0.0004258351       -0.0002359900
        0.0000529499       -0.0000681150        0.0001884501
        0.0000529549        0.0000681300        0.0001884601
       -0.0000042749       -0.0367246800       -0.0000125549
       -0.0000002349        0.0045334700       -0.0000004000
       -0.0000035550        0.0254144399       -0.0000116100
        0.0000000101       -0.0085751449       -0.0000000250
       -0.0000000649        0.0025493750       -0.0000001700
       -0.0000000651        0.0130572900       -0.0000000399
        0.0001310801        0.0002693449       -0.0003529598
       -0.0001311101        0.0002693399        0.0003528801
       -0.0004346049       -0.0002265449       -0.0001417850
        0.0004345900       -0.0002265350        0.0001417702
        0.0000519951       -0.0001697400        0.0001266652
       -0.0000519950       -0.0001697299       -0.0001266699
        0.1270613301       -0.0000111450       -0.2694392849
       -0.0039527301        0.0000000799        0.0038811000
       -0.1358633551       -0.0000116100        0.2785019001
        0.0002332351       -0.0000000099        0.0010543799
        0.0140393799       -0.0000001751       -0.0148612502
       -0.0009580751       -0.0000000351        0.0015905900
       -0.0001002650        0.0000038999       -0.0003544650
       -0.0001002853       -0.0000039451       -0.0003544351
       -0.0001417601       -0.0002359950       -0.0000264301
       -0.0001417750        0.0002359900       -0.0000264200
       -0.0000200050       -0.0000051450        0.0000172601
       -0.0000200102        0.0000051500        0.0000172700
       -0.0121927999       -0.0000001101       -0.0298906299
       -0.1317206949       -0.0000036250       -0.1213994049
        0.0015855099        0.0000000101        0.0002332351
        0.1377762700       -0.0000035298        0.1359002600
       -0.0051531401       -0.0000000450        0.0008207050
        0.0099886250       -0.0000000550        0.0142239350
        0.0000316702       -0.0002907301        0.0000256300
        0.0000316599        0.0002907099        0.0000256550
       -0.0002265050        0.0004258301        0.0002360099
       -0.0002265250       -0.0004258301        0.0002360001
        0.0000529549        0.0000681099       -0.0001884651
        0.0000529499       -0.0000681050       -0.0001884599
       -0.0000002248        0.0045334900       -0.0000003898
       -0.0000042547       -0.0367246599       -0.0000125399
        0.0000000301       -0.0085751449       -0.0000000099
       -0.0000035298        0.0254143998       -0.0000115899
       -0.0000000399        0.0130573099       -0.0000000300
       -0.0000000499        0.0025493951       -0.0000001499
       -0.0001310698        0.0002693750       -0.0003529448
        0.0001310950        0.0002693649        0.0003528801
        0.0004346350       -0.0002265249       -0.0001417749
       -0.0004345949       -0.0002265250        0.0001417801
       -0.0000519799       -0.0001697249        0.0001266801
        0.0000519900       -0.0001697049       -0.0001266548
        0.0039511100        0.0000000749        0.0038811051
       -0.1270242750       -0.0000111400       -0.2694392900
       -0.0002331551       -0.0000000250        0.0010543799
        0.1359002600       -0.0000115899        0.2785019001
        0.0009579298       -0.0000000402        0.0015905550
       -0.0140402751       -0.0000001749       -0.0148612551
        0.0001002701        0.0000039049       -0.0003544500
        0.0001002499       -0.0000039351       -0.0003544150
        0.0001417848       -0.0002359900       -0.0000264201
        0.0001417649        0.0002359950       -0.0000264249
        0.0000200049       -0.0000051450        0.0000172601
        0.0000199998        0.0000051550        0.0000172651
       -0.1306637050       -0.0000035951       -0.1212836101
       -0.0124385600       -0.0000001351       -0.0301460051
        0.0099886300       -0.0000000649        0.0140393799
       -0.0051531401       -0.0000000399        0.0009579298
        0.1367568302       -0.0000035003        0.1360586148
        0.0015544998        0.0000000199        0.0002974099
        0.0001257600        0.0000409898        0.0000213399
        0.0001257798       -0.0000409702        0.0000213799
       -0.0001697001       -0.0000681101       -0.0000051502
       -0.0001697352        0.0000681148       -0.0000051450
        0.0000217099       -0.0000104002        0.0000389649
        0.0000216849        0.0000104249        0.0000389748
       -0.0000042201       -0.0366775902       -0.0000126299
       -0.0000002251        0.0046859299       -0.0000004052
       -0.0000000600        0.0025493750       -0.0000001751
       -0.0000000450        0.0130573099       -0.0000000402
       -0.0000035003        0.0250112302       -0.0000116800
        0.0000000098       -0.0085882301        0.0000000050
       -0.0000651900       -0.0000931752       -0.0000655150
        0.0000651848       -0.0000931801        0.0000654749
        0.0000520049        0.0000529400       -0.0000200151
       -0.0000519852        0.0000529349        0.0000200049
       -0.0000349500        0.0000216949       -0.0000283300
        0.0000349398        0.0000216950        0.0000283450
       -0.1268703498       -0.0000111950       -0.2709779450
        0.0045245700        0.0000000850        0.0036289400
       -0.0142248200       -0.0000001700       -0.0148612502
        0.0008207050       -0.0000000300        0.0015905550
        0.1360586148       -0.0000116800        0.2794591001
       -0.0002972901        0.0000000250        0.0013447250
       -0.0000862950       -0.0000576951       -0.0000265349
       -0.0000862752        0.0000577049       -0.0000265000
        0.0001267099        0.0001884500        0.0000172750
        0.0001266599       -0.0001884500        0.0000172801
       -0.0000283299        0.0000389650       -0.0000826350
       -0.0000283350       -0.0000389450       -0.0000826350
       -0.0124385600       -0.0000001400        0.0301460149
       -0.1306637100       -0.0000035951        0.1213194599
       -0.0051531401       -0.0000000651       -0.0009580751
        0.0099886250       -0.0000000499       -0.0140402751
        0.0015544998        0.0000000098       -0.0002972901
        0.1367568402       -0.0000035101       -0.1360220901
        0.0001257651       -0.0000409652       -0.0000214099
        0.0001257648        0.0000409898       -0.0000213700
       -0.0001697100        0.0000681099        0.0000051449
       -0.0001697350       -0.0000681152        0.0000051450
        0.0000217049        0.0000103998       -0.0000389601
        0.0000216849       -0.0000104100       -0.0000389650
       -0.0000002250        0.0046859400       -0.0000003848
       -0.0000042149       -0.0366775851       -0.0000126249
       -0.0000000399        0.0130572900       -0.0000000351
       -0.0000000550        0.0025493951       -0.0000001749
        0.0000000199       -0.0085882301        0.0000000250
       -0.0000035101        0.0250112100       -0.0000116550
        0.0000652351       -0.0000931752       -0.0000654900
       -0.0000651701       -0.0000931752        0.0000654751
       -0.0000519600        0.0000529501       -0.0000199951
        0.0000519849        0.0000529400        0.0000200151
        0.0000349500        0.0000216899       -0.0000283249
       -0.0000349351        0.0000217049        0.0000283501
       -0.0045261450        0.0000001150        0.0036289451
        0.1269070751       -0.0000111700       -0.2709779501
       -0.0008208450       -0.0000000399        0.0015905900
        0.0142239350       -0.0000001499       -0.0148612551
        0.0002974099        0.0000000050        0.0013447250
       -0.1360220901       -0.0000116550        0.2794591001
        0.0000863152       -0.0000577101       -0.0000265349
        0.0000862897        0.0000577099       -0.0000265049
       -0.0001266501        0.0001884500        0.0000172800
       -0.0001266751       -0.0001884599        0.0000172901
        0.0000283450        0.0000389601       -0.0000826749
        0.0000283499       -0.0000389549       -0.0000826799
       -0.0001712299       -0.0000694899        0.0003108302
       -0.0001712148        0.0000694651       -0.0003108549
        0.0000316702        0.0001310801       -0.0001002650
        0.0000316702       -0.0001310698        0.0001002701
        0.0001257600       -0.0000651900       -0.0000862950
        0.0001257651        0.0000652351        0.0000863152
        0.1094041198       -0.0000287800       -0.0000245849
       -0.0451917249       -0.0000190251        0.0000010552
       -0.0367246450       -0.0000036398       -0.0000111450
        0.0045334650       -0.0000001199        0.0000000801
       -0.0366775798       -0.0000036098       -0.0000112099
        0.0046859350       -0.0000001398        0.0000000853
        0.0003235800       -0.0001712151       -0.0002343850
       -0.0003235901       -0.0001712051       -0.0002343701
        0.0002907150        0.0002693449        0.0000038999
       -0.0002907301        0.0002693750        0.0000039049
        0.0000409898       -0.0000931752       -0.0000576951
       -0.0000409652       -0.0000931752       -0.0000577101
       -0.0000287800        0.8290374802        0.0004342850
       -0.0000190353       -0.5420314653        0.0005519701
       -0.0000042652       -0.1317210501        0.1270616399
       -0.0000002402       -0.0121927552        0.0039511200
       -0.0000042151       -0.1306635251       -0.1268702802
       -0.0000002251       -0.0124385900       -0.0045261351
       -0.0002344298        0.0003107751        0.0000345452
        0.0002343202        0.0003107901        0.0000345401
       -0.0000256900       -0.0003529598       -0.0003544650
        0.0000256300       -0.0003529448       -0.0003544500
        0.0000213399       -0.0000655150       -0.0000265349
       -0.0000214099       -0.0000654900       -0.0000265349
       -0.0000245849        0.0004342850        0.6474700899
        0.0000010149       -0.0006002000       -0.1138694299
       -0.0000125699        0.1214359951       -0.2694393200
       -0.0000004499       -0.0298906649        0.0038810902
       -0.0000126448       -0.1212835700       -0.2709781700
       -0.0000004401        0.0301460051        0.0036288851
       -0.0001712300        0.0000694598        0.0003108200
       -0.0001712300       -0.0000695051       -0.0003108751
        0.0000316649       -0.0001311101       -0.0001002853
        0.0000316599        0.0001310950        0.0001002499
        0.0001257798        0.0000651848       -0.0000862752
        0.0001257648       -0.0000651701        0.0000862897
       -0.0451917249       -0.0000190353        0.0000010149
        0.1094041403       -0.0000288053       -0.0000245652
        0.0045334798       -0.0000001351        0.0000000648
       -0.0367246601       -0.0000036401       -0.0000111450
        0.0046859350       -0.0000001602        0.0000000750
       -0.0366775753       -0.0000036000       -0.0000112101
       -0.0003235901       -0.0001712101        0.0002343550
        0.0003235751       -0.0001712101        0.0002343648
       -0.0002907200        0.0002693399       -0.0000039451
        0.0002907099        0.0002693649       -0.0000039351
       -0.0000409702       -0.0000931801        0.0000577049
        0.0000409898       -0.0000931752        0.0000577099
       -0.0000190251       -0.5420314653       -0.0006002000
       -0.0000288053        0.8290374802       -0.0004040650
       -0.0000002152       -0.0121927651       -0.0039527302
       -0.0000042752       -0.1317210400       -0.1270245549
       -0.0000002201       -0.0124385951        0.0045245798
       -0.0000042202       -0.1306635249        0.1269069949
       -0.0002344048       -0.0003108700        0.0000345752
        0.0002343451       -0.0003108650        0.0000345651
       -0.0000256600        0.0003528801       -0.0003544351
        0.0000256550        0.0003528801       -0.0003544150
        0.0000213799        0.0000654749       -0.0000265000
       -0.0000213700        0.0000654751       -0.0000265049
        0.0000010552        0.0005519701       -0.1138694299
       -0.0000245652       -0.0004040650        0.6474700299
       -0.0000003799        0.0298906050        0.0038811349
       -0.0000125699       -0.1213997551       -0.2694393000
       -0.0000004150       -0.0301460550        0.0036289102
       -0.0000126350        0.1213193701       -0.2709781549
        0.0002693599        0.0001310998       -0.0003528899
        0.0002693650       -0.0001310751        0.0003528800
  -311820.2420065801       -0.0004346049       -0.0001417601
       -0.0002265050        0.0004346350        0.0001417848
       -0.0001697001        0.0000520049        0.0001267099
       -0.0001697100       -0.0000519600       -0.0001266501
       -0.0367246450       -0.0000042652       -0.0000125699
        0.0045334798       -0.0000002152       -0.0000003799
        0.0254143501       -0.0000035401       -0.0000115901
       -0.0085751351        0.0000000200        0.0000000050
        0.0025493999       -0.0000000500       -0.0000001599
        0.0130573198       -0.0000000500       -0.0000000300
        0.0002907051        0.0000316550       -0.0000256500
       -0.0002907400        0.0000316700       -0.0000256600
       -0.0004258250       -0.0002265449       -0.0002359950
        0.0004258301       -0.0002265249       -0.0002359900
       -0.0000681101        0.0000529400        0.0001884500
        0.0000681099        0.0000529501        0.0001884500
       -0.0000036398       -0.1317210501        0.1214359951
       -0.0000001351       -0.0121927651        0.0298906050
       -0.0000035401        0.1377766000       -0.1358636901
       -0.0000000151        0.0015855099       -0.0002331599
       -0.0000000600        0.0099886149       -0.0142248200
       -0.0000000750       -0.0051531448       -0.0008208599
        0.0000039000       -0.0001002751       -0.0003544199
       -0.0000039500       -0.0001002651       -0.0003544251
       -0.0002359900       -0.0001417850       -0.0000264301
        0.0002360099       -0.0001417749       -0.0000264201
       -0.0000051502       -0.0000200151        0.0000172750
        0.0000051449       -0.0000199951        0.0000172800
       -0.0000111450        0.1270616399       -0.2694393200
        0.0000000648       -0.0039527302        0.0038811349
       -0.0000115901       -0.1358636901        0.2785018901
       -0.0000000200        0.0002332449        0.0010543800
       -0.0000001850        0.0140393900       -0.0148612800
       -0.0000000502       -0.0009580701        0.0015905749
        0.0002693450       -0.0001311051       -0.0003528899
        0.0002693299        0.0001310649        0.0003528599
       -0.0002265250        0.0004345900       -0.0001417750
       -0.0002265250       -0.0004345949        0.0001417649
       -0.0001697352       -0.0000519852        0.0001266599
       -0.0001697350        0.0000519849       -0.0001266751
        0.0045334650       -0.0000002402       -0.0000004499
       -0.0367246601       -0.0000042752       -0.0000125699
       -0.0085751351       -0.0000000151       -0.0000000200
        0.0254144001       -0.0000035500       -0.0000116199
        0.0130573000       -0.0000000750       -0.0000000649
        0.0025493648       -0.0000000699       -0.0000001701
       -0.0002907250        0.0000316800        0.0000256500
        0.0002907551        0.0000316700        0.0000256298
        0.0004258351       -0.0002265350        0.0002359900
       -0.0004258301       -0.0002265250        0.0002359950
        0.0000681148        0.0000529349       -0.0001884500
       -0.0000681152        0.0000529400       -0.0001884599
       -0.0000001199       -0.0121927552       -0.0298906649
       -0.0000036401       -0.1317210400       -0.1213997551
        0.0000000200        0.0015855099        0.0002332449
       -0.0000035500        0.1377765901        0.1359005850
       -0.0000000550       -0.0051531400        0.0008206901
       -0.0000000701        0.0099886351        0.0142239151
        0.0000039051        0.0001002699       -0.0003544197
       -0.0000039348        0.0001002751       -0.0003544149
       -0.0002359900        0.0001417702       -0.0000264200
        0.0002360001        0.0001417801       -0.0000264249
       -0.0000051450        0.0000200049        0.0000172801
        0.0000051450        0.0000200151        0.0000172901
        0.0000000801        0.0039511200        0.0038810902
       -0.0000111450       -0.1270245549       -0.2694393000
        0.0000000050       -0.0002331599        0.0010543800
       -0.0000116199        0.1359005850        0.2785018899
       -0.0000000398        0.0009579300        0.0015905600
       -0.0000001801       -0.0140402898       -0.0148612749
       -0.0000931848       -0.0000651900       -0.0000654799
       -0.0000931848        0.0000651950        0.0000654700
        0.0000529499        0.0000519951       -0.0000200050
        0.0000529549       -0.0000519799        0.0000200049
        0.0000217099       -0.0000349500       -0.0000283299
        0.0000217049        0.0000349500        0.0000283450
       -0.0366775798       -0.0000042151       -0.0000126448
        0.0046859350       -0.0000002201       -0.0000004150
        0.0025493999       -0.0000000600       -0.0000001850
        0.0130573000       -0.0000000550       -0.0000000398
        0.0250112200       -0.0000034851       -0.0000116799
       -0.0085882250        0.0000000101       -0.0000000048
        0.0000410201        0.0001257500        0.0000213751
       -0.0000409800        0.0001257600        0.0000213699
       -0.0000681150       -0.0001697400       -0.0000051450
        0.0000681099       -0.0001697249       -0.0000051450
       -0.0000104002        0.0000216949        0.0000389650
        0.0000103998        0.0000216899        0.0000389601
       -0.0000036098       -0.1306635251       -0.1212835700
       -0.0000001602       -0.0124385951       -0.0301460550
       -0.0000000500        0.0099886149        0.0140393900
       -0.0000000750       -0.0051531400        0.0009579300
       -0.0000034851        0.1367567000        0.1360585200
       -0.0000000001        0.0015545000        0.0002973950
       -0.0000577049       -0.0000862750       -0.0000264949
        0.0000577000       -0.0000863049       -0.0000265000
        0.0001884501        0.0001266652        0.0000172601
       -0.0001884651        0.0001266801        0.0000172601
        0.0000389649       -0.0000283300       -0.0000826350
       -0.0000389601       -0.0000283249       -0.0000826749
       -0.0000112099       -0.1268702802       -0.2709781700
        0.0000000750        0.0045245798        0.0036289102
       -0.0000001599       -0.0142248200       -0.0148612800
       -0.0000000649        0.0008206901        0.0015905600
       -0.0000116799        0.1360585200        0.2794593399
       -0.0000000099       -0.0002973098        0.0013447300
       -0.0000931949        0.0000652199       -0.0000654749
       -0.0000931951       -0.0000651850        0.0000654698
        0.0000529549       -0.0000519950       -0.0000200102
        0.0000529499        0.0000519900        0.0000199998
        0.0000216849        0.0000349398       -0.0000283350
        0.0000216849       -0.0000349351        0.0000283499
        0.0046859350       -0.0000002251       -0.0000004401
       -0.0366775753       -0.0000042202       -0.0000126350
        0.0130573198       -0.0000000750       -0.0000000502
        0.0025493648       -0.0000000701       -0.0000001801
       -0.0085882250       -0.0000000001       -0.0000000099
        0.0250112302       -0.0000035000       -0.0000116900
       -0.0000409649        0.0001257700       -0.0000213649
        0.0000409952        0.0001257800       -0.0000213700
        0.0000681300       -0.0001697299        0.0000051500
       -0.0000681050       -0.0001697049        0.0000051550
        0.0000104249        0.0000216950       -0.0000389450
       -0.0000104100        0.0000217049       -0.0000389549
       -0.0000001398       -0.0124385900        0.0301460051
       -0.0000036000       -0.1306635249        0.1213193701
       -0.0000000500       -0.0051531448       -0.0009580701
       -0.0000000699        0.0099886351       -0.0140402898
        0.0000000101        0.0015545000       -0.0002973098
       -0.0000035000        0.1367566799       -0.1360220050
       -0.0000577049        0.0000863049       -0.0000264949
        0.0000577052        0.0000863049       -0.0000264899
        0.0001884601       -0.0001266699        0.0000172700
       -0.0001884599       -0.0001266548        0.0000172651
        0.0000389748        0.0000283450       -0.0000826350
       -0.0000389650        0.0000283501       -0.0000826799
        0.0000000853       -0.0045261351        0.0036288851
       -0.0000112101        0.1269069949       -0.2709781549
       -0.0000000300       -0.0008208599        0.0015905749
       -0.0000001701        0.0142239151       -0.0148612749
       -0.0000000048        0.0002973950        0.0013447300
       -0.0000116900       -0.1360220050        0.2794593399
