ZMAT begin
1 2
1 3

4 5
4 6

;3;4

5 4 6

2 1 3

;1;3;4

;3;4;5 6

;1;3;4;5 6 T

;2 3;1;3;4 T

;5;5 6;4;3 T
;6;5 6;4;3 T
ZMAT end
1 2
1 3

4 5
4 6

3 4

5 4 6

2 1 3

1 3 4

3 4 5
3 4 6

1 3 4 5 T
1 3 4 6 T

2 1 3 4 T

cart begin
O       -2.8113628432     -0.2071641173      0.0000000000
H       -3.5610961357      1.4464324822      0.0000000000
H       -1.0096135648      0.1059430301      0.0000000000
O        2.6792174903      0.1977547035      0.0000000000
H        3.3339777478     -0.7015201765     -1.4388371727
H        3.3339777478     -0.7015201765      1.4388371727
cart end 
O       -2.8116488844     -0.2070965800      0.0000000000
H       -3.5614958369      1.4464438147      0.0000000000
H       -1.0099316679      0.1061128021      0.0000000000
O        2.6795153845      0.1976880537      0.0000000000
H        3.3342733862     -0.7015980800     -1.4388270396
H        3.3342733862     -0.7015980800      1.4388270396

