   21   63
        0.0886980325       -0.0000017713        0.0000078025
       -0.0405982650        0.0011168513       -0.0090415475
       -0.0405982712       -0.0011184363        0.0090474938
        0.0036364700       -0.0005190626        0.0044607012
        0.0036364676        0.0005190125       -0.0044611225
       -0.0026435738        0.0000627837       -0.0051938975
       -0.0026435687       -0.0000628950        0.0051940375
       -0.0057797975        0.0012864325       -0.0093785776
       -0.0057797938       -0.0012865425        0.0093786162
        0.0000758150        0.0004874175        0.0002607813
        0.0000758000       -0.0004874437       -0.0002607262
        0.0000859200       -0.0010846838       -0.0003508800
        0.0000859212        0.0010846812        0.0003508675
        0.0004593274       -0.0002578188        0.0000902426
        0.0004593087        0.0002578275       -0.0000902513
        0.0001980199        0.0003146361       -0.0000543463
        0.0001980113       -0.0003146501        0.0000543387
        0.0006138413        0.0000616412       -0.0002607037
        0.0006138500       -0.0000616225        0.0002607325
       -0.0003967425       -0.0007584213        0.0011928187
       -0.0003967488        0.0007584063       -0.0011928488
       -0.0000017713        0.0319649075       -0.0101174488
        0.0021897725       -0.0188795787        0.0023031162
       -0.0021912525       -0.0188795737        0.0023031249
        0.0027470200       -0.0001445300        0.0050404488
       -0.0027470825       -0.0001445063        0.0050404562
       -0.0049016063        0.0023139212       -0.0073720600
        0.0049015762        0.0023139062       -0.0073720700
        0.0032286975        0.0001143437        0.0049036949
       -0.0032286474        0.0001143399        0.0049037001
        0.0003033325        0.0007221763        0.0003568063
       -0.0003033200        0.0007221825        0.0003567951
       -0.0006629401       -0.0015176500       -0.0009467588
        0.0006629625       -0.0015176551       -0.0009467538
       -0.0000204250        0.0008325299        0.0003684151
        0.0000204450        0.0008325350        0.0003684362
        0.0004963025        0.0005919662       -0.0002231600
       -0.0004962888        0.0005919700       -0.0002231863
       -0.0000998262        0.0001391849       -0.0001416900
        0.0000998537        0.0001391762       -0.0001417025
       -0.0006230887       -0.0001549426        0.0007676800
        0.0006230938       -0.0001549487        0.0007676712
        0.0000078025       -0.0101174488        0.1258139575
       -0.0157114363        0.0015048775       -0.0416310200
        0.0157174825        0.0015048838       -0.0416310112
       -0.0063810162        0.0018884413       -0.0113268987
        0.0063804788        0.0018884612       -0.0113268863
       -0.0058453912        0.0008960325       -0.0080355601
        0.0058454150        0.0008960237       -0.0080355613
       -0.0031116025        0.0016564162       -0.0017425513
        0.0031114450        0.0016564212       -0.0017425600
       -0.0000884763       -0.0001693787        0.0004768300
        0.0000884349       -0.0001693862        0.0004768063
       -0.0006649500       -0.0018759275       -0.0006198863
        0.0006649076       -0.0018759287       -0.0006198776
        0.0004313999        0.0003813000        0.0003358488
       -0.0004313625        0.0003812912        0.0003358500
       -0.0001926150       -0.0000329963        0.0006263225
        0.0001925812       -0.0000329912        0.0006263188
       -0.0003039987       -0.0004745763        0.0006305125
        0.0003039487       -0.0004745837        0.0006305201
        0.0012665475        0.0012814062       -0.0016208975
       -0.0012666712        0.0012814075       -0.0016208826
       -0.0405982650        0.0021897725       -0.0157114363
        0.1557470675       -0.0080637625       -0.0163101001
        0.0067347213       -0.0000480612        0.0013930312
       -0.0362478875       -0.0091414464        0.0118443587
       -0.0011471075       -0.0001026013        0.0014341600
       -0.0246047713       -0.0068070639       -0.0001005276
       -0.0002715725       -0.0008230875        0.0011130837
       -0.0537331201        0.0252407350        0.0131635600
       -0.0006161950       -0.0006236326        0.0007463825
       -0.0014251887       -0.0045354800       -0.0021528975
       -0.0002469325        0.0004399725       -0.0001524787
       -0.0014300663       -0.0042149838       -0.0014076826
       -0.0002155262        0.0004268674        0.0001555613
        0.0016853924        0.0080835725        0.0030034213
       -0.0000934588        0.0000435487       -0.0002193638
       -0.0014132238       -0.0007487201        0.0012664700
       -0.0000289688        0.0000218275       -0.0000909026
       -0.0054732512       -0.0042803138        0.0058711387
        0.0000434850        0.0000998725       -0.0000835625
        0.0030376975        0.0031473987       -0.0042763750
        0.0002971687       -0.0002984450        0.0005188087
        0.0011168513       -0.0188795787        0.0015048775
       -0.0080637625        0.1453565925        0.0023465300
        0.0000479463       -0.0020493637        0.0024287925
       -0.0107434162       -0.0319745101        0.0093016138
       -0.0004174137       -0.0000097724        0.0007343387
       -0.0047686125       -0.0503295825       -0.0079595950
        0.0001316651        0.0002460925       -0.0009446975
        0.0250528487       -0.0334530925       -0.0079201801
        0.0002598588        0.0002147763        0.0002974063
       -0.0008462838       -0.0037924612       -0.0018082749
        0.0001680187       -0.0001707762       -0.0001250886
        0.0012180150        0.0025290463        0.0016432988
        0.0001177975       -0.0002010463        0.0000072475
       -0.0013947263       -0.0051098149       -0.0020353974
        0.0000327200       -0.0000262325        0.0000241325
       -0.0052859800       -0.0043047150        0.0061126225
        0.0000239037       -0.0000258125       -0.0000027988
        0.0033816850        0.0024630863       -0.0034578300
        0.0000127788       -0.0000214838       -0.0000105850
       -0.0001754650       -0.0004231426       -0.0003281700
        0.0001385925       -0.0000383275        0.0001900275
       -0.0090415475        0.0023031162       -0.0416310200
       -0.0163101001        0.0023465300        0.1346548801
       -0.0013939475        0.0024287937       -0.0120878226
        0.0155680313        0.0101297724       -0.0339434213
        0.0001776888       -0.0001080326       -0.0002385088
        0.0000907962       -0.0095715338       -0.0252642188
       -0.0003208813       -0.0006171000        0.0007011050
        0.0111722037       -0.0075525063       -0.0192598063
       -0.0012707287       -0.0003949263        0.0008260787
        0.0017903562        0.0071329350        0.0024759837
       -0.0000838201        0.0000619438       -0.0003023475
       -0.0013744713       -0.0060822225       -0.0024666426
       -0.0002249363        0.0003844674        0.0003546900
       -0.0007791964       -0.0018290476       -0.0008737000
        0.0000384449        0.0000553924       -0.0001376100
       -0.0027067301       -0.0025215801        0.0023306686
        0.0000270725        0.0000204237       -0.0000311250
        0.0007368538        0.0008546824       -0.0012213826
       -0.0000056763       -0.0000120576       -0.0000797838
        0.0040431950        0.0029995687       -0.0040892688
       -0.0001282763       -0.0000306725        0.0002826975
       -0.0405982712       -0.0021912525        0.0157174825
        0.0067347213        0.0000479463       -0.0013939475
        0.1557470550        0.0080711050        0.0163158875
       -0.0011470937        0.0001026025       -0.0014342000
       -0.0362478900        0.0091426363       -0.0118412975
       -0.0002715488        0.0008230975       -0.0011131138
       -0.0246047825        0.0068053137        0.0000998275
       -0.0006162001        0.0006236213       -0.0007463838
       -0.0537331025       -0.0252327100       -0.0131670487
       -0.0002469363       -0.0004399774        0.0001524650
       -0.0014251863        0.0045355237        0.0021528176
       -0.0002155275       -0.0004268863       -0.0001555713
       -0.0014300612        0.0042148950        0.0014076950
       -0.0000934513       -0.0000435499        0.0002193538
        0.0016853799       -0.0080838025       -0.0030035149
       -0.0000289550       -0.0000218488        0.0000908700
       -0.0014132188        0.0007487112       -0.0012665526
        0.0000434925       -0.0000998701        0.0000835500
       -0.0054732425        0.0042800524       -0.0058711313
        0.0002971725        0.0002984200       -0.0005188213
        0.0030376975       -0.0031474750        0.0042761937
       -0.0011184363       -0.0188795737        0.0015048838
       -0.0000480612       -0.0020493637        0.0024287937
        0.0080711050        0.1453565925        0.0023465137
        0.0004173875       -0.0000098063        0.0007343363
        0.0107445163       -0.0319744838        0.0093016225
       -0.0001316775        0.0002460825       -0.0009446862
        0.0047672626       -0.0503295762       -0.0079595900
       -0.0002598325        0.0002147588        0.0002974313
       -0.0250441950       -0.0334530925       -0.0079201925
       -0.0001679963       -0.0001707712       -0.0001250812
        0.0008462712       -0.0037924812       -0.0018082849
       -0.0001177925       -0.0002010587        0.0000072362
       -0.0012180299        0.0025290350        0.0016433012
       -0.0000327113       -0.0000262337        0.0000240988
        0.0013944500       -0.0051098338       -0.0020353863
       -0.0000238987       -0.0000258175       -0.0000027975
        0.0052860225       -0.0043047187        0.0061126200
       -0.0000127637       -0.0000214825       -0.0000106000
       -0.0033818124        0.0024630825       -0.0034578337
       -0.0001385700       -0.0000383188        0.0001900238
        0.0001754574       -0.0004231362       -0.0003281850
        0.0090474938        0.0023031249       -0.0416310112
        0.0013930312        0.0024287925       -0.0120878226
        0.0163158875        0.0023465137        0.1346548650
       -0.0001777262       -0.0001080463       -0.0002385101
       -0.0155652950        0.0101297987       -0.0339434163
        0.0003208712       -0.0006170826        0.0007011275
       -0.0000915625       -0.0095715150       -0.0252642175
        0.0012707074       -0.0003949238        0.0008261074
       -0.0111751725       -0.0075524951       -0.0192598062
        0.0000838237        0.0000619438       -0.0003023263
       -0.0017904125        0.0071329437        0.0024759988
        0.0002249524        0.0003844775        0.0003546850
        0.0013744775       -0.0060822238       -0.0024666288
       -0.0000384251        0.0000553925       -0.0001376225
        0.0007791112       -0.0018290463       -0.0008736813
       -0.0000270600        0.0000204424       -0.0000311113
        0.0027066462       -0.0025215675        0.0023306649
        0.0000056762       -0.0000120600       -0.0000797763
       -0.0007368663        0.0008546937       -0.0012213725
        0.0001282675       -0.0000306625        0.0002826988
       -0.0040435938        0.0029995788       -0.0040892713
        0.0036364700        0.0027470200       -0.0063810162
       -0.0362478875       -0.0107434162        0.0155680313
       -0.0011470937        0.0004173875       -0.0001777262
        0.1470882924       -0.0043334900        0.0085238888
        0.0003278576        0.0000261601       -0.0003268025
       -0.0013233475       -0.0019764074        0.0016255738
        0.0000337301        0.0000483026       -0.0000482287
       -0.0041912350       -0.0042907975        0.0052134000
        0.0001472576        0.0001074537       -0.0000509262
        0.0000865501       -0.0001445999       -0.0002246999
        0.0000348050       -0.0000739425       -0.0000041312
       -0.0000500075        0.0000607751        0.0000366800
        0.0000199838       -0.0000489238       -0.0000033712
        0.0002221888        0.0004096663       -0.0000329824
        0.0000013763       -0.0000067875        0.0000143363
       -0.0180182174       -0.0134299388       -0.0057311438
        0.0000097188        0.0000035826        0.0000158538
       -0.0605226511        0.0282487150        0.0083026100
       -0.0000010912       -0.0000337300        0.0000260438
       -0.0300270761        0.0029483913       -0.0262232662
       -0.0000794862        0.0000691139       -0.0001169175
       -0.0005190626       -0.0001445300        0.0018884413
       -0.0091414464       -0.0319745101        0.0101297724
        0.0001026025       -0.0000098063       -0.0001080463
       -0.0043334900        0.1509811051        0.0067786500
       -0.0000261500       -0.0000359150       -0.0000241326
       -0.0061683126       -0.0057095151        0.0058560224
        0.0000481537        0.0000306512        0.0000224562
        0.0028477999        0.0027719650       -0.0034569752
       -0.0000060250       -0.0000679889       -0.0000276901
       -0.0005370426       -0.0014850762       -0.0005316550
        0.0000173637        0.0000838137        0.0000072850
        0.0001519012        0.0002604675        0.0001764862
       -0.0000149837       -0.0000316138       -0.0000133738
       -0.0000253713        0.0004174549        0.0002781250
       -0.0000576013        0.0000042237       -0.0000696275
       -0.0130983301       -0.0676772576       -0.0225649863
       -0.0000116489       -0.0000019901        0.0000031800
        0.0273661812       -0.0316608888       -0.0051160101
       -0.0000136413        0.0000189849       -0.0000093726
        0.0034224738       -0.0157749950        0.0067924562
        0.0000008424        0.0000051887       -0.0000138813
        0.0044607012        0.0050404488       -0.0113268987
        0.0118443587        0.0093016138       -0.0339434213
       -0.0014342000        0.0007343363       -0.0002385101
        0.0085238888        0.0067786500        0.1469789100
        0.0003268200       -0.0000241163       -0.0003776851
       -0.0012724537       -0.0010811651        0.0033611524
        0.0000014263        0.0000888924       -0.0000392701
        0.0014660088        0.0011641487       -0.0010210164
        0.0000884475        0.0000445900       -0.0000294676
       -0.0004352288       -0.0012108987       -0.0002505075
        0.0000552124       -0.0000547675        0.0000131887
       -0.0000891688        0.0001223375       -0.0001197538
        0.0000154850       -0.0000488413       -0.0000005588
       -0.0000575638       -0.0000618426        0.0000116562
       -0.0000026476       -0.0000070587       -0.0000066100
       -0.0051335925       -0.0213644963       -0.0237513576
       -0.0000012451        0.0000018125        0.0000202275
        0.0090060113       -0.0055834300       -0.0160823838
       -0.0000127626       -0.0000107663        0.0000121450
       -0.0272588387        0.0060958949       -0.0630846225
       -0.0000857801        0.0000727488       -0.0001251226
        0.0036364676       -0.0027470825        0.0063804788
       -0.0011471075       -0.0004174137        0.0001776888
       -0.0362478900        0.0107445163       -0.0155652950
        0.0003278576       -0.0000261500        0.0003268200
        0.1470883049        0.0043383326       -0.0085185187
        0.0000337288       -0.0000483013        0.0000482301
       -0.0013233437        0.0019764263       -0.0016256224
        0.0001472400       -0.0001074387        0.0000509425
       -0.0041912474        0.0042905501       -0.0052133824
        0.0000348125        0.0000739338        0.0000041463
        0.0000865226        0.0001445839        0.0002247076
        0.0000199876        0.0000489175        0.0000033675
       -0.0000500024       -0.0000607162       -0.0000366837
        0.0000013788        0.0000067875       -0.0000143186
        0.0002221588       -0.0004096900        0.0000330013
        0.0000097075       -0.0000035913       -0.0000158862
       -0.0180182337        0.0134271188        0.0057306788
       -0.0000011111        0.0000337351       -0.0000260462
       -0.0605226512       -0.0282412225       -0.0083071811
       -0.0000794937       -0.0000691212        0.0001169188
       -0.0300270862       -0.0029498925        0.0262305512
        0.0005190125       -0.0001445063        0.0018884612
       -0.0001026013       -0.0000097724       -0.0001080326
        0.0091426363       -0.0319744838        0.0101297987
        0.0000261601       -0.0000359150       -0.0000241163
        0.0043383326        0.1509810650        0.0067786750
       -0.0000481513        0.0000306787        0.0000224825
        0.0061683625       -0.0057095026        0.0058560262
        0.0000060212       -0.0000679688       -0.0000276601
       -0.0028479037        0.0027719900       -0.0034569700
       -0.0000173738        0.0000838438        0.0000073300
        0.0005370000       -0.0014850500       -0.0005316488
        0.0000149975       -0.0000315850       -0.0000133675
       -0.0001518750        0.0002604787        0.0001765312
        0.0000576137        0.0000042424       -0.0000696262
        0.0000253900        0.0004174713        0.0002781513
        0.0000116474       -0.0000019601        0.0000032037
        0.0130947900       -0.0676772425       -0.0225649850
        0.0000136588        0.0000189912       -0.0000093538
       -0.0273580537       -0.0316608737       -0.0051159962
       -0.0000008262        0.0000052150       -0.0000138638
       -0.0034236488       -0.0157749725        0.0067924762
       -0.0044611225        0.0050404562       -0.0113268863
        0.0014341600        0.0007343387       -0.0002385088
       -0.0118412975        0.0093016225       -0.0339434163
       -0.0003268025       -0.0000241326       -0.0003776851
       -0.0085185187        0.0067786750        0.1469788926
       -0.0000014113        0.0000888962       -0.0000392576
        0.0012724100       -0.0010811588        0.0033611537
       -0.0000884150        0.0000445949       -0.0000294413
       -0.0014659513        0.0011641624       -0.0010210175
       -0.0000552038       -0.0000547649        0.0000132100
        0.0004352187       -0.0012108863       -0.0002504937
       -0.0000154713       -0.0000488313       -0.0000005651
        0.0000892000        0.0001223336       -0.0001197338
        0.0000026674       -0.0000070450       -0.0000066038
        0.0000575924       -0.0000618488        0.0000116762
        0.0000012650        0.0000018249        0.0000202400
        0.0051330112       -0.0213644901       -0.0237513501
        0.0000127888       -0.0000107538        0.0000121437
       -0.0090098925       -0.0055834201       -0.0160823650
        0.0000857875        0.0000727637       -0.0001251113
        0.0272654999        0.0060959063       -0.0630846163
       -0.0026435738       -0.0049016063       -0.0058453912
       -0.0246047713       -0.0047686125        0.0000907962
       -0.0002715488       -0.0001316775        0.0003208712
       -0.0013233475       -0.0061683126       -0.0012724537
        0.0000337288       -0.0000481513       -0.0000014113
        0.1526441875       -0.0043664588       -0.0019342125
       -0.0001673100        0.0001430988       -0.0001458275
        0.0023516537        0.0071196925        0.0027366725
       -0.0000215800        0.0000541487        0.0000703462
       -0.0326880713       -0.0171385412        0.0234574176
        0.0001061462       -0.0001189262        0.0000617489
       -0.0346191401        0.0040621062       -0.0295675213
        0.0000659288       -0.0000541701        0.0000283200
       -0.0584873575        0.0269739437        0.0119626988
        0.0000327487       -0.0000484225        0.0000381188
       -0.0005831025       -0.0006343888        0.0005757838
        0.0000378137        0.0000059362        0.0000024663
        0.0001182951       -0.0001138325       -0.0002845775
       -0.0000117024       -0.0000064038       -0.0000041712
        0.0000357500        0.0001258187       -0.0002642775
       -0.0000047726        0.0000219588       -0.0000137275
        0.0000627837        0.0023139212        0.0008960325
       -0.0068070639       -0.0503295825       -0.0095715338
        0.0008230975        0.0002460825       -0.0006170826
       -0.0019764074       -0.0057095151       -0.0010811651
       -0.0000483013        0.0000306787        0.0000888962
       -0.0043664588        0.1370531051       -0.0081555425
       -0.0001431000       -0.0001097101        0.0000766224
       -0.0015321963       -0.0046090438       -0.0016568851
       -0.0002527913       -0.0001012101       -0.0001384138
       -0.0172598501       -0.0314007675        0.0226498500
       -0.0000198438        0.0000097025       -0.0000332926
        0.0034294712       -0.0159077601        0.0048642187
       -0.0000272725        0.0000474925        0.0000089462
        0.0280601449       -0.0317553663       -0.0073518387
       -0.0000002963       -0.0000509463       -0.0000227113
       -0.0003315238       -0.0001369850        0.0004783961
        0.0000114699       -0.0000221575        0.0000090937
        0.0003540401        0.0003989537       -0.0002753750
       -0.0000265263        0.0000012562       -0.0000196475
        0.0000431663        0.0000684174       -0.0001685525
        0.0000147087       -0.0000364850        0.0000197050
       -0.0051938975       -0.0073720600       -0.0080355601
       -0.0001005276       -0.0079595950       -0.0252642188
       -0.0011131138       -0.0009446862        0.0007011275
        0.0016255738        0.0058560224        0.0033611524
        0.0000482301        0.0000224825       -0.0000392576
       -0.0019342125       -0.0081555425        0.1510019951
        0.0001458325        0.0000766312       -0.0001630613
       -0.0004729188       -0.0024397200       -0.0001922638
        0.0001748600        0.0000266149       -0.0001725650
        0.0230204062        0.0216497163       -0.0445264462
        0.0000101099       -0.0000027638        0.0000069026
       -0.0293962725        0.0058107013       -0.0578459439
        0.0000536750       -0.0000682650       -0.0000414725
        0.0123350687       -0.0075299638       -0.0179724100
        0.0000070712        0.0000569100        0.0000076512
        0.0010624999        0.0010284799       -0.0009395838
       -0.0000335175        0.0000111074       -0.0000013263
       -0.0001076462       -0.0000508587        0.0000729250
        0.0000379450        0.0000109087        0.0000358587
       -0.0001627212       -0.0000521938        0.0000405962
        0.0000055186        0.0000256701       -0.0000340213
       -0.0026435687        0.0049015762        0.0058454150
       -0.0002715725        0.0001316651       -0.0003208813
       -0.0246047825        0.0047672626       -0.0000915625
        0.0000337301        0.0000481537        0.0000014263
       -0.0013233437        0.0061683625        0.0012724100
       -0.0001673100       -0.0001431000        0.0001458325
        0.1526441800        0.0043743875        0.0019462950
       -0.0000215876       -0.0000541412       -0.0000703588
        0.0023516688       -0.0071198688       -0.0027367538
        0.0001061662        0.0001188876       -0.0000617325
       -0.0326880725        0.0171408563       -0.0234524124
        0.0000659175        0.0000541763       -0.0000283225
       -0.0346191287       -0.0040642276        0.0295777625
        0.0000327737        0.0000484187       -0.0000381200
       -0.0584873612       -0.0269659213       -0.0119657312
        0.0000378000       -0.0000059450       -0.0000024937
       -0.0005830837        0.0006343512       -0.0005758437
       -0.0000117049        0.0000064025        0.0000041550
        0.0001183213        0.0001138863        0.0002845513
       -0.0000047712       -0.0000219663        0.0000137275
        0.0000357613       -0.0001258074        0.0002642800
       -0.0000628950        0.0023139062        0.0008960237
       -0.0008230875        0.0002460925       -0.0006171000
        0.0068053137       -0.0503295762       -0.0095715150
        0.0000483026        0.0000306512        0.0000888924
        0.0019764263       -0.0057095026       -0.0010811588
        0.0001430988       -0.0001097101        0.0000766312
        0.0043743875        0.1370531101       -0.0081555488
        0.0002528012       -0.0001012113       -0.0001384201
        0.0015319650       -0.0046090425       -0.0016568850
        0.0000198511        0.0000097038       -0.0000332763
        0.0172619411       -0.0314007675        0.0226498376
        0.0000273000        0.0000474825        0.0000089187
       -0.0034312625       -0.0159077688        0.0048642438
        0.0000003050       -0.0000509475       -0.0000227150
       -0.0280516313       -0.0317553788       -0.0073518388
       -0.0000114475       -0.0000221764        0.0000091099
        0.0003315075       -0.0001369925        0.0004783837
        0.0000265487        0.0000012475       -0.0000196500
       -0.0003540062        0.0003989462       -0.0002753775
       -0.0000147087       -0.0000364838        0.0000196975
       -0.0000431175        0.0000684025       -0.0001685650
        0.0051940375       -0.0073720700       -0.0080355613
        0.0011130837       -0.0009446975        0.0007011050
        0.0000998275       -0.0079595900       -0.0252642175
       -0.0000482287        0.0000224562       -0.0000392701
       -0.0016256224        0.0058560262        0.0033611537
       -0.0001458275        0.0000766224       -0.0001630613
        0.0019462950       -0.0081555488        0.1510020000
       -0.0001748275        0.0000266075       -0.0001725663
        0.0004729363       -0.0024397063       -0.0001922762
       -0.0000101051       -0.0000027574        0.0000069150
       -0.0230153675        0.0216497325       -0.0445264649
       -0.0000536700       -0.0000682662       -0.0000414913
        0.0294061351        0.0058107025       -0.0578459387
       -0.0000070688        0.0000569199        0.0000076363
       -0.0123375587       -0.0075299775       -0.0179724025
        0.0000335225        0.0000110974       -0.0000013188
       -0.0010625025        0.0010284775       -0.0009396000
       -0.0000379325        0.0000109037        0.0000358587
        0.0001076837       -0.0000508600        0.0000729312
       -0.0000055024        0.0000256612       -0.0000340238
        0.0001627500       -0.0000521812        0.0000406062
       -0.0057797975        0.0032286975       -0.0031116025
       -0.0537331201        0.0250528487        0.0111722037
       -0.0006162001       -0.0002598325        0.0012707074
       -0.0041912350        0.0028477999        0.0014660088
        0.0001472400        0.0000060212       -0.0000884150
        0.0023516537       -0.0015321963       -0.0004729188
       -0.0000215876        0.0002528012       -0.0001748275
        0.0606438876       -0.0283873901       -0.0110501101
        0.0003127462        0.0000849100       -0.0000566363
        0.0001409212        0.0002244850        0.0000456288
        0.0002751099       -0.0001867362        0.0002168162
        0.0001466424        0.0003082887        0.0001991925
        0.0000880512       -0.0001246426        0.0000486312
        0.0001891237       -0.0007073250       -0.0002241612
        0.0000403012       -0.0000230850        0.0000792325
        0.0001170037       -0.0000545801       -0.0002224225
        0.0000164062       -0.0000460675        0.0000195575
       -0.0003240925       -0.0006315463        0.0007205449
        0.0000228525       -0.0000177088        0.0000600487
        0.0001785663       -0.0000592838        0.0001727212
       -0.0000042763        0.0000329238       -0.0000729001
        0.0012864325        0.0001143437        0.0016564162
        0.0252407350       -0.0334530925       -0.0075525063
        0.0006236213        0.0002147588       -0.0003949238
       -0.0042907975        0.0027719650        0.0011641487
       -0.0001074387       -0.0000679688        0.0000445949
        0.0071196925       -0.0046090438       -0.0024397200
       -0.0000541412       -0.0001012113        0.0000266075
       -0.0283873901        0.0359497150        0.0079675861
       -0.0000848875       -0.0001692563        0.0000817475
       -0.0000211288        0.0002944888        0.0003076413
       -0.0000853912        0.0000545475       -0.0004264088
       -0.0001454237        0.0002864837       -0.0001133325
       -0.0000216563        0.0000440350        0.0000263625
       -0.0005794263       -0.0015119825       -0.0006624087
       -0.0000413338        0.0000011450       -0.0000600063
        0.0001391012        0.0003128137       -0.0001881187
       -0.0000087525        0.0000274812       -0.0000076488
       -0.0007878774       -0.0002883925        0.0007684625
       -0.0000248087        0.0000184787       -0.0000311100
        0.0002337263        0.0001205712       -0.0001982512
        0.0000054374       -0.0000097900        0.0000298362
       -0.0093785776        0.0049036949       -0.0017425513
        0.0131635600       -0.0079201801       -0.0192598063
       -0.0007463838        0.0002974313        0.0008261074
        0.0052134000       -0.0034569752       -0.0010210164
        0.0000509425       -0.0000276601       -0.0000294413
        0.0027366725       -0.0016568851       -0.0001922638
       -0.0000703588       -0.0001384201       -0.0001725663
       -0.0110501101        0.0079675861        0.0223713026
        0.0000566725        0.0000817737       -0.0000854650
       -0.0001885663        0.0000133588        0.0001127150
       -0.0000421976       -0.0002583688       -0.0004622800
        0.0000318512        0.0001286374        0.0000362487
        0.0000276999        0.0000013399        0.0000426862
       -0.0002228013       -0.0006720025       -0.0000482725
        0.0000042761        0.0000210499        0.0000309362
       -0.0002343075        0.0000872324        0.0002682236
        0.0000063375       -0.0000261538        0.0000159012
        0.0007878087        0.0007317237       -0.0007574913
        0.0000359262        0.0000222624        0.0000199687
       -0.0002012462       -0.0001052026        0.0000926575
        0.0000164924        0.0000048587       -0.0000455088
       -0.0057797938       -0.0032286474        0.0031114450
       -0.0006161950        0.0002598588       -0.0012707287
       -0.0537331025       -0.0250441950       -0.0111751725
        0.0001472576       -0.0000060250        0.0000884475
       -0.0041912474       -0.0028479037       -0.0014659513
       -0.0000215800       -0.0002527913        0.0001748600
        0.0023516688        0.0015319650        0.0004729363
        0.0003127462       -0.0000848875        0.0000566725
        0.0606438650        0.0283956800        0.0110476488
        0.0002751337        0.0001867501       -0.0002167762
        0.0001409087       -0.0002244450       -0.0000455900
        0.0000880662        0.0001246588       -0.0000486125
        0.0001466463       -0.0003082338       -0.0001991724
        0.0000403012        0.0000230900       -0.0000792075
        0.0001891237        0.0007073137        0.0002241838
        0.0000164263        0.0000460849       -0.0000195526
        0.0001170226        0.0000546012        0.0002224288
        0.0000228501        0.0000177288       -0.0000600462
       -0.0003240724        0.0006315388       -0.0007205600
       -0.0000042662       -0.0000329013        0.0000729125
        0.0001785800        0.0000593125       -0.0001727212
       -0.0012865425        0.0001143399        0.0016564212
       -0.0006236326        0.0002147763       -0.0003949263
       -0.0252327100       -0.0334530925       -0.0075524951
        0.0001074537       -0.0000679889        0.0000445900
        0.0042905501        0.0027719900        0.0011641624
        0.0000541487       -0.0001012101        0.0000266149
       -0.0071198688       -0.0046090425       -0.0024397063
        0.0000849100       -0.0001692563        0.0000817737
        0.0283956800        0.0359497176        0.0079675562
        0.0000854050        0.0000545350       -0.0004264012
        0.0000211200        0.0002944850        0.0003076175
        0.0000216924        0.0000440425        0.0000263462
        0.0001454425        0.0002864761       -0.0001133138
        0.0000413599        0.0000011362       -0.0000600225
        0.0005794224       -0.0015119726       -0.0006624087
        0.0000087650        0.0000274837       -0.0000076414
       -0.0001390526        0.0003128037       -0.0001881401
        0.0000248401        0.0000184949       -0.0000311013
        0.0007878862       -0.0002883826        0.0007684662
       -0.0000054363       -0.0000097851        0.0000298337
       -0.0002336963        0.0001205700       -0.0001982538
        0.0093786162        0.0049037001       -0.0017425600
        0.0007463825        0.0002974063        0.0008260787
       -0.0131670487       -0.0079201925       -0.0192598062
       -0.0000509262       -0.0000276901       -0.0000294676
       -0.0052133824       -0.0034569700       -0.0010210175
        0.0000703462       -0.0001384138       -0.0001725650
       -0.0027367538       -0.0016568850       -0.0001922762
       -0.0000566363        0.0000817475       -0.0000854650
        0.0110476488        0.0079675562        0.0223713225
        0.0000421900       -0.0002583812       -0.0004622950
        0.0001885500        0.0000133475        0.0001126913
       -0.0000276900        0.0000013437        0.0000426712
       -0.0000318400        0.0001286249        0.0000362537
       -0.0000042650        0.0000210537        0.0000309075
        0.0002227949       -0.0006720163       -0.0000482762
       -0.0000063350       -0.0000261750        0.0000158975
        0.0002343112        0.0000872275        0.0002682000
       -0.0000359099        0.0000222550        0.0000199650
       -0.0007878075        0.0007317112       -0.0007575025
       -0.0000164913        0.0000048399       -0.0000455150
        0.0002013024       -0.0001052113        0.0000926524
        0.0000758150        0.0003033325       -0.0000884763
       -0.0014251887       -0.0008462838        0.0017903562
       -0.0002469363       -0.0001679963        0.0000838237
        0.0000865501       -0.0005370426       -0.0004352288
        0.0000348125       -0.0000173738       -0.0000552038
       -0.0326880713       -0.0172598501        0.0230204062
        0.0001061662        0.0000198511       -0.0000101051
        0.0001409212       -0.0000211288       -0.0001885663
        0.0002751337        0.0000854050        0.0000421900
        0.0339883751        0.0195454013       -0.0261207250
       -0.0000205201        0.0000229763       -0.0000057525
        0.0031977737        0.0028525888       -0.0033417864
       -0.0000014450       -0.0000040976       -0.0000070888
       -0.0036646750       -0.0039759888        0.0051045888
       -0.0000071189        0.0000389124        0.0000153263
       -0.0000031400       -0.0001549400        0.0001614024
       -0.0000373601        0.0000240649       -0.0000183463
        0.0001458063        0.0000563124       -0.0000580663
        0.0000191525        0.0000129874        0.0000246300
        0.0000307275        0.0000120649        0.0000884050
       -0.0000068076        0.0000129650        0.0000034900
        0.0004874175        0.0007221763       -0.0001693787
       -0.0045354800       -0.0037924612        0.0071329350
       -0.0004399774       -0.0001707712        0.0000619438
       -0.0001445999       -0.0014850762       -0.0012108987
        0.0000739338        0.0000838438       -0.0000547649
       -0.0171385412       -0.0314007675        0.0216497163
        0.0001188876        0.0000097038       -0.0000027574
        0.0002244850        0.0002944888        0.0000133588
        0.0001867501        0.0000545350       -0.0002583812
        0.0195454013        0.0335289049       -0.0245451162
       -0.0000230150        0.0000011364       -0.0000003399
       -0.0002298387       -0.0004934074        0.0005473938
       -0.0000037349       -0.0000012700       -0.0000123587
        0.0022377188        0.0027880738       -0.0034829824
        0.0000021513        0.0000473950        0.0000281513
       -0.0004189799       -0.0002885037        0.0003395938
       -0.0000047225       -0.0000059249       -0.0000031187
       -0.0000591186        0.0000522513       -0.0000107237
        0.0000381239       -0.0000157337        0.0000334713
        0.0000942626        0.0000659850       -0.0000424437
       -0.0000090537        0.0000053876       -0.0000087337
        0.0002607813        0.0003568063        0.0004768300
       -0.0021528975       -0.0018082749        0.0024759837
        0.0001524650       -0.0001250812       -0.0003023263
       -0.0002246999       -0.0005316550       -0.0002505075
        0.0000041463        0.0000073300        0.0000132100
        0.0234574176        0.0226498500       -0.0445264462
       -0.0000617325       -0.0000332763        0.0000069150
        0.0000456288        0.0003076413        0.0001127150
       -0.0002167762       -0.0004264012       -0.0004622950
       -0.0261207250       -0.0245451162        0.0483784125
        0.0000057625       -0.0000003300       -0.0000030649
        0.0040566837        0.0036113863       -0.0048668888
       -0.0000036912        0.0000077562        0.0000102525
        0.0008705700        0.0007444375       -0.0012915899
        0.0000036987       -0.0000184775       -0.0000097675
       -0.0000813775       -0.0001299288        0.0001545525
       -0.0000038788        0.0000063176        0.0000010775
       -0.0000208261       -0.0000096875       -0.0000202725
       -0.0000048737        0.0000072588        0.0000012776
        0.0000381813       -0.0000561526        0.0000929275
        0.0000014325       -0.0000092324        0.0000092587
        0.0000758000       -0.0003033200        0.0000884349
       -0.0002469325        0.0001680187       -0.0000838201
       -0.0014251863        0.0008462712       -0.0017904125
        0.0000348050        0.0000173637        0.0000552124
        0.0000865226        0.0005370000        0.0004352187
        0.0001061462       -0.0000198438        0.0000101099
       -0.0326880725        0.0172619411       -0.0230153675
        0.0002751099       -0.0000853912       -0.0000421976
        0.0001409087        0.0000211200        0.0001885500
       -0.0000205201       -0.0000230150        0.0000057625
        0.0339883876       -0.0195431338        0.0261258138
       -0.0000014651        0.0000041062        0.0000070862
        0.0031977737       -0.0028526338        0.0033415888
       -0.0000071139       -0.0000389200       -0.0000153187
       -0.0036646826        0.0039758125       -0.0051045526
       -0.0000373650       -0.0000240663        0.0000183274
       -0.0000031375        0.0001549150       -0.0001614338
        0.0000191338       -0.0000129914       -0.0000246462
        0.0001458125       -0.0000563088        0.0000580400
       -0.0000068263       -0.0000129826       -0.0000035075
        0.0000307199       -0.0000120775       -0.0000884076
       -0.0004874437        0.0007221825       -0.0001693862
        0.0004399725       -0.0001707762        0.0000619438
        0.0045355237       -0.0037924812        0.0071329437
       -0.0000739425        0.0000838137       -0.0000547675
        0.0001445839       -0.0014850500       -0.0012108863
       -0.0001189262        0.0000097025       -0.0000027638
        0.0171408563       -0.0314007675        0.0216497325
       -0.0001867362        0.0000545475       -0.0002583688
       -0.0002244450        0.0002944850        0.0000133475
        0.0000229763        0.0000011364       -0.0000003300
       -0.0195431338        0.0335289025       -0.0245451100
        0.0000037375       -0.0000012700       -0.0000123775
        0.0002298763       -0.0004934025        0.0005474163
       -0.0000021488        0.0000474038        0.0000281475
       -0.0022378163        0.0027880738       -0.0034829700
        0.0000047075       -0.0000059288       -0.0000031125
        0.0004189825       -0.0002884925        0.0003395937
       -0.0000381250       -0.0000157299        0.0000334750
        0.0000591250        0.0000522525       -0.0000107075
        0.0000090463        0.0000053850       -0.0000087275
       -0.0000942563        0.0000659850       -0.0000424388
       -0.0002607262        0.0003567951        0.0004768063
       -0.0001524787       -0.0001250886       -0.0003023475
        0.0021528176       -0.0018082849        0.0024759988
       -0.0000041312        0.0000072850        0.0000131887
        0.0002247076       -0.0005316488       -0.0002504937
        0.0000617489       -0.0000332926        0.0000069026
       -0.0234524124        0.0226498376       -0.0445264649
        0.0002168162       -0.0004264088       -0.0004622800
       -0.0000455900        0.0003076175        0.0001126913
       -0.0000057525       -0.0000003399       -0.0000030649
        0.0261258138       -0.0245451100        0.0483784349
        0.0000037225        0.0000077601        0.0000102275
       -0.0040568862        0.0036113750       -0.0048668749
       -0.0000036813       -0.0000184937       -0.0000097874
       -0.0008704825        0.0007444238       -0.0012915850
        0.0000039063        0.0000063088        0.0000010550
        0.0000813912       -0.0001299249        0.0001545238
        0.0000049126        0.0000072501        0.0000012675
        0.0000208488       -0.0000096924       -0.0000202875
       -0.0000013987       -0.0000092325        0.0000092401
       -0.0000381588       -0.0000561675        0.0000929212
        0.0000859200       -0.0006629401       -0.0006649500
       -0.0014300663        0.0012180150       -0.0013744713
       -0.0002155275       -0.0001177925        0.0002249524
       -0.0000500075        0.0001519012       -0.0000891688
        0.0000199876        0.0000149975       -0.0000154713
       -0.0346191401        0.0034294712       -0.0293962725
        0.0000659175        0.0000273000       -0.0000536700
        0.0001466424       -0.0001454237        0.0000318512
        0.0000880662        0.0000216924       -0.0000276900
        0.0031977737       -0.0002298387        0.0040566837
       -0.0000014651        0.0000037375        0.0000037225
        0.0363913325       -0.0039954238        0.0333002850
        0.0000116226       -0.0000212438       -0.0000158400
       -0.0037818651        0.0004809750       -0.0061822362
       -0.0000087201        0.0000166087        0.0000065550
        0.0000474762       -0.0000055451        0.0000812212
       -0.0000061525       -0.0000085563        0.0000066462
        0.0000172388       -0.0000213138       -0.0000217750
        0.0000053137       -0.0000044175        0.0000111650
        0.0000355213       -0.0001564363        0.0001431275
        0.0000002012        0.0000026063       -0.0000153138
       -0.0010846838       -0.0015176500       -0.0018759275
       -0.0042149838        0.0025290463       -0.0060822225
       -0.0004268863       -0.0002010587        0.0003844775
        0.0000607751        0.0002604675        0.0001223375
        0.0000489175       -0.0000315850       -0.0000488313
        0.0040621062       -0.0159077601        0.0058107013
        0.0000541763        0.0000474825       -0.0000682662
        0.0003082887        0.0002864837        0.0001286374
        0.0001246588        0.0000440425        0.0000013437
        0.0028525888       -0.0004934074        0.0036113863
        0.0000041062       -0.0000012700        0.0000077601
       -0.0039954238        0.0155364900       -0.0061260825
        0.0000212651       -0.0000292287       -0.0000148125
        0.0022541650       -0.0004763088        0.0040868426
       -0.0000038913        0.0000189362        0.0000100238
        0.0000982125        0.0000508462       -0.0000146225
       -0.0000152863        0.0000217825       -0.0000073037
       -0.0000143612       -0.0000226213        0.0000133162
        0.0000111425        0.0000047550        0.0000163762
       -0.0001384162       -0.0001451176        0.0000564813
       -0.0000083300        0.0000257050       -0.0000161913
       -0.0003508800       -0.0009467588       -0.0006198863
       -0.0014076826        0.0016432988       -0.0024666426
       -0.0001555713        0.0000072362        0.0003546850
        0.0000366800        0.0001764862       -0.0001197538
        0.0000033675       -0.0000133675       -0.0000005651
       -0.0295675213        0.0048642187       -0.0578459439
       -0.0000283225        0.0000089187       -0.0000414913
        0.0001991925       -0.0001133325        0.0000362487
       -0.0000486125        0.0000263462        0.0000426712
       -0.0033417864        0.0005473938       -0.0048668888
        0.0000070862       -0.0000123775        0.0000102275
        0.0333002850       -0.0061260825        0.0629166776
        0.0000158425       -0.0000148439       -0.0000139126
        0.0011623374       -0.0000061663        0.0023036787
        0.0000049874       -0.0000164513       -0.0000036438
        0.0000508762       -0.0000547514        0.0000684837
        0.0000130987       -0.0000063876        0.0000110749
        0.0000293287       -0.0000059325        0.0000177012
       -0.0000110688       -0.0000023988       -0.0000076638
        0.0000977325        0.0000337024        0.0002464250
        0.0000002599        0.0000068800       -0.0000215589
        0.0000859212        0.0006629625        0.0006649076
       -0.0002155262        0.0001177975       -0.0002249363
       -0.0014300612       -0.0012180299        0.0013744775
        0.0000199838       -0.0000149837        0.0000154850
       -0.0000500024       -0.0001518750        0.0000892000
        0.0000659288       -0.0000272725        0.0000536750
       -0.0346191287       -0.0034312625        0.0294061351
        0.0000880512       -0.0000216563        0.0000276999
        0.0001466463        0.0001454425       -0.0000318400
       -0.0000014450       -0.0000037349       -0.0000036912
        0.0031977737        0.0002298763       -0.0040568862
        0.0000116226        0.0000212651        0.0000158425
        0.0363913225        0.0039937037       -0.0332903700
       -0.0000087088       -0.0000166088       -0.0000065413
       -0.0037818663       -0.0004809862        0.0061821287
       -0.0000061562        0.0000085775       -0.0000066600
        0.0000474738        0.0000055375       -0.0000812337
        0.0000053126        0.0000044312       -0.0000111562
        0.0000172700        0.0000213313        0.0000217863
        0.0000002001       -0.0000025863        0.0000153350
        0.0000355275        0.0001564513       -0.0001431287
        0.0010846812       -0.0015176551       -0.0018759287
        0.0004268674       -0.0002010463        0.0003844674
        0.0042148950        0.0025290350       -0.0060822238
       -0.0000489238       -0.0000316138       -0.0000488413
       -0.0000607162        0.0002604787        0.0001223336
       -0.0000541701        0.0000474925       -0.0000682650
       -0.0040642276       -0.0159077688        0.0058107025
       -0.0001246426        0.0000440350        0.0000013399
       -0.0003082338        0.0002864761        0.0001286249
       -0.0000040976       -0.0000012700        0.0000077562
       -0.0028526338       -0.0004934025        0.0036113750
       -0.0000212438       -0.0000292287       -0.0000148439
        0.0039937037        0.0155365001       -0.0061260663
        0.0000038937        0.0000189287        0.0000100125
       -0.0022541088       -0.0004763413        0.0040868387
        0.0000153049        0.0000217648       -0.0000073001
       -0.0000981851        0.0000508487       -0.0000146488
       -0.0000111337        0.0000047550        0.0000163700
        0.0000143862       -0.0000226163        0.0000133137
        0.0000083375        0.0000257062       -0.0000161987
        0.0001384362       -0.0001451087        0.0000564749
        0.0003508675       -0.0009467538       -0.0006198776
        0.0001555613        0.0000072475        0.0003546900
        0.0014076950        0.0016433012       -0.0024666288
       -0.0000033712       -0.0000133738       -0.0000005588
       -0.0000366837        0.0001765312       -0.0001197338
        0.0000283200        0.0000089462       -0.0000414725
        0.0295777625        0.0048642438       -0.0578459387
        0.0000486312        0.0000263625        0.0000426862
       -0.0001991724       -0.0001133138        0.0000362537
       -0.0000070888       -0.0000123587        0.0000102525
        0.0033415888        0.0005474163       -0.0048668749
       -0.0000158400       -0.0000148125       -0.0000139126
       -0.0332903700       -0.0061260663        0.0629166425
       -0.0000049825       -0.0000164438       -0.0000036400
       -0.0011624451       -0.0000061737        0.0023037001
       -0.0000130888       -0.0000063713        0.0000110962
       -0.0000508612       -0.0000547350        0.0000684900
        0.0000110776       -0.0000023850       -0.0000076425
       -0.0000293175       -0.0000059200        0.0000177225
       -0.0000002562        0.0000069012       -0.0000215574
       -0.0000977313        0.0000337126        0.0002464350
        0.0004593274       -0.0000204250        0.0004313999
        0.0016853924       -0.0013947263       -0.0007791964
       -0.0000934513       -0.0000327113       -0.0000384251
        0.0002221888       -0.0000253713       -0.0000575638
        0.0000013788        0.0000576137        0.0000026674
       -0.0584873575        0.0280601449        0.0123350687
        0.0000327737        0.0000003050       -0.0000070688
        0.0001891237       -0.0005794263       -0.0002228013
        0.0000403012        0.0000413599       -0.0000042650
       -0.0036646750        0.0022377188        0.0008705700
       -0.0000071139       -0.0000021488       -0.0000036813
       -0.0037818651        0.0022541650        0.0011623374
       -0.0000087088        0.0000038937       -0.0000049825
        0.0632179476       -0.0305698726       -0.0136336975
        0.0000033500        0.0000099688        0.0000066925
        0.0000764712        0.0000097349       -0.0000311938
        0.0000058975       -0.0000201613        0.0000045350
        0.0001005563       -0.0000153100       -0.0000668550
        0.0000110950       -0.0000086975        0.0000037249
       -0.0000048125        0.0000131475        0.0000299550
        0.0000023500       -0.0000107600        0.0000005436
       -0.0002578188        0.0008325299        0.0003813000
        0.0080835725       -0.0051098149       -0.0018290476
       -0.0000435499       -0.0000262337        0.0000553925
        0.0004096663        0.0004174549       -0.0000618426
        0.0000067875        0.0000042424       -0.0000070450
        0.0269739437       -0.0317553663       -0.0075299638
        0.0000484187       -0.0000509475        0.0000569199
       -0.0007073250       -0.0015119825       -0.0006720025
        0.0000230900        0.0000011362        0.0000210537
       -0.0039759888        0.0027880738        0.0007444375
       -0.0000389200        0.0000474038       -0.0000184937
        0.0004809750       -0.0004763088       -0.0000061663
       -0.0000166088        0.0000189287       -0.0000164438
       -0.0305698726        0.0347013275        0.0087689737
       -0.0000099526        0.0000087287       -0.0000162088
       -0.0000784438        0.0001477487        0.0000039074
       -0.0000009850        0.0000122600       -0.0000033863
       -0.0002984000       -0.0000310688        0.0001230387
        0.0000016099       -0.0000010150       -0.0000036587
       -0.0000184463       -0.0000191176        0.0000105425
       -0.0000034788        0.0000020862       -0.0000020788
        0.0000902426        0.0003684151        0.0003358488
        0.0030034213       -0.0020353974       -0.0008737000
        0.0002193538        0.0000240988       -0.0001376225
       -0.0000329824        0.0002781250        0.0000116562
       -0.0000143186       -0.0000696262       -0.0000066038
        0.0119626988       -0.0073518387       -0.0179724100
       -0.0000381200       -0.0000227150        0.0000076363
       -0.0002241612       -0.0006624087       -0.0000482725
       -0.0000792075       -0.0000600225        0.0000309075
        0.0051045888       -0.0034829824       -0.0012915899
       -0.0000153187        0.0000281475       -0.0000097874
       -0.0061822362        0.0040868426        0.0023036787
       -0.0000065413        0.0000100125       -0.0000036400
       -0.0136336975        0.0087689737        0.0175837999
       -0.0000066738       -0.0000162200       -0.0000156225
       -0.0000163499        0.0000238137       -0.0000341838
       -0.0000046913        0.0000323850       -0.0000223875
       -0.0000767012        0.0000454212        0.0001354775
       -0.0000135187        0.0000097526       -0.0000116237
       -0.0000322325        0.0000122387        0.0000067313
       -0.0000061063        0.0000120701        0.0000117175
        0.0004593087        0.0000204450       -0.0004313625
       -0.0000934588        0.0000327200        0.0000384449
        0.0016853799        0.0013944500        0.0007791112
        0.0000013763       -0.0000576013       -0.0000026476
        0.0002221588        0.0000253900        0.0000575924
        0.0000327487       -0.0000002963        0.0000070712
       -0.0584873612       -0.0280516313       -0.0123375587
        0.0000403012       -0.0000413338        0.0000042761
        0.0001891237        0.0005794224        0.0002227949
       -0.0000071189        0.0000021513        0.0000036987
       -0.0036646826       -0.0022378163       -0.0008704825
       -0.0000087201       -0.0000038913        0.0000049874
       -0.0037818663       -0.0022541088       -0.0011624451
        0.0000033500       -0.0000099526       -0.0000066738
        0.0632179601        0.0305780024        0.0136314650
        0.0000058874        0.0000201561       -0.0000045538
        0.0000764662       -0.0000097325        0.0000311849
        0.0000110700        0.0000086987       -0.0000037200
        0.0001005638        0.0000153337        0.0000668599
        0.0000023450        0.0000107624       -0.0000005326
       -0.0000048138       -0.0000131400       -0.0000299426
        0.0002578275        0.0008325350        0.0003812912
        0.0000435487       -0.0000262325        0.0000553924
       -0.0080838025       -0.0051098338       -0.0018290463
       -0.0000067875        0.0000042237       -0.0000070587
       -0.0004096900        0.0004174713       -0.0000618488
       -0.0000484225       -0.0000509463        0.0000569100
       -0.0269659213       -0.0317553788       -0.0075299775
       -0.0000230850        0.0000011450        0.0000210499
        0.0007073137       -0.0015119726       -0.0006720163
        0.0000389124        0.0000473950       -0.0000184775
        0.0039758125        0.0027880738        0.0007444238
        0.0000166087        0.0000189362       -0.0000164513
       -0.0004809862       -0.0004763413       -0.0000061737
        0.0000099688        0.0000087287       -0.0000162200
        0.0305780024        0.0347013325        0.0087689800
        0.0000009850        0.0000122500       -0.0000033751
        0.0000784387        0.0001477625        0.0000038963
       -0.0000015950       -0.0000010025       -0.0000036751
        0.0002984175       -0.0000310676        0.0001230288
        0.0000034925        0.0000020787       -0.0000020938
        0.0000184575       -0.0000191062        0.0000105375
       -0.0000902513        0.0003684362        0.0003358500
       -0.0002193638        0.0000241325       -0.0001376100
       -0.0030035149       -0.0020353863       -0.0008736813
        0.0000143363       -0.0000696275       -0.0000066100
        0.0000330013        0.0002781513        0.0000116762
        0.0000381188       -0.0000227113        0.0000076512
       -0.0119657312       -0.0073518388       -0.0179724025
        0.0000792325       -0.0000600063        0.0000309362
        0.0002241838       -0.0006624087       -0.0000482762
        0.0000153263        0.0000281513       -0.0000097675
       -0.0051045526       -0.0034829700       -0.0012915850
        0.0000065550        0.0000100238       -0.0000036438
        0.0061821287        0.0040868387        0.0023037001
        0.0000066925       -0.0000162088       -0.0000156225
        0.0136314650        0.0087689800        0.0175837775
        0.0000047000        0.0000324037       -0.0000223688
        0.0000163637        0.0000238163       -0.0000341825
        0.0000135338        0.0000097612       -0.0000116250
        0.0000767226        0.0000454276        0.0001354925
        0.0000061275        0.0000120649        0.0000117275
        0.0000322450        0.0000122525        0.0000067438
        0.0001980199        0.0004963025       -0.0001926150
       -0.0014132238       -0.0052859800       -0.0027067301
       -0.0000289550       -0.0000238987       -0.0000270600
       -0.0180182174       -0.0130983301       -0.0051335925
        0.0000097075        0.0000116474        0.0000012650
       -0.0005831025       -0.0003315238        0.0010624999
        0.0000378000       -0.0000114475        0.0000335225
        0.0001170037        0.0001391012       -0.0002343075
        0.0000164263        0.0000087650       -0.0000063350
       -0.0000031400       -0.0004189799       -0.0000813775
       -0.0000373650        0.0000047075        0.0000039063
        0.0000474762        0.0000982125        0.0000508762
       -0.0000061562        0.0000153049       -0.0000130888
        0.0000764712       -0.0000784438       -0.0000163499
        0.0000058874        0.0000009850        0.0000047000
        0.0183261325        0.0154420849        0.0056115850
       -0.0000070488        0.0000060925       -0.0000028288
        0.0023152863        0.0069669975        0.0029819449
        0.0000008701       -0.0000001913       -0.0000009237
       -0.0010503100       -0.0039422012       -0.0013366287
       -0.0000035950       -0.0000026024        0.0000010412
        0.0003146361        0.0005919662       -0.0000329963
       -0.0007487201       -0.0043047150       -0.0025215801
       -0.0000218488       -0.0000258175        0.0000204424
       -0.0134299388       -0.0676772576       -0.0213644963
       -0.0000035913       -0.0000019601        0.0000018249
       -0.0006343888       -0.0001369850        0.0010284799
       -0.0000059450       -0.0000221764        0.0000110974
       -0.0000545801        0.0003128137        0.0000872324
        0.0000460849        0.0000274837       -0.0000261750
       -0.0001549400       -0.0002885037       -0.0001299288
       -0.0000240663       -0.0000059288        0.0000063088
       -0.0000055451        0.0000508462       -0.0000547514
        0.0000085775        0.0000217648       -0.0000063713
        0.0000097349        0.0001477487        0.0000238137
        0.0000201561        0.0000122500        0.0000324037
        0.0154420849        0.0734758876        0.0242355612
       -0.0000060913        0.0000123387       -0.0000042376
       -0.0010136988       -0.0038891763       -0.0016240875
        0.0000105963        0.0000001824        0.0000111237
        0.0002470124        0.0016992562        0.0003050850
        0.0000015624       -0.0000000301        0.0000031511
       -0.0000543463       -0.0002231600        0.0006263225
        0.0012664700        0.0061126225        0.0023306686
        0.0000908700       -0.0000027975       -0.0000311113
       -0.0057311438       -0.0225649863       -0.0237513576
       -0.0000158862        0.0000032037        0.0000202400
        0.0005757838        0.0004783961       -0.0009395838
       -0.0000024937        0.0000091099       -0.0000013188
       -0.0002224225       -0.0001881187        0.0002682236
       -0.0000195526       -0.0000076414        0.0000158975
        0.0001614024        0.0003395938        0.0001545525
        0.0000183274       -0.0000031125        0.0000010550
        0.0000812212       -0.0000146225        0.0000684837
       -0.0000066600       -0.0000073001        0.0000110962
       -0.0000311938        0.0000039074       -0.0000341838
       -0.0000045538       -0.0000033751       -0.0000223688
        0.0056115850        0.0242355612        0.0244340126
        0.0000028137       -0.0000042238       -0.0000003038
       -0.0002906300       -0.0010653888       -0.0005986976
       -0.0000013138        0.0000007449       -0.0000046276
       -0.0014324863       -0.0070927226       -0.0025569838
        0.0000036299       -0.0000046425        0.0000098387
        0.0001980113       -0.0004962888        0.0001925812
       -0.0000289688        0.0000239037        0.0000270725
       -0.0014132188        0.0052860225        0.0027066462
        0.0000097188       -0.0000116489       -0.0000012451
       -0.0180182337        0.0130947900        0.0051330112
        0.0000378137        0.0000114699       -0.0000335175
       -0.0005830837        0.0003315075       -0.0010625025
        0.0000164062       -0.0000087525        0.0000063375
        0.0001170226       -0.0001390526        0.0002343112
       -0.0000373601       -0.0000047225       -0.0000038788
       -0.0000031375        0.0004189825        0.0000813912
       -0.0000061525       -0.0000152863        0.0000130987
        0.0000474738       -0.0000981851       -0.0000508612
        0.0000058975       -0.0000009850       -0.0000046913
        0.0000764662        0.0000784387        0.0000163637
       -0.0000070488       -0.0000060913        0.0000028137
        0.0183261275       -0.0154447175       -0.0056119588
        0.0000008625        0.0000002012        0.0000009212
        0.0023153000       -0.0069671413       -0.0029820188
       -0.0000035813        0.0000026088       -0.0000010387
       -0.0010503200        0.0039421087        0.0013366874
       -0.0003146501        0.0005919700       -0.0000329912
        0.0000218275       -0.0000258125        0.0000204237
        0.0007487112       -0.0043047187       -0.0025215675
        0.0000035826       -0.0000019901        0.0000018125
        0.0134271188       -0.0676772425       -0.0213644901
        0.0000059362       -0.0000221575        0.0000111074
        0.0006343512       -0.0001369925        0.0010284775
       -0.0000460675        0.0000274812       -0.0000261538
        0.0000546012        0.0003128037        0.0000872275
        0.0000240649       -0.0000059249        0.0000063176
        0.0001549150       -0.0002884925       -0.0001299249
       -0.0000085563        0.0000217825       -0.0000063876
        0.0000055375        0.0000508487       -0.0000547350
       -0.0000201613        0.0000122600        0.0000323850
       -0.0000097325        0.0001477625        0.0000238163
        0.0000060925        0.0000123387       -0.0000042238
       -0.0154447175        0.0734758825        0.0242355462
       -0.0000106112        0.0000001787        0.0000111162
        0.0010136051       -0.0038891750       -0.0016240900
       -0.0000015587       -0.0000000088        0.0000031463
       -0.0002470138        0.0016992662        0.0003050950
        0.0000543387       -0.0002231863        0.0006263188
       -0.0000909026       -0.0000027988       -0.0000311250
       -0.0012665526        0.0061126200        0.0023306649
        0.0000158538        0.0000031800        0.0000202275
        0.0057306788       -0.0225649850       -0.0237513501
        0.0000024663        0.0000090937       -0.0000013263
       -0.0005758437        0.0004783837       -0.0009396000
        0.0000195575       -0.0000076488        0.0000159012
        0.0002224288       -0.0001881401        0.0002682000
       -0.0000183463       -0.0000031187        0.0000010775
       -0.0001614338        0.0003395937        0.0001545238
        0.0000066462       -0.0000073037        0.0000110749
       -0.0000812337       -0.0000146488        0.0000684900
        0.0000045350       -0.0000033863       -0.0000223875
        0.0000311849        0.0000038963       -0.0000341825
       -0.0000028288       -0.0000042376       -0.0000003038
       -0.0056119588        0.0242355462        0.0244340301
        0.0000012837        0.0000007412       -0.0000046425
        0.0002906363       -0.0010653976       -0.0005987088
       -0.0000036500       -0.0000046613        0.0000098287
        0.0014324662       -0.0070927362       -0.0025569963
        0.0006138413       -0.0000998262       -0.0003039987
       -0.0054732512        0.0033816850        0.0007368538
        0.0000434925       -0.0000127637        0.0000056762
       -0.0605226511        0.0273661812        0.0090060113
       -0.0000011111        0.0000136588        0.0000127888
        0.0001182951        0.0003540401       -0.0001076462
       -0.0000117049        0.0000265487       -0.0000379325
       -0.0003240925       -0.0007878774        0.0007878087
        0.0000228501        0.0000248401       -0.0000359099
        0.0001458063       -0.0000591186       -0.0000208261
        0.0000191338       -0.0000381250        0.0000049126
        0.0000172388       -0.0000143612        0.0000293287
        0.0000053126       -0.0000111337        0.0000110776
        0.0001005563       -0.0002984000       -0.0000767012
        0.0000110700       -0.0000015950        0.0000135338
        0.0023152863       -0.0010136988       -0.0002906300
        0.0000008625       -0.0000106112        0.0000012837
        0.0662364549       -0.0307123487       -0.0104011112
        0.0000035089       -0.0000010637        0.0000071238
       -0.0033236274        0.0019064463        0.0006500788
        0.0000027212       -0.0000045337        0.0000043763
        0.0000616412        0.0001391849       -0.0004745763
       -0.0042803138        0.0024630863        0.0008546824
       -0.0000998701       -0.0000214825       -0.0000120600
        0.0282487150       -0.0316608888       -0.0055834300
        0.0000337351        0.0000189912       -0.0000107538
       -0.0001138325        0.0003989537       -0.0000508587
        0.0000064025        0.0000012475        0.0000109037
       -0.0006315463       -0.0002883925        0.0007317237
        0.0000177288        0.0000184949        0.0000222550
        0.0000563124        0.0000522513       -0.0000096875
       -0.0000129914       -0.0000157299        0.0000072501
       -0.0000213138       -0.0000226213       -0.0000059325
        0.0000044312        0.0000047550       -0.0000023850
       -0.0000153100       -0.0000310688        0.0000454212
        0.0000086987       -0.0000010025        0.0000097612
        0.0069669975       -0.0038891763       -0.0010653888
        0.0000002012        0.0000001787        0.0000007412
       -0.0307123487        0.0333534825        0.0055350174
        0.0000010712       -0.0000077325        0.0000006112
        0.0004969163       -0.0005140475        0.0000021112
       -0.0000074613        0.0000016213       -0.0000064551
       -0.0002607037       -0.0001416900        0.0006305125
        0.0058711387       -0.0034578300       -0.0012213826
        0.0000835500       -0.0000106000       -0.0000797763
        0.0083026100       -0.0051160101       -0.0160823838
       -0.0000260462       -0.0000093538        0.0000121437
       -0.0002845775       -0.0002753750        0.0000729250
        0.0000041550       -0.0000196500        0.0000358587
        0.0007205449        0.0007684625       -0.0007574913
       -0.0000600462       -0.0000311013        0.0000199650
       -0.0000580663       -0.0000107237       -0.0000202725
       -0.0000246462        0.0000334750        0.0000012675
       -0.0000217750        0.0000133162        0.0000177012
       -0.0000111562        0.0000163700       -0.0000076425
       -0.0000668550        0.0001230387        0.0001354775
       -0.0000037200       -0.0000036751       -0.0000116250
        0.0029819449       -0.0016240875       -0.0005986976
        0.0000009212        0.0000111162       -0.0000046425
       -0.0104011112        0.0055350174        0.0160011825
       -0.0000071162        0.0000006037       -0.0000169150
       -0.0067415937        0.0042003413        0.0018628312
       -0.0000016038       -0.0000029787        0.0000108224
        0.0006138500        0.0000998537        0.0003039487
        0.0000434850        0.0000127788       -0.0000056763
       -0.0054732425       -0.0033818124       -0.0007368663
       -0.0000010912       -0.0000136413       -0.0000127626
       -0.0605226512       -0.0273580537       -0.0090098925
       -0.0000117024       -0.0000265263        0.0000379450
        0.0001183213       -0.0003540062        0.0001076837
        0.0000228525       -0.0000248087        0.0000359262
       -0.0003240724        0.0007878862       -0.0007878075
        0.0000191525        0.0000381239       -0.0000048737
        0.0001458125        0.0000591250        0.0000208488
        0.0000053137        0.0000111425       -0.0000110688
        0.0000172700        0.0000143862       -0.0000293175
        0.0000110950        0.0000016099       -0.0000135187
        0.0001005638        0.0002984175        0.0000767226
        0.0000008701        0.0000105963       -0.0000013138
        0.0023153000        0.0010136051        0.0002906363
        0.0000035089        0.0000010712       -0.0000071162
        0.0662364275        0.0307201075        0.0103974887
        0.0000027376        0.0000045425       -0.0000043637
       -0.0033236288       -0.0019063950       -0.0006501362
       -0.0000616225        0.0001391762       -0.0004745837
        0.0000998725       -0.0000214838       -0.0000120576
        0.0042800524        0.0024630825        0.0008546937
       -0.0000337300        0.0000189849       -0.0000107663
       -0.0282412225       -0.0316608737       -0.0055834201
       -0.0000064038        0.0000012562        0.0000109087
        0.0001138863        0.0003989462       -0.0000508600
       -0.0000177088        0.0000184787        0.0000222624
        0.0006315388       -0.0002883826        0.0007317112
        0.0000129874       -0.0000157337        0.0000072588
       -0.0000563088        0.0000522525       -0.0000096924
       -0.0000044175        0.0000047550       -0.0000023988
        0.0000213313       -0.0000226163       -0.0000059200
       -0.0000086975       -0.0000010150        0.0000097526
        0.0000153337       -0.0000310676        0.0000454276
       -0.0000001913        0.0000001824        0.0000007449
       -0.0069671413       -0.0038891750       -0.0010653976
       -0.0000010637       -0.0000077325        0.0000006037
        0.0307201075        0.0333534825        0.0055350187
        0.0000074638        0.0000016313       -0.0000064512
       -0.0004969276       -0.0005140588        0.0000020999
        0.0002607325       -0.0001417025        0.0006305201
       -0.0000835625       -0.0000105850       -0.0000797838
       -0.0058711313       -0.0034578337       -0.0012213725
        0.0000260438       -0.0000093726        0.0000121450
       -0.0083071811       -0.0051159962       -0.0160823650
       -0.0000041712       -0.0000196475        0.0000358587
        0.0002845513       -0.0002753775        0.0000729312
        0.0000600487       -0.0000311100        0.0000199687
       -0.0007205600        0.0007684662       -0.0007575025
        0.0000246300        0.0000334713        0.0000012776
        0.0000580400       -0.0000107075       -0.0000202875
        0.0000111650        0.0000163762       -0.0000076638
        0.0000217863        0.0000133137        0.0000177225
        0.0000037249       -0.0000036587       -0.0000116237
        0.0000668599        0.0001230288        0.0001354925
       -0.0000009237        0.0000111237       -0.0000046276
       -0.0029820188       -0.0016240900       -0.0005987088
        0.0000071238        0.0000006112       -0.0000169150
        0.0103974887        0.0055350187        0.0160011750
        0.0000015913       -0.0000029662        0.0000108263
        0.0067414837        0.0042003338        0.0018628262
       -0.0003967425       -0.0006230887        0.0012665475
        0.0030376975       -0.0001754650        0.0040431950
        0.0002971725       -0.0001385700        0.0001282675
       -0.0300270761        0.0034224738       -0.0272588387
       -0.0000794937       -0.0000008262        0.0000857875
        0.0000357500        0.0000431663       -0.0001627212
       -0.0000047712       -0.0000147087       -0.0000055024
        0.0001785663        0.0002337263       -0.0002012462
       -0.0000042662       -0.0000054363       -0.0000164913
        0.0000307275        0.0000942626        0.0000381813
       -0.0000068263        0.0000090463       -0.0000013987
        0.0000355213       -0.0001384162        0.0000977325
        0.0000002001        0.0000083375       -0.0000002562
       -0.0000048125       -0.0000184463       -0.0000322325
        0.0000023450        0.0000034925        0.0000061275
       -0.0010503100        0.0002470124       -0.0014324863
       -0.0000035813       -0.0000015587       -0.0000036500
       -0.0033236274        0.0004969163       -0.0067415937
        0.0000027376        0.0000074638        0.0000015913
        0.0312583875       -0.0034327750        0.0301673775
        0.0000225125       -0.0000176500        0.0000276563
       -0.0007584213       -0.0001549426        0.0012814062
        0.0031473987       -0.0004231426        0.0029995687
        0.0002984200       -0.0000383188       -0.0000306625
        0.0029483913       -0.0157749950        0.0060958949
       -0.0000691212        0.0000052150        0.0000727637
        0.0001258187        0.0000684174       -0.0000521938
       -0.0000219663       -0.0000364838        0.0000256612
       -0.0000592838        0.0001205712       -0.0001052026
       -0.0000329013       -0.0000097851        0.0000048399
        0.0000120649        0.0000659850       -0.0000561526
       -0.0000129826        0.0000053850       -0.0000092325
       -0.0001564363       -0.0001451176        0.0000337024
       -0.0000025863        0.0000257062        0.0000069012
        0.0000131475       -0.0000191176        0.0000122387
        0.0000107624        0.0000020787        0.0000120649
       -0.0039422012        0.0016992562       -0.0070927226
        0.0000026088       -0.0000000088       -0.0000046613
        0.0019064463       -0.0005140475        0.0042003413
        0.0000045425        0.0000016313       -0.0000029662
       -0.0034327750        0.0151389526       -0.0074247650
        0.0000176562       -0.0000172800        0.0000279000
        0.0011928187        0.0007676800       -0.0016208975
       -0.0042763750       -0.0003281700       -0.0040892688
       -0.0005188213        0.0001900238        0.0002826988
       -0.0262232662        0.0067924562       -0.0630846225
        0.0001169188       -0.0000138638       -0.0001251113
       -0.0002642775       -0.0001685525        0.0000405962
        0.0000137275        0.0000196975       -0.0000340238
        0.0001727212       -0.0001982512        0.0000926575
        0.0000729125        0.0000298337       -0.0000455150
        0.0000884050       -0.0000424437        0.0000929275
       -0.0000035075       -0.0000087275        0.0000092401
        0.0001431275        0.0000564813        0.0002464250
        0.0000153350       -0.0000161987       -0.0000215574
        0.0000299550        0.0000105425        0.0000067313
       -0.0000005326       -0.0000020938        0.0000117275
       -0.0013366287        0.0003050850       -0.0025569838
       -0.0000010387        0.0000031463        0.0000098287
        0.0006500788        0.0000021112        0.0018628312
       -0.0000043637       -0.0000064512        0.0000108263
        0.0301673775       -0.0074247650        0.0689629900
       -0.0000276463        0.0000278850       -0.0000513688
       -0.0003967488        0.0006230938       -0.0012666712
        0.0002971687        0.0001385925       -0.0001282763
        0.0030376975        0.0001754574       -0.0040435938
       -0.0000794862        0.0000008424       -0.0000857801
       -0.0300270862       -0.0034236488        0.0272654999
       -0.0000047726        0.0000147087        0.0000055186
        0.0000357613       -0.0000431175        0.0001627500
       -0.0000042763        0.0000054374        0.0000164924
        0.0001785800       -0.0002336963        0.0002013024
       -0.0000068076       -0.0000090537        0.0000014325
        0.0000307199       -0.0000942563       -0.0000381588
        0.0000002012       -0.0000083300        0.0000002599
        0.0000355275        0.0001384362       -0.0000977313
        0.0000023500       -0.0000034788       -0.0000061063
       -0.0000048138        0.0000184575        0.0000322450
       -0.0000035950        0.0000015624        0.0000036299
       -0.0010503200       -0.0002470138        0.0014324662
        0.0000027212       -0.0000074613       -0.0000016038
       -0.0033236288       -0.0004969276        0.0067414837
        0.0000225125        0.0000176562       -0.0000276463
        0.0312583926        0.0034316275       -0.0301603963
        0.0007584063       -0.0001549487        0.0012814075
       -0.0002984450       -0.0000383275       -0.0000306725
       -0.0031474750       -0.0004231362        0.0029995788
        0.0000691139        0.0000051887        0.0000727488
       -0.0029498925       -0.0157749725        0.0060959063
        0.0000219588       -0.0000364850        0.0000256701
       -0.0001258074        0.0000684025       -0.0000521812
        0.0000329238       -0.0000097900        0.0000048587
        0.0000593125        0.0001205700       -0.0001052113
        0.0000129650        0.0000053876       -0.0000092324
       -0.0000120775        0.0000659850       -0.0000561675
        0.0000026063        0.0000257050        0.0000068800
        0.0001564513       -0.0001451087        0.0000337126
       -0.0000107600        0.0000020862        0.0000120701
       -0.0000131400       -0.0000191062        0.0000122525
       -0.0000026024       -0.0000000301       -0.0000046425
        0.0039421087        0.0016992662       -0.0070927362
       -0.0000045337        0.0000016213       -0.0000029787
       -0.0019063950       -0.0005140588        0.0042003338
       -0.0000176500       -0.0000172800        0.0000278850
        0.0034316275        0.0151389600       -0.0074247675
       -0.0011928488        0.0007676712       -0.0016208826
        0.0005188087        0.0001900275        0.0002826975
        0.0042761937       -0.0003281850       -0.0040892713
       -0.0001169175       -0.0000138813       -0.0001251226
        0.0262305512        0.0067924762       -0.0630846163
       -0.0000137275        0.0000197050       -0.0000340213
        0.0002642800       -0.0001685650        0.0000406062
       -0.0000729001        0.0000298362       -0.0000455088
       -0.0001727212       -0.0001982538        0.0000926524
        0.0000034900       -0.0000087337        0.0000092587
       -0.0000884076       -0.0000424388        0.0000929212
       -0.0000153138       -0.0000161913       -0.0000215589
       -0.0001431287        0.0000564749        0.0002464350
        0.0000005436       -0.0000020788        0.0000117175
       -0.0000299426        0.0000105375        0.0000067438
        0.0000010412        0.0000031511        0.0000098387
        0.0013366874        0.0003050950       -0.0025569963
        0.0000043763       -0.0000064551        0.0000108224
       -0.0006501362        0.0000020999        0.0018628262
        0.0000276563        0.0000279000       -0.0000513688
       -0.0301603963       -0.0074247675        0.0689629876
