ZMAT begin
1 2
1 3

2 4
3 5

4 5

4 6
5 7

6 8
7 9

8 10
9 10

1 11

2 12
3 13

6 14
7 15

8 16
9 17

10 18

2 1 3
1 2 4
1 3 5
2 4 5
3 5 4

8 10 9
10 9 7
9 7 5
7 5 4
5 4 6
4 6 8
6 8 10

11 1 2
11 1 3

12 2 1
12 2 4
13 3 1
13 3 5

14 6 4
14 6 8
15 7 5
15 7 9

16 8 6
16 8 10
17 9 7
17 9 10

18 10 8
18 10 9

2 4 5 3 T
3 1 2 4 T
2 1 3 5 T
1 2 4 5 T
1 3 5 4 T

7 5 4 6 T
5 4 6 8 T
4 6 8 10 T
6 8 10 9 T
8 10 9 7 T
10 9 7 5 T
9 7 5 4 T

2 4 5 7 T
6 4 5 3 T

11 1 2 3 O

12 2 1 4 O
13 3 1 5 O

14 6 4 8 O
15 7 5 9 O

16 8 6 10 O
17 9 7 10 O

18 10 8 9 O
ZMAT end

cart begin
C          0.0000000000        0.0000000000        5.1022157713
C          0.0000000000       -2.1766981164        3.5739356462
C         -0.0000000000        2.1766981164        3.5739356462
C          0.0000000000       -1.4149923328        1.0276598722
C         -0.0000000000        1.4149923328        1.0276598722
C          0.0000000000       -3.0202018752       -1.0569110480
C         -0.0000000000        3.0202018752       -1.0569110480
C          0.0000000000       -2.3963691178       -3.6265484868
C         -0.0000000000        2.3963691178       -3.6265484868
C          0.0000000000        0.0000000000       -4.7451550833
H          0.0000000000        0.0000000000        7.1463727469
H          0.0000000000       -4.1134214855        4.2210617082
H         -0.0000000000        4.1134214855        4.2210617082
H          0.0000000000       -5.0277262789       -0.6199369160
H         -0.0000000000        5.0277262789       -0.6199369160
H          0.0000000000       -3.9804653829       -4.9268600817
H         -0.0000000000        3.9804653829       -4.9268600817
H          0.0000000000        0.0000000000       -6.7968809731
cart end
