   16   48
        0.1231935892       -0.1063453993        0.0720245453
       -0.0000144144        0.0000186452        0.0000212958
       -0.0142770944        0.0235479757       -0.0152466498
       -0.0000059299        0.0000029257       -0.0000010544
        0.0015222702       -0.0044635249        0.0030136152
        0.0000034709        0.0000023357       -0.0000163249
       -0.1163473848        0.0976215057       -0.0677736796
        0.0000498801        0.0000518554        0.0000268949
        0.0002930551       -0.0002296991       -0.0006583548
        0.0000056008       -0.0000111345        0.0000118104
        0.0002121203        0.0000739254       -0.0006933800
        0.0000077154        0.0000199901       -0.0000066302
        0.0054286460       -0.0096208396        0.0068871054
       -0.0000837599       -0.0001309348        0.0001506010
       -0.0004080795       -0.0005117846        0.0014154404
        0.0004207101       -0.0000055246        0.0008505708
       -0.1063453993        0.1951154388       -0.1030166646
       -0.0000184247        0.0000050807        0.0000453707
       -0.0051161794        0.0058999706       -0.0052400145
       -0.0000039796       -0.0000033145       -0.0000074743
        0.0148636656       -0.0182562695        0.0149164612
       -0.0000011192       -0.0000077341       -0.0000065188
        0.0977648301       -0.1828981345        0.0936343304
        0.0001064853        0.0001077956        0.0000206404
       -0.0002219343       -0.0001017941        0.0000979156
        0.0000026057        0.0000006355        0.0000024954
       -0.0002520250        0.0003078401        0.0001326902
       -0.0000051995       -0.0000181092       -0.0000007697
        0.0000165403       -0.0013220296       -0.0002979590
       -0.0001363344       -0.0001042940        0.0002511513
       -0.0011631198        0.0008546357       -0.0002545642
        0.0005304855        0.0004214360       -0.0002582442
        0.0720245453       -0.1030166646        0.1217205192
        0.0000213902       -0.0000449700       -0.0000633696
        0.0008267256       -0.0010508347       -0.0006370402
        0.0000189704        0.0000190556        0.0000079302
        0.0091382003       -0.0112531694        0.0077948056
        0.0000109105       -0.0000000995        0.0000563358
       -0.0681736748        0.0940291852       -0.1097062551
       -0.0001407398       -0.0001241051       -0.0000014597
        0.0001310502        0.0000083958        0.0013655551
       -0.0000332193       -0.0000371642       -0.0000288799
       -0.0006379344       -0.0005822244        0.0010783697
       -0.0000802646       -0.0001129251        0.0000019452
       -0.0160515896        0.0223714801       -0.0168641742
        0.0001640700        0.0003072000        0.0000803806
        0.0029206649       -0.0017798493       -0.0031557994
       -0.0001327243        0.0012881958       -0.0016484097
       -0.0000144144       -0.0000184247        0.0000213902
        0.1231932890        0.1063652803        0.0720249358
       -0.0000060794       -0.0000026995       -0.0000009499
       -0.0142768596       -0.0235482941       -0.0152466100
        0.0000037903       -0.0000017747       -0.0000160196
        0.0015222611        0.0044633305        0.0030137556
        0.0000500103       -0.0000516002        0.0000269506
       -0.1163474047       -0.0976015946       -0.0677734994
        0.0000058407        0.0000113107        0.0000117603
        0.0002933160        0.0002297656       -0.0006583446
        0.0000075056       -0.0000195848       -0.0000065751
        0.0002124551       -0.0000736748       -0.0006929497
       -0.0000837241        0.0001309303        0.0001507760
        0.0054286050        0.0096205656        0.0068872311
        0.0004205401        0.0000058060        0.0008510153
       -0.0004080692        0.0005123007        0.0014153653
        0.0000186452        0.0000050807       -0.0000449700
        0.1063652803        0.1951150091        0.1030360005
        0.0000041160       -0.0000032298        0.0000075505
        0.0051161300        0.0059002002        0.0052404704
        0.0000011403       -0.0000078450        0.0000069906
       -0.0148638594       -0.0182557642       -0.0149168494
       -0.0001062398        0.0001079650       -0.0000203801
       -0.0977435099       -0.1828977446       -0.0936148746
       -0.0000025244        0.0000007208       -0.0000022396
        0.0002220457       -0.0001013092       -0.0000975348
        0.0000055599       -0.0000176601        0.0000008453
        0.0002523456        0.0003076951       -0.0001323696
        0.0001364356       -0.0001039695       -0.0002508642
       -0.0000163050       -0.0013216101        0.0002976509
       -0.0005301598        0.0004219356        0.0002584858
        0.0011632807        0.0008545459        0.0002543555
        0.0000212958        0.0000453707       -0.0000633696
        0.0720249358        0.1030360005        0.1217205090
        0.0000188356       -0.0000189095        0.0000080951
        0.0008271451        0.0010511604       -0.0006371590
        0.0000110850        0.0000003303        0.0000560954
        0.0091377757        0.0112527607        0.0077946856
       -0.0001406744        0.0001244302       -0.0000012597
       -0.0681739994       -0.0940099295       -0.1097062795
       -0.0000332648        0.0000372609       -0.0000286093
        0.0001310156       -0.0000083293        0.0013652004
       -0.0000805051        0.0001132452        0.0000018548
       -0.0006377945        0.0005823904        0.0010786204
        0.0001639410       -0.0003077446        0.0000803760
       -0.0160514497       -0.0223713897       -0.0168641992
       -0.0001327447       -0.0012879792       -0.0016483091
        0.0029206859        0.0017796509       -0.0031557346
       -0.0142770944       -0.0051161794        0.0008267256
       -0.0000060794        0.0000041160        0.0000188356
        0.3263390988        0.0679947306       -0.0036400598
        0.0000010351       -0.0000005093       -0.0000060294
       -0.0025199597        0.0007401707        0.0002043959
        0.0000022408       -0.0000027245       -0.0000054092
       -0.3016489239       -0.0619790245        0.0006531752
        0.0000240607        0.0000367805        0.0000111959
        0.0009448905        0.0004135660        0.0020873955
       -0.0000007390       -0.0000075141        0.0000133701
        0.0002515554        0.0003020801       -0.0000305948
       -0.0000226942        0.0000072151        0.0000041854
       -0.0095132691       -0.0019857845       -0.0000979588
       -0.0000548994       -0.0000647196        0.0000564359
        0.0002267251       -0.0005652788       -0.0000817840
        0.0002533807        0.0002095459       -0.0000441042
        0.0235479757        0.0058999706       -0.0010508347
       -0.0000026995       -0.0000032298       -0.0000189095
        0.0679947306        0.0644188492       -0.0004386447
        0.0000004803        0.0000075408        0.0000026506
       -0.0283257600       -0.0057522249        0.0012937807
       -0.0000003143        0.0000015706        0.0000116756
       -0.0621475147       -0.0639564200       -0.0005582501
       -0.0000151249       -0.0000443043        0.0000054052
        0.0000424603        0.0009437309        0.0002513053
       -0.0000092047       -0.0000061692        0.0000136203
        0.0006742403        0.0000669797        0.0001917397
       -0.0000053399       -0.0000342197       -0.0000132701
       -0.0009379045       -0.0017399049        0.0003092310
        0.0000183803        0.0000751203        0.0000107354
       -0.0011814194        0.0001308206       -0.0000273644
        0.0003324351       -0.0000077341        0.0000185355
       -0.0152466498       -0.0052400145       -0.0006370402
       -0.0000009499        0.0000075505        0.0000080951
       -0.0036400598       -0.0004386447        0.0530040097
       -0.0000055149       -0.0000022749        0.0000083696
       -0.0153703053       -0.0021254050       -0.0006936347
       -0.0000077148        0.0000007799       -0.0000006344
       -0.0007606002       -0.0009047903       -0.0469679401
        0.0000214101        0.0000118848       -0.0000009999
        0.0017168048        0.0005170853       -0.0063526301
       -0.0000155296       -0.0000072998       -0.0000350997
       -0.0005240150       -0.0002498649        0.0014674845
        0.0000465002        0.0000072947       -0.0000132400
        0.0335635156        0.0089500099       -0.0009137648
       -0.0000761855        0.0000102705       -0.0000084140
        0.0005750246       -0.0002701046        0.0011325602
       -0.0003037997       -0.0002629048        0.0000036357
       -0.0000059299       -0.0000039796        0.0000189704
       -0.0142768596        0.0051161300        0.0008271451
        0.0000010351        0.0000004803       -0.0000055149
        0.3263386895       -0.0680069803       -0.0036398148
        0.0000026745        0.0000031650       -0.0000049096
       -0.0025198347       -0.0007398796        0.0002046903
        0.0000246303       -0.0000371097        0.0000116449
       -0.3016490598        0.0619667901        0.0006532503
       -0.0000003951        0.0000074454        0.0000138402
        0.0009448155       -0.0004136393        0.0020874347
       -0.0000225748       -0.0000072799        0.0000041746
        0.0002520954       -0.0003020199       -0.0000302157
       -0.0000548096        0.0000646202        0.0000566803
       -0.0095130650        0.0019855452       -0.0000977491
        0.0002533699       -0.0002091991       -0.0000436796
        0.0002268405        0.0005654459       -0.0000818449
        0.0000029257       -0.0000033145        0.0000190556
       -0.0235482941        0.0059002002        0.0010511604
       -0.0000005093        0.0000075408       -0.0000022749
       -0.0680069803        0.0644187992        0.0004393303
        0.0000004451        0.0000014802       -0.0000116995
        0.0283257805       -0.0057518344       -0.0012935544
        0.0000155001       -0.0000446147       -0.0000053444
        0.0621318554       -0.0639561796        0.0005588055
        0.0000094201       -0.0000059441       -0.0000136600
       -0.0000428042        0.0009435661       -0.0002511950
        0.0000054553       -0.0000338702        0.0000134150
       -0.0006743795        0.0000670906       -0.0001916248
       -0.0000182195        0.0000751601       -0.0000106195
        0.0009376453       -0.0017399600       -0.0003092941
       -0.0003321946       -0.0000073697       -0.0000187845
        0.0011816707        0.0001306461        0.0000274457
       -0.0000010544       -0.0000074743        0.0000079302
       -0.0152466100        0.0052404704       -0.0006371590
       -0.0000060294        0.0000026506        0.0000083696
       -0.0036398148        0.0004393303        0.0530042792
       -0.0000076449       -0.0000005997       -0.0000008799
       -0.0153703792        0.0021261053       -0.0006934596
        0.0000213106       -0.0000116944       -0.0000009697
       -0.0007609998        0.0009051701       -0.0469681896
       -0.0000153648        0.0000076204       -0.0000351599
        0.0017169759       -0.0005168545       -0.0063528148
        0.0000460807       -0.0000069753       -0.0000135049
       -0.0005240497        0.0002504203        0.0014673446
       -0.0000763396       -0.0000101994       -0.0000085095
        0.0335634297       -0.0089505500       -0.0009139342
       -0.0003039548        0.0002628752        0.0000034555
        0.0005747904        0.0002702603        0.0011323158
        0.0015222702        0.0148636656        0.0091382003
        0.0000037903        0.0000011403        0.0000110850
       -0.0025199597       -0.0283257600       -0.0153703053
        0.0000026745        0.0000004451       -0.0000076449
        0.0535434697        0.0330378998        0.0157236104
       -0.0000021697       -0.0000025096        0.0000052256
       -0.0535796897       -0.0310398099       -0.0168909048
        0.0000174498        0.0000016399        0.0000003399
        0.0001732701        0.0006574703       -0.0004744300
        0.0000040404       -0.0000231546        0.0000036351
       -0.0000203300       -0.0003855405        0.0027122098
       -0.0000198645       -0.0000164351       -0.0000083105
        0.0007187157        0.0116769951        0.0058865953
       -0.0000660850        0.0000628552       -0.0000188095
        0.0003117844       -0.0006260950       -0.0006934596
       -0.0000875701        0.0000975257       -0.0000213100
       -0.0044635249       -0.0182562695       -0.0112531694
       -0.0000017747       -0.0000078450        0.0000003303
        0.0007401707       -0.0057522249       -0.0021254050
        0.0000031650        0.0000014802       -0.0000005997
        0.0330378998        0.2720220994        0.1211277703
        0.0000026859        0.0000040302        0.0000075954
       -0.0304305951       -0.2537623249       -0.1110389650
        0.0000113153       -0.0000074647        0.0000111299
        0.0003318803        0.0001590359       -0.0003600348
        0.0000031804        0.0000006503       -0.0000080252
        0.0000926400        0.0012144352        0.0013039249
       -0.0000289242       -0.0000283353       -0.0000336399
        0.0010761653        0.0036087249        0.0027733461
       -0.0000167353       -0.0000205296        0.0001189255
       -0.0004856548        0.0006825758       -0.0003573246
        0.0001104303        0.0001419704       -0.0001382847
        0.0030136152        0.0149164612        0.0077948056
       -0.0000160196        0.0000069906        0.0000560954
        0.0002043959        0.0012937807       -0.0006936347
       -0.0000049096       -0.0000116995       -0.0000008799
        0.0157236104        0.1211277703        0.1185016390
        0.0000053160       -0.0000073743       -0.0000386143
       -0.0163808943       -0.1097279801       -0.1055717746
        0.0000990457        0.0001849503        0.0000271905
       -0.0001749345        0.0002420057        0.0014009703
       -0.0000013642        0.0000275111       -0.0000177050
        0.0025613400        0.0012573906       -0.0057200401
        0.0000619110        0.0000912502        0.0000921301
       -0.0048923545       -0.0283351397       -0.0166694838
       -0.0001368346       -0.0001768143        0.0003021307
       -0.0003892643       -0.0012529642        0.0005032251
        0.0003250807        0.0003906757        0.0000341055
        0.0000034709       -0.0000011192        0.0000109105
        0.0015222611       -0.0148638594        0.0091377757
        0.0000022408       -0.0000003143       -0.0000077148
       -0.0025198347        0.0283257805       -0.0153703792
       -0.0000021697        0.0000026859        0.0000053160
        0.0535438687       -0.0330561892        0.0157236957
        0.0000174452       -0.0000014899        0.0000003155
       -0.0535802894        0.0310184811       -0.0168910549
        0.0000036306        0.0000230909        0.0000034055
        0.0001731661       -0.0006577443       -0.0004746795
       -0.0000204244        0.0000167955       -0.0000086197
       -0.0000205040        0.0003856906        0.0027122002
       -0.0000662993       -0.0000631098       -0.0000189539
        0.0007185002       -0.0116775095        0.0058863509
       -0.0000881852       -0.0000975791       -0.0000214391
        0.0003115207        0.0006256209       -0.0006936091
        0.0000023357       -0.0000077341       -0.0000000995
        0.0044633305       -0.0182557642        0.0112527607
       -0.0000027245        0.0000015706        0.0000007799
       -0.0007398796       -0.0057518344        0.0021261053
       -0.0000025096        0.0000040302       -0.0000073743
       -0.0330561892        0.2720217890       -0.1210999596
       -0.0000111800       -0.0000074698       -0.0000108946
        0.0304123955       -0.2537621293        0.1110679005
       -0.0000034294        0.0000010357        0.0000077654
       -0.0003314693        0.0001593355        0.0003601701
        0.0000287400       -0.0000276202        0.0000338400
       -0.0000924848        0.0012141157       -0.0013036646
        0.0000169609       -0.0000201345       -0.0001188096
       -0.0010760147        0.0036084958       -0.0027740691
       -0.0001102046        0.0001426508        0.0001383705
        0.0004860857        0.0006827509        0.0003571705
       -0.0000163249       -0.0000065188        0.0000563358
        0.0030137556       -0.0149168494        0.0077946856
       -0.0000054092        0.0000116756       -0.0000006344
        0.0002046903       -0.0012935544       -0.0006934596
        0.0000052256        0.0000075954       -0.0000386143
        0.0157236957       -0.1210999596        0.1185016788
        0.0000995203       -0.0001845945        0.0000270506
       -0.0163813644        0.1097554605       -0.1055719946
       -0.0000011744       -0.0000273189       -0.0000173793
       -0.0001751442       -0.0002421541        0.0014008003
        0.0000617706       -0.0000906698        0.0000919749
        0.0025619704       -0.0012570246       -0.0057197900
       -0.0001368744        0.0001768501        0.0003020858
       -0.0048923795        0.0283347453       -0.0166695088
        0.0003251654       -0.0003905592        0.0000341811
       -0.0003890892        0.0012530660        0.0005032956
       -0.1163473848        0.0977648301       -0.0681736748
        0.0000500103       -0.0001062398       -0.0001406744
       -0.3016489239       -0.0621475147       -0.0007606002
        0.0000246303        0.0000155001        0.0000213106
       -0.0535796897       -0.0304305951       -0.0163808943
        0.0000174452       -0.0000111800        0.0000995203
        0.5663815693       -0.0017470245        0.0333157249
       -0.0003086399       -0.0002749147       -0.0000858847
       -0.0070026846       -0.0019114140        0.0323133099
       -0.0000148594        0.0000643558       -0.0000261952
        0.0012075350        0.0001530896       -0.0041779447
       -0.0000798849       -0.0002053747        0.0001265602
       -0.0943077498       -0.0040617147        0.0387623606
        0.0006651248        0.0004721454       -0.0001018094
        0.0056162952        0.0001103405       -0.0107949944
       -0.0006698446        0.0023036409       -0.0040176349
        0.0976215057       -0.1828981345        0.0940291852
       -0.0000516002        0.0001079650        0.0001244302
       -0.0619790245       -0.0639564200       -0.0009047903
       -0.0000371097       -0.0000446147       -0.0000116944
       -0.0310398099       -0.2537623249       -0.1097279801
       -0.0000014899       -0.0000074698       -0.0001845945
       -0.0017470245        0.5778535797        0.0082954398
        0.0002752603        0.0003614650       -0.0000028399
       -0.0020194403       -0.0005646694        0.0082371946
        0.0000755705        0.0001715409        0.0000654603
        0.0097929950        0.0046676894       -0.0276633256
        0.0002867051        0.0003712302        0.0002591099
       -0.0064019349       -0.0766957299        0.0041084758
       -0.0000960500       -0.0008216449        0.0000388758
       -0.0050198156       -0.0015639944        0.0184679806
        0.0003266302       -0.0032174290        0.0049021003
       -0.0677736796        0.0936343304       -0.1097062551
        0.0000269506       -0.0000203801       -0.0000012597
        0.0006531752       -0.0005582501       -0.0469679401
        0.0000116449       -0.0000053444       -0.0000009697
       -0.0168909048       -0.1110389650       -0.1055717746
        0.0000003155       -0.0000108946        0.0000270506
        0.0333157249        0.0082954398        0.4806985896
       -0.0000861047        0.0000032503       -0.0000271700
       -0.0004665952       -0.0004102191       -0.0014487699
       -0.0000112550       -0.0000447898       -0.0000291703
        0.0063140402        0.0035179346       -0.0159464651
       -0.0000121196       -0.0000527803        0.0000946346
        0.0446515253       -0.0013666050       -0.1830141446
        0.0001087449        0.0002365601       -0.0000336394
        0.0010672903        0.0065519407       -0.0167806445
       -0.0009335548        0.0013047151       -0.0012923653
        0.0000498801        0.0001064853       -0.0001407398
       -0.1163474047       -0.0977435099       -0.0681739994
        0.0000240607       -0.0000151249        0.0000214101
       -0.3016490598        0.0621318554       -0.0007609998
        0.0000174498        0.0000113153        0.0000990457
       -0.0535802894        0.0304123955       -0.0163813644
       -0.0003086399        0.0002752603       -0.0000861047
        0.5663820093        0.0017317655        0.0333154202
       -0.0000149299       -0.0000641796       -0.0000258296
       -0.0070028244        0.0019107608        0.0323132002
       -0.0000802646        0.0002059153        0.0001260349
        0.0012075753       -0.0001525348       -0.0041779600
        0.0006649208       -0.0004723296       -0.0001020243
       -0.0943081847        0.0040603300        0.0387622055
       -0.0006701100       -0.0023032396       -0.0040177997
        0.0056158854       -0.0001103189       -0.0107954645
        0.0000518554        0.0001077956       -0.0001241051
       -0.0976015946       -0.1828977446       -0.0940099295
        0.0000367805       -0.0000443043        0.0000118848
        0.0619667901       -0.0639561796        0.0009051701
        0.0000016399       -0.0000074647        0.0001849503
        0.0310184811       -0.2537621293        0.1097554605
       -0.0002749147        0.0003614650        0.0000032503
        0.0017317655        0.5778533091       -0.0082588298
       -0.0000755995        0.0001715756       -0.0000653097
        0.0020195910       -0.0005645489       -0.0082374197
       -0.0002864795        0.0003716451       -0.0002587802
       -0.0097930098        0.0046675001        0.0276629299
        0.0000960404       -0.0008213499       -0.0000385893
        0.0064009504       -0.0766955196       -0.0041235842
       -0.0003265649       -0.0032170095       -0.0049020548
        0.0050196707       -0.0015641689       -0.0184686343
        0.0000268949        0.0000206404       -0.0000014597
       -0.0677734994       -0.0936148746       -0.1097062795
        0.0000111959        0.0000054052       -0.0000009999
        0.0006532503        0.0005588055       -0.0469681896
        0.0000003399        0.0000111299        0.0000271905
       -0.0168910549        0.1110679005       -0.1055719946
       -0.0000858847       -0.0000028399       -0.0000271700
        0.0333154202       -0.0082588298        0.4806986794
       -0.0000112300        0.0000449307       -0.0000291345
       -0.0004667794        0.0004100355       -0.0014491150
       -0.0000123498        0.0000531048        0.0000943146
        0.0063142551       -0.0035185798       -0.0159463650
        0.0001086903       -0.0002367051       -0.0000338446
        0.0446515298        0.0013509003       -0.1830139894
       -0.0009337646       -0.0013047293       -0.0012922993
        0.0010673807       -0.0065520391       -0.0167807747
        0.0002930551       -0.0002219343        0.0001310502
        0.0000058407       -0.0000025244       -0.0000332648
        0.0009448905        0.0000424603        0.0017168048
       -0.0000003951        0.0000094201       -0.0000153648
        0.0001732701        0.0003318803       -0.0001749345
        0.0000036306       -0.0000034294       -0.0000011744
       -0.0070026846       -0.0020194403       -0.0004665952
       -0.0000149299       -0.0000755995       -0.0000112300
        0.3230426194        0.0737095559       -0.0068472099
       -0.0000760593        0.0000337008        0.0001322951
       -0.0030093395       -0.0003597250        0.0009330046
       -0.0000509192       -0.0000000250        0.0000556298
       -0.3042729850       -0.0737213151        0.0062478659
       -0.0000651949        0.0003817149       -0.0001089694
       -0.0114385250        0.0027655858       -0.0017960696
        0.0014671002       -0.0008803841        0.0002088552
       -0.0002296991       -0.0001017941        0.0000083958
        0.0000113107        0.0000007208        0.0000372609
        0.0004135660        0.0009437309        0.0005170853
        0.0000074454       -0.0000059441        0.0000076204
        0.0006574703        0.0001590359        0.0002420057
        0.0000230909        0.0000010357       -0.0000273189
       -0.0019114140       -0.0005646694       -0.0004102191
       -0.0000641796        0.0001715756        0.0000449307
        0.0737095559        0.0707375284       -0.0017186193
       -0.0000334143       -0.0000994089       -0.0001909598
       -0.0268953892       -0.0058654246        0.0008966003
       -0.0000924990        0.0000703358       -0.0000193597
       -0.0694605842       -0.0622607394       -0.0034296193
       -0.0001228096       -0.0003374089        0.0002572460
        0.0245049705       -0.0035060538        0.0061661905
       -0.0005319589        0.0006581956       -0.0023813044
       -0.0006583548        0.0000979156        0.0013655551
        0.0000117603       -0.0000022396       -0.0000286093
        0.0020873955        0.0002513053       -0.0063526301
        0.0000138402       -0.0000136600       -0.0000351599
       -0.0004744300       -0.0003600348        0.0014009703
        0.0000034055        0.0000077654       -0.0000173793
        0.0323133099        0.0082371946       -0.0014487699
       -0.0000258296       -0.0000653097       -0.0000291345
       -0.0068472099       -0.0017186193        0.0513383293
        0.0001323605        0.0001908160        0.0001480299
       -0.0151913849       -0.0043007202        0.0005608348
       -0.0000522243        0.0000938900        0.0000093252
        0.0032671454       -0.0062759347       -0.0442008246
        0.0002761300       -0.0004236500       -0.0004152292
       -0.0143511346        0.0049930156       -0.0046688245
       -0.0005342343       -0.0007099743        0.0023739403
        0.0000056008        0.0000026057       -0.0000332193
        0.0002933160        0.0002220457        0.0001310156
       -0.0000007390       -0.0000092047       -0.0000155296
        0.0009448155       -0.0000428042        0.0017169759
        0.0000040404        0.0000031804       -0.0000013642
        0.0001731661       -0.0003314693       -0.0001751442
       -0.0000148594        0.0000755705       -0.0000112550
       -0.0070028244        0.0020195910       -0.0004667794
       -0.0000760593       -0.0000334143        0.0001323605
        0.3230428388       -0.0737203942       -0.0068474844
       -0.0000511142        0.0000002655        0.0000552450
       -0.0030090939        0.0003598456        0.0009330250
       -0.0000652346       -0.0003822350       -0.0001090842
       -0.3042730850        0.0737095257        0.0062477710
        0.0014671451        0.0008801356        0.0002088609
       -0.0114385841       -0.0027661389       -0.0017961594
       -0.0000111345        0.0000006355       -0.0000371642
        0.0002297656       -0.0001013092       -0.0000083293
       -0.0000075141       -0.0000061692       -0.0000072998
       -0.0004136393        0.0009435661       -0.0005168545
       -0.0000231546        0.0000006503        0.0000275111
       -0.0006577443        0.0001593355       -0.0002421541
        0.0000643558        0.0001715409       -0.0000447898
        0.0019107608       -0.0005645489        0.0004100355
        0.0000337008       -0.0000994089        0.0001908160
       -0.0737203942        0.0707375386        0.0017187801
        0.0000924950        0.0000705552        0.0000194302
        0.0268954557       -0.0058657542       -0.0008970295
        0.0001228108       -0.0003372043       -0.0002571841
        0.0694458851       -0.0622607047        0.0034300712
        0.0005318753        0.0006589210        0.0023811259
       -0.0245050290       -0.0035062038       -0.0061665946
        0.0000118104        0.0000024954       -0.0000288799
       -0.0006583446       -0.0000975348        0.0013652004
        0.0000133701        0.0000136203       -0.0000350997
        0.0020874347       -0.0002511950       -0.0063528148
        0.0000036351       -0.0000080252       -0.0000177050
       -0.0004746795        0.0003601701        0.0014008003
       -0.0000261952        0.0000654603       -0.0000291703
        0.0323132002       -0.0082374197       -0.0014491150
        0.0001322951       -0.0001909598        0.0001480299
       -0.0068474844        0.0017187801        0.0513386397
       -0.0000524199       -0.0000935950        0.0000091342
       -0.0151914350        0.0043010300        0.0005605398
        0.0002757753        0.0004234647       -0.0004153594
        0.0032668351        0.0062758903       -0.0442010196
       -0.0005345100        0.0007096509        0.0023737704
       -0.0143511596       -0.0049932191       -0.0046688695
        0.0002121203       -0.0002520250       -0.0006379344
        0.0000075056        0.0000055599       -0.0000805051
        0.0002515554        0.0006742403       -0.0005240150
       -0.0000225748        0.0000054553        0.0000460807
       -0.0000203300        0.0000926400        0.0025613400
       -0.0000204244        0.0000287400        0.0000617706
        0.0012075350        0.0097929950        0.0063140402
       -0.0000802646       -0.0002864795       -0.0000123498
       -0.0030093395       -0.0268953892       -0.0151913849
       -0.0000511142        0.0000924950       -0.0000524199
        0.0564359095        0.0357025795        0.0199902348
        0.0001132400       -0.0001945347       -0.0003243650
       -0.0536844794       -0.0355928250       -0.0164074345
        0.0003051298       -0.0000341947        0.0000202260
       -0.0010655697        0.0178234058        0.0033703503
       -0.0005801149       -0.0009840795        0.0008586352
        0.0000739254        0.0003078401       -0.0005822244
       -0.0000195848       -0.0000176601        0.0001132452
        0.0003020801        0.0000669797       -0.0002498649
       -0.0000072799       -0.0000338702       -0.0000069753
       -0.0003855405        0.0012144352        0.0012573906
        0.0000167955       -0.0000276202       -0.0000906698
        0.0001530896        0.0046676894        0.0035179346
        0.0002059153        0.0003716451        0.0000531048
       -0.0003597250       -0.0058654246       -0.0043007202
        0.0000002655        0.0000705552       -0.0000935950
        0.0357025795        0.2651312798        0.1218465195
        0.0001946000        0.0002865852        0.0003522996
       -0.0393819994       -0.2492650998       -0.1195138850
       -0.0004465397        0.0000227851        0.0006396152
        0.0038845246       -0.0179321347       -0.0018040646
        0.0000524301        0.0010058204       -0.0011061996
       -0.0006933800        0.0001326902        0.0010783697
       -0.0000065751        0.0000008453        0.0000018548
       -0.0000305948        0.0001917397        0.0014674845
        0.0000041746        0.0000134150       -0.0000135049
        0.0027122098        0.0013039249       -0.0057200401
       -0.0000086197        0.0000338400        0.0000919749
       -0.0041779447       -0.0276633256       -0.0159464651
        0.0001260349       -0.0002587802        0.0000943146
        0.0009330046        0.0008966003        0.0005608348
        0.0000552450        0.0000194302        0.0000091342
        0.0199902348        0.1218465195        0.1209552602
       -0.0003241155       -0.0003523104       -0.0005771653
       -0.0152117650       -0.1140362355       -0.1051435498
       -0.0003997854       -0.0000975649        0.0002709152
       -0.0032215809        0.0181674704        0.0010141849
        0.0002477299       -0.0001726448        0.0018549849
        0.0000077154       -0.0000051995       -0.0000802646
        0.0002124551        0.0002523456       -0.0006377945
       -0.0000226942       -0.0000053399        0.0000465002
        0.0002520954       -0.0006743795       -0.0005240497
       -0.0000198645       -0.0000289242        0.0000619110
       -0.0000205040       -0.0000924848        0.0025619704
       -0.0000798849        0.0002867051       -0.0000121196
        0.0012075753       -0.0097930098        0.0063142551
       -0.0000509192       -0.0000924990       -0.0000522243
       -0.0030090939        0.0268954557       -0.0151914350
        0.0001132400        0.0001946000       -0.0003241155
        0.0564354491       -0.0357204146        0.0199904099
        0.0003053856        0.0000339054        0.0000204102
       -0.0536842947        0.0355711757       -0.0164072043
       -0.0005803201        0.0009840954        0.0008588955
       -0.0010655947       -0.0178232892        0.0033705851
        0.0000199901       -0.0000181092       -0.0001129251
       -0.0000736748        0.0003076951        0.0005823904
        0.0000072151       -0.0000342197        0.0000072947
       -0.0003020199        0.0000670906        0.0002504203
       -0.0000164351       -0.0000283353        0.0000912502
        0.0003856906        0.0012141157       -0.0012570246
       -0.0002053747        0.0003712302       -0.0000527803
       -0.0001525348        0.0046675001       -0.0035185798
       -0.0000000250        0.0000703358        0.0000938900
        0.0003598456       -0.0058657542        0.0043010300
       -0.0001945347        0.0002865852       -0.0003523104
       -0.0357204146        0.2651317095       -0.1218177249
        0.0004467006        0.0000224804       -0.0006393344
        0.0393631797       -0.2492655153        0.1195439307
       -0.0000520998        0.0010055504        0.0011059404
       -0.0038842398       -0.0179324297        0.0018035951
       -0.0000066302       -0.0000007697        0.0000019452
       -0.0006929497       -0.0001323696        0.0010786204
        0.0000041854       -0.0000132701       -0.0000132400
       -0.0000302157       -0.0001916248        0.0014673446
       -0.0000083105       -0.0000336399        0.0000921301
        0.0027122002       -0.0013036646       -0.0057197900
        0.0001265602        0.0002591099        0.0000946346
       -0.0041779600        0.0276629299       -0.0159463650
        0.0000556298       -0.0000193597        0.0000093252
        0.0009330250       -0.0008970295        0.0005605398
       -0.0003243650        0.0003522996       -0.0005771653
        0.0199904099       -0.1218177249        0.1209549600
       -0.0003994853        0.0000972346        0.0002712602
       -0.0152116650        0.1140631343       -0.1051434043
        0.0002477799        0.0001728500        0.0018553254
       -0.0032212500       -0.0181679502        0.0010141997
        0.0054286460        0.0000165403       -0.0160515896
       -0.0000837241        0.0001364356        0.0001639410
       -0.0095132691       -0.0009379045        0.0335635156
       -0.0000548096       -0.0000182195       -0.0000763396
        0.0007187157        0.0010761653       -0.0048923545
       -0.0000662993        0.0000169609       -0.0001368744
       -0.0943077498       -0.0064019349        0.0446515253
        0.0006649208        0.0000960404        0.0001086903
       -0.3042729850       -0.0694605842        0.0032671454
       -0.0000652346        0.0001228108        0.0002757753
       -0.0536844794       -0.0393819994       -0.0152117650
        0.0003053856        0.0004467006       -0.0003994853
        0.5276177490        0.0696552905       -0.0289432592
       -0.0017887345        0.0001298156       -0.0006471737
       -0.0763862045        0.0535962806       -0.0259836497
        0.0054886505       -0.0091201792        0.0102813806
       -0.0096208396       -0.0013220296        0.0223714801
        0.0001309303       -0.0001039695       -0.0003077446
       -0.0019857845       -0.0017399049        0.0089500099
        0.0000646202        0.0000751601       -0.0000101994
        0.0116769951        0.0036087249       -0.0283351397
       -0.0000631098       -0.0000201345        0.0001768501
       -0.0040617147       -0.0766957299       -0.0013666050
       -0.0004723296       -0.0008213499       -0.0002367051
       -0.0737213151       -0.0622607394       -0.0062759347
       -0.0003822350       -0.0003372043        0.0004234647
       -0.0355928250       -0.2492650998       -0.1140362355
        0.0000339054        0.0000224804        0.0000972346
        0.0696552905        0.4761532296        0.0915917303
       -0.0001300100        0.0035882454       -0.0024766848
        0.0456362153       -0.0902340548        0.0280336803
       -0.0011962794       -0.0006477092        0.0014196002
        0.0068871054       -0.0002979590       -0.0168641742
        0.0001507760       -0.0002508642        0.0000803760
       -0.0000979588        0.0003092310       -0.0009137648
        0.0000566803       -0.0000106195       -0.0000085095
        0.0058865953        0.0027733461       -0.0166694838
       -0.0000189539       -0.0001188096        0.0003020858
        0.0387623606        0.0041084758       -0.1830141446
       -0.0001020243       -0.0000385893       -0.0000338446
        0.0062478659       -0.0034296193       -0.0442008246
       -0.0001090842       -0.0002571841       -0.0004153594
       -0.0164074345       -0.1195138850       -0.1051435498
        0.0000204102       -0.0006393344        0.0002712602
       -0.0289432592        0.0915917303        0.4265257087
       -0.0006473050        0.0024764404        0.0007332363
       -0.0082949845        0.0106697956       -0.0405161893
       -0.0034222091        0.0126500612       -0.0201337042
       -0.0000837599       -0.0001363344        0.0001640700
        0.0054286050       -0.0000163050       -0.0160514497
       -0.0000548994        0.0000183803       -0.0000761855
       -0.0095130650        0.0009376453        0.0335634297
       -0.0000660850       -0.0000167353       -0.0001368346
        0.0007185002       -0.0010760147       -0.0048923795
        0.0006651248       -0.0000960500        0.0001087449
       -0.0943081847        0.0064009504        0.0446515298
       -0.0000651949       -0.0001228096        0.0002761300
       -0.3042730850        0.0694458851        0.0032668351
        0.0003051298       -0.0004465397       -0.0003997854
       -0.0536842947        0.0393631797       -0.0152116650
       -0.0017887345       -0.0001300100       -0.0006473050
        0.5276177399       -0.0696836099       -0.0289431591
        0.0054883895        0.0091200201        0.0102816699
       -0.0763863397       -0.0535898442       -0.0259837651
       -0.0001309348       -0.0001042940        0.0003072000
        0.0096205656       -0.0013216101       -0.0223713897
       -0.0000647196        0.0000751203        0.0000102705
        0.0019855452       -0.0017399600       -0.0089505500
        0.0000628552       -0.0000205296       -0.0001768143
       -0.0116775095        0.0036084958        0.0283347453
        0.0004721454       -0.0008216449        0.0002365601
        0.0040603300       -0.0766955196        0.0013509003
        0.0003817149       -0.0003374089       -0.0004236500
        0.0737095257       -0.0622607047        0.0062758903
       -0.0000341947        0.0000227851       -0.0000975649
        0.0355711757       -0.2492655153        0.1140631343
        0.0001298156        0.0035882454        0.0024764404
       -0.0696836099        0.4761534694       -0.0915693397
        0.0011959503       -0.0006474698       -0.0014202692
       -0.0456299546       -0.0902345045       -0.0280288998
        0.0001506010        0.0002511513        0.0000803806
        0.0068872311        0.0002976509       -0.0168641992
        0.0000564359        0.0000107354       -0.0000084140
       -0.0000977491       -0.0003092941       -0.0009139342
       -0.0000188095        0.0001189255        0.0003021307
        0.0058863509       -0.0027740691       -0.0166695088
       -0.0001018094        0.0000388758       -0.0000336394
        0.0387622055       -0.0041235842       -0.1830139894
       -0.0001089694        0.0002572460       -0.0004152292
        0.0062477710        0.0034300712       -0.0442010196
        0.0000202260        0.0006396152        0.0002709152
       -0.0164072043        0.1195439307       -0.1051434043
       -0.0006471737       -0.0024766848        0.0007332363
       -0.0289431591       -0.0915693397        0.4265257485
       -0.0034222143       -0.0126501641       -0.0201336144
       -0.0082949788       -0.0106648235       -0.0405161239
       -0.0004080795       -0.0011631198        0.0029206649
        0.0004205401       -0.0005301598       -0.0001327447
        0.0002267251       -0.0011814194        0.0005750246
        0.0002533699       -0.0003321946       -0.0003039548
        0.0003117844       -0.0004856548       -0.0003892643
       -0.0000881852       -0.0001102046        0.0003251654
        0.0056162952       -0.0050198156        0.0010672903
       -0.0006701100       -0.0003265649       -0.0009337646
       -0.0114385250        0.0245049705       -0.0143511346
        0.0014671451        0.0005318753       -0.0005345100
       -0.0010655697        0.0038845246       -0.0032215809
       -0.0005803201       -0.0000520998        0.0002477799
       -0.0763862045        0.0456362153       -0.0082949845
        0.0054883895        0.0011959503       -0.0034222143
        0.1257728297       -0.0737544099       -0.0245681548
       -0.0489203245        0.0072089750        0.0510223100
       -0.0005117846        0.0008546357       -0.0017798493
        0.0000058060        0.0004219356       -0.0012879792
       -0.0005652788        0.0001308206       -0.0002701046
       -0.0002091991       -0.0000073697        0.0002628752
       -0.0006260950        0.0006825758       -0.0012529642
       -0.0000975791        0.0001426508       -0.0003905592
        0.0001103405       -0.0015639944        0.0065519407
       -0.0023032396       -0.0032170095       -0.0013047293
        0.0027655858       -0.0035060538        0.0049930156
        0.0008801356        0.0006589210        0.0007096509
        0.0178234058       -0.0179321347        0.0181674704
        0.0009840954        0.0010055504        0.0001728500
        0.0535962806       -0.0902340548        0.0106697956
        0.0091200201       -0.0006474698       -0.0126501641
       -0.0737544099        0.1323485787       -0.0351764993
       -0.0072095190       -0.0191347794        0.0125878410
        0.0014154404       -0.0002545642       -0.0031557994
        0.0008510153        0.0002584858       -0.0016483091
       -0.0000817840       -0.0000273644        0.0011325602
       -0.0000436796       -0.0000187845        0.0000034555
       -0.0006934596       -0.0003573246        0.0005032251
       -0.0000214391        0.0001383705        0.0000341811
       -0.0107949944        0.0184679806       -0.0167806445
       -0.0040177997       -0.0049020548       -0.0012922993
       -0.0017960696        0.0061661905       -0.0046688245
        0.0002088609        0.0023811259        0.0023737704
        0.0033703503       -0.0018040646        0.0010141849
        0.0008588955        0.0011059404        0.0018553254
       -0.0259836497        0.0280336803       -0.0405161893
        0.0102816699       -0.0014202692       -0.0201336144
       -0.0245681548       -0.0351764993        0.1985854090
        0.0510224356       -0.0125927994       -0.1173076441
        0.0004207101        0.0005304855       -0.0001327243
       -0.0004080692        0.0011632807        0.0029206859
        0.0002533807        0.0003324351       -0.0003037997
        0.0002268405        0.0011816707        0.0005747904
       -0.0000875701        0.0001104303        0.0003250807
        0.0003115207        0.0004860857       -0.0003890892
       -0.0006698446        0.0003266302       -0.0009335548
        0.0056158854        0.0050196707        0.0010673807
        0.0014671002       -0.0005319589       -0.0005342343
       -0.0114385841       -0.0245050290       -0.0143511596
       -0.0005801149        0.0000524301        0.0002477299
       -0.0010655947       -0.0038842398       -0.0032212500
        0.0054886505       -0.0011962794       -0.0034222091
       -0.0763863397       -0.0456299546       -0.0082949788
       -0.0489203245       -0.0072095190        0.0510224356
        0.1257727990        0.0737621610       -0.0245684345
       -0.0000055246        0.0004214360        0.0012881958
        0.0005123007        0.0008545459        0.0017796509
        0.0002095459       -0.0000077341       -0.0002629048
        0.0005654459        0.0001306461        0.0002702603
        0.0000975257        0.0001419704        0.0003906757
        0.0006256209        0.0006827509        0.0012530660
        0.0023036409       -0.0032174290        0.0013047151
       -0.0001103189       -0.0015641689       -0.0065520391
       -0.0008803841        0.0006581956       -0.0007099743
       -0.0027661389       -0.0035062038       -0.0049932191
       -0.0009840795        0.0010058204       -0.0001726448
       -0.0178232892       -0.0179324297       -0.0181679502
       -0.0091201792       -0.0006477092        0.0126500612
       -0.0535898442       -0.0902345045       -0.0106648235
        0.0072089750       -0.0191347794       -0.0125927994
        0.0737621610        0.1323491585        0.0351769256
        0.0008505708       -0.0002582442       -0.0016484097
        0.0014153653        0.0002543555       -0.0031557346
       -0.0000441042        0.0000185355        0.0000036357
       -0.0000818449        0.0000274457        0.0011323158
       -0.0000213100       -0.0001382847        0.0000341055
       -0.0006936091        0.0003571705        0.0005032956
       -0.0040176349        0.0049021003       -0.0012923653
       -0.0107954645       -0.0184686343       -0.0167807747
        0.0002088552       -0.0023813044        0.0023739403
       -0.0017961594       -0.0061665946       -0.0046688695
        0.0008586352       -0.0011061996        0.0018549849
        0.0033705851        0.0018035951        0.0010141997
        0.0102813806        0.0014196002       -0.0201337042
       -0.0259837651       -0.0280288998       -0.0405161239
        0.0510223100        0.0125878410       -0.1173076441
       -0.0245684345        0.0351769256        0.1985856090
