   12   36
        0.8275934098       -0.0000292101        0.0003273200
       -0.5428840200       -0.0000191100        0.0003084951
       -0.1308685999       -0.0000043302        0.1249394852
       -0.0119515200       -0.0000002450        0.0029891500
       -0.1297352600       -0.0000042999       -0.1245092749
       -0.0121397849       -0.0000002400       -0.0034464450
       -0.0001907300        0.0003038350       -0.0002365999
       -0.0001907300       -0.0003038849       -0.0002366099
        0.0002714151        0.0002497852        0.0000023051
        0.0002714151       -0.0002498048        0.0000023101
       -0.0000877598        0.0000294452       -0.0000565799
       -0.0000877449       -0.0000294399       -0.0000565899
       -0.0000292101        0.1050511202       -0.0000244853
       -0.0000191100       -0.0433329102        0.0000011450
       -0.0000038001       -0.0356963552       -0.0000112151
       -0.0000001351        0.0047350947        0.0000000898
       -0.0000037652       -0.0353320300       -0.0000112999
       -0.0000001299        0.0045873749        0.0000000999
       -0.0001499352       -0.0001907401        0.0003483198
        0.0001499099       -0.0001907451       -0.0003483602
        0.0001766549        0.0000542050       -0.0001299451
       -0.0001766800        0.0000542050        0.0001299500
       -0.0000653601        0.0001310750       -0.0000838550
        0.0000653549        0.0001310750        0.0000838349
        0.0003273200       -0.0000244853        0.6372683401
       -0.0003563100        0.0000011499       -0.1120715201
        0.1195560399       -0.0000125551       -0.2653928399
       -0.0300996251       -0.0000003901        0.0039012649
       -0.1194220052       -0.0000126352       -0.2665858750
        0.0302629151       -0.0000003851        0.0036024849
        0.0003483198       -0.0002366201        0.0000287649
        0.0003483198        0.0002365600        0.0000287599
       -0.0004067900       -0.0000607500       -0.0003827999
       -0.0004067900        0.0000607301       -0.0003827999
       -0.0000617000        0.0000218449       -0.0000067202
       -0.0000617000       -0.0000218601       -0.0000067200
       -0.5428840200       -0.0000191100       -0.0003563100
        0.8275934098       -0.0000292049       -0.0002964799
       -0.0119515200       -0.0000002400       -0.0029906649
       -0.1308685999       -0.0000043400       -0.1249023499
       -0.0121397900       -0.0000002399        0.0034449752
       -0.1297352549       -0.0000043049        0.1245460801
       -0.0001907300       -0.0003038849        0.0002365800
       -0.0001907300        0.0003038352        0.0002365751
        0.0002714151       -0.0002498098       -0.0000023549
        0.0002714052        0.0002497903       -0.0000023499
       -0.0000877499       -0.0000294449        0.0000565950
       -0.0000877499        0.0000294402        0.0000565801
       -0.0000191100       -0.0433329102        0.0000011499
       -0.0000292049        0.1050511099       -0.0000244751
       -0.0000001300        0.0047351048        0.0000000901
       -0.0000038000       -0.0356963551       -0.0000112300
       -0.0000001350        0.0045873800        0.0000001101
       -0.0000037500       -0.0353320299       -0.0000112949
        0.0001499200       -0.0001907449        0.0003483250
       -0.0001499400       -0.0001907350       -0.0003483601
       -0.0001766848        0.0000542151       -0.0001299350
        0.0001766600        0.0000542101        0.0001299502
        0.0000653500        0.0001310900       -0.0000838449
       -0.0000653499        0.0001310751        0.0000838450
        0.0003084951        0.0000011450       -0.1120715201
       -0.0002964799       -0.0000244751        0.6372683299
        0.0300998451       -0.0000003800        0.0039012652
       -0.1195194649       -0.0000125500       -0.2653928449
       -0.0302627001       -0.0000003800        0.0036024902
        0.1194582201       -0.0000126249       -0.2665858699
       -0.0003483400       -0.0002366099        0.0000287700
       -0.0003483450        0.0002365701        0.0000287650
        0.0004067502       -0.0000607399       -0.0003827998
        0.0004067552        0.0000607452       -0.0003827948
        0.0000616851        0.0000218499       -0.0000067099
        0.0000616950       -0.0000218650       -0.0000067149
       -0.1308685999       -0.0000038001        0.1195560399
       -0.0119515200       -0.0000001300        0.0300998451
        0.1366634299       -0.0000035752       -0.1345718449
        0.0015241201        0.0000000050       -0.0002839299
        0.0100708199       -0.0000000701       -0.0139710200
       -0.0051902700       -0.0000000449       -0.0007246700
        0.0000542300        0.0002497801       -0.0000607452
        0.0000542201       -0.0002498099       -0.0000607400
       -0.0002303550       -0.0004147400       -0.0001621348
       -0.0002303550        0.0004147401       -0.0001621349
        0.0000521550       -0.0000688000        0.0001897200
        0.0000521500        0.0000688000        0.0001897051
       -0.0000043302       -0.0356963552       -0.0000125551
       -0.0000002400        0.0047351048       -0.0000003800
       -0.0000035752        0.0242708802       -0.0000116201
        0.0000000099       -0.0083111051       -0.0000000101
       -0.0000000651        0.0026086400       -0.0000001799
       -0.0000000250        0.0126451748       -0.0000000252
        0.0001766698        0.0002714249       -0.0004067753
       -0.0001766701        0.0002714150        0.0004067599
       -0.0004189499       -0.0002303500       -0.0000856400
        0.0004189700       -0.0002303450        0.0000856600
        0.0000419600       -0.0001669100        0.0001265948
       -0.0000419651       -0.0001669201       -0.0001265802
        0.1249394852       -0.0000112151       -0.2653928399
       -0.0029906649        0.0000000901        0.0039012652
       -0.1345718449       -0.0000116201        0.2753366797
        0.0002839852       -0.0000000099        0.0009847400
        0.0137586402       -0.0000001948       -0.0155423648
       -0.0008756997       -0.0000000398        0.0015122851
       -0.0001299298        0.0000023101       -0.0003827999
       -0.0001299298       -0.0000023498       -0.0003827999
       -0.0000856399       -0.0001621348       -0.0000371398
       -0.0000856399        0.0001621503       -0.0000371398
       -0.0000384348        0.0000014352        0.0000201501
       -0.0000384348       -0.0000014347        0.0000201400
       -0.0119515200       -0.0000001351       -0.0300996251
       -0.1308685999       -0.0000038000       -0.1195194649
        0.0015241201        0.0000000099        0.0002839852
        0.1366634299       -0.0000035752        0.1346087650
       -0.0051902700       -0.0000000399        0.0007245602
        0.0100708201       -0.0000000649        0.0139701450
        0.0000542150       -0.0002498099        0.0000607498
        0.0000542251        0.0002497902        0.0000607449
       -0.0002303499        0.0004147451        0.0001621451
       -0.0002303499       -0.0004147400        0.0001621451
        0.0000521450        0.0000688000       -0.0001896950
        0.0000521550       -0.0000688050       -0.0001897050
       -0.0000002450        0.0047350947       -0.0000003901
       -0.0000043400       -0.0356963551       -0.0000125500
        0.0000000050       -0.0083111051       -0.0000000099
       -0.0000035752        0.0242708902       -0.0000116302
       -0.0000000502        0.0126451549       -0.0000000350
       -0.0000000600        0.0026086251       -0.0000001901
       -0.0001766750        0.0002714150       -0.0004067752
        0.0001766698        0.0002714150        0.0004067498
        0.0004189600       -0.0002303400       -0.0000856549
       -0.0004189549       -0.0002303550        0.0000856551
       -0.0000419651       -0.0001669201        0.0001265900
        0.0000419699       -0.0001669251       -0.0001265751
        0.0029891500        0.0000000898        0.0039012649
       -0.1249023499       -0.0000112300       -0.2653928449
       -0.0002839299       -0.0000000101        0.0009847400
        0.1346087650       -0.0000116302        0.2753366900
        0.0008755849       -0.0000000550        0.0015122801
       -0.0137595448       -0.0000001900       -0.0155423751
        0.0001299499        0.0000023050       -0.0003828001
        0.0001299500       -0.0000023499       -0.0003828001
        0.0000856501       -0.0001621349       -0.0000371499
        0.0000856501        0.0001621551       -0.0000371499
        0.0000384200        0.0000014300        0.0000201449
        0.0000384250       -0.0000014400        0.0000201400
       -0.1297352600       -0.0000037652       -0.1194220052
       -0.0121397900       -0.0000001350       -0.0302627001
        0.0100708199       -0.0000000651        0.0137586402
       -0.0051902700       -0.0000000502        0.0008755849
        0.1355731300       -0.0000035550        0.1346449402
        0.0014554601       -0.0000000099        0.0003260949
        0.0001310799        0.0000294351        0.0000218550
        0.0001310799       -0.0000294500        0.0000218398
       -0.0001669248       -0.0000688048        0.0000014252
       -0.0001669298        0.0000687901        0.0000014201
        0.0000188000       -0.0000099350        0.0000335750
        0.0000188049        0.0000099200        0.0000335650
       -0.0000042999       -0.0353320300       -0.0000126352
       -0.0000002399        0.0045873800       -0.0000003800
       -0.0000000701        0.0026086400       -0.0000001948
       -0.0000000399        0.0126451549       -0.0000000550
       -0.0000035550        0.0236910299       -0.0000117149
       -0.0000000048       -0.0081659300       -0.0000000050
       -0.0000653500       -0.0000877498       -0.0000616950
        0.0000653651       -0.0000877448        0.0000616849
        0.0000419601        0.0000521452       -0.0000384448
       -0.0000419648        0.0000521402        0.0000384301
       -0.0000253048        0.0000188051       -0.0000290750
        0.0000253000        0.0000187950        0.0000290700
       -0.1245092749       -0.0000112999       -0.2665858750
        0.0034449752        0.0000001101        0.0036024902
       -0.0139710200       -0.0000001799       -0.0155423648
        0.0007245602       -0.0000000350        0.0015122801
        0.1346449402       -0.0000117149        0.2758986497
       -0.0003260348       -0.0000000048        0.0012741151
       -0.0000838449       -0.0000565998       -0.0000067149
       -0.0000838398        0.0000565902       -0.0000067199
        0.0001265803        0.0001897052        0.0000201352
        0.0001265853       -0.0001897048        0.0000201402
       -0.0000290798        0.0000335751       -0.0000929499
       -0.0000290748       -0.0000335798       -0.0000929599
       -0.0121397849       -0.0000001299        0.0302629151
       -0.1297352549       -0.0000037500        0.1194582201
       -0.0051902700       -0.0000000250       -0.0008756997
        0.0100708201       -0.0000000600       -0.0137595448
        0.0014554601       -0.0000000048       -0.0003260348
        0.1355731197       -0.0000035499       -0.1346083999
        0.0001310900       -0.0000294398       -0.0000218549
        0.0001310951        0.0000294402       -0.0000218598
       -0.0001669247        0.0000688003       -0.0000014397
       -0.0001669248       -0.0000687947       -0.0000014347
        0.0000188152        0.0000099301       -0.0000335700
        0.0000188150       -0.0000099298       -0.0000335800
       -0.0000002400        0.0045873749       -0.0000003851
       -0.0000043049       -0.0353320299       -0.0000126249
       -0.0000000449        0.0126451748       -0.0000000398
       -0.0000000649        0.0026086251       -0.0000001900
       -0.0000000099       -0.0081659300       -0.0000000048
       -0.0000035499        0.0236910299       -0.0000117200
        0.0000653600       -0.0000877549       -0.0000616851
       -0.0000653550       -0.0000877498        0.0000616799
       -0.0000419598        0.0000521501       -0.0000384448
        0.0000419602        0.0000521452        0.0000384252
        0.0000252950        0.0000188051       -0.0000290800
       -0.0000253048        0.0000188001        0.0000290751
       -0.0034464450        0.0000000999        0.0036024849
        0.1245460801       -0.0000112949       -0.2665858699
       -0.0007246700       -0.0000000252        0.0015122851
        0.0139701450       -0.0000001901       -0.0155423751
        0.0003260949       -0.0000000050        0.0012741151
       -0.1346083999       -0.0000117200        0.2758986500
        0.0000838550       -0.0000565950       -0.0000067051
        0.0000838550        0.0000565851       -0.0000067200
       -0.0001265849        0.0001897101        0.0000201402
       -0.0001265900       -0.0001897099        0.0000201452
        0.0000290751        0.0000335750       -0.0000929450
        0.0000290750       -0.0000335849       -0.0000929549
       -0.0001907300       -0.0001499352        0.0003483198
       -0.0001907300        0.0001499200       -0.0003483400
        0.0000542300        0.0001766698       -0.0001299298
        0.0000542150       -0.0001766750        0.0001299499
        0.0001310799       -0.0000653500       -0.0000838449
        0.0001310900        0.0000653600        0.0000838550
        0.1050510400       -0.0000291951       -0.0000244601
       -0.0433328700       -0.0000191000        0.0000011498
       -0.0356963299       -0.0000037899       -0.0000112249
        0.0047351101       -0.0000001350        0.0000000901
       -0.0353320250       -0.0000037500       -0.0000112851
        0.0045873901       -0.0000001400        0.0000001151
        0.0003038350       -0.0001907401       -0.0002366201
       -0.0003038849       -0.0001907449       -0.0002366099
        0.0002497801        0.0002714249        0.0000023101
       -0.0002498099        0.0002714150        0.0000023050
        0.0000294351       -0.0000877498       -0.0000565998
       -0.0000294398       -0.0000877549       -0.0000565950
       -0.0000291951        0.8275938998        0.0003269049
       -0.0000190948       -0.5428843400        0.0003085300
       -0.0000043549       -0.1308689498        0.1249397653
       -0.0000002549       -0.0119514998        0.0029891601
       -0.0000043099       -0.1297350799       -0.1245092049
       -0.0000002399       -0.0121398249       -0.0034464600
       -0.0002365999        0.0003483198        0.0000287649
        0.0002365800        0.0003483250        0.0000287700
       -0.0000607452       -0.0004067753       -0.0003827999
        0.0000607498       -0.0004067752       -0.0003828001
        0.0000218550       -0.0000616950       -0.0000067149
       -0.0000218549       -0.0000616851       -0.0000067051
       -0.0000244601        0.0003269049        0.6372685002
        0.0000011597       -0.0003563501       -0.1120715001
       -0.0000125600        0.1195563800       -0.2653928399
       -0.0000003850       -0.0300996049        0.0039013000
       -0.0000126251       -0.1194219151       -0.2665860551
       -0.0000003651        0.0302629449        0.0036024700
       -0.0001907300        0.0001499099        0.0003483198
       -0.0001907300       -0.0001499400       -0.0003483450
        0.0000542201       -0.0001766701       -0.0001299298
        0.0000542251        0.0001766698        0.0001299500
        0.0001310799        0.0000653651       -0.0000838398
        0.0001310951       -0.0000653550        0.0000838550
       -0.0433328700       -0.0000190948        0.0000011597
        0.1050510400       -0.0000291951       -0.0000244651
        0.0047351101       -0.0000001300        0.0000000902
       -0.0356963351       -0.0000037899       -0.0000112199
        0.0045873851       -0.0000001299        0.0000001150
       -0.0353320200       -0.0000037400       -0.0000112951
       -0.0003038849       -0.0001907451        0.0002365600
        0.0003038352       -0.0001907350        0.0002365701
       -0.0002498099        0.0002714150       -0.0000023498
        0.0002497902        0.0002714150       -0.0000023499
       -0.0000294500       -0.0000877448        0.0000565902
        0.0000294402       -0.0000877498        0.0000565851
       -0.0000191000       -0.5428843400       -0.0003563501
       -0.0000291951        0.8275938998       -0.0002960650
       -0.0000002449       -0.0119514948       -0.0029906847
       -0.0000043498       -0.1308689448       -0.1249026448
       -0.0000002498       -0.0121398199        0.0034449850
       -0.0000042998       -0.1297350798        0.1245460051
       -0.0002366099       -0.0003483602        0.0000287599
        0.0002365751       -0.0003483601        0.0000287650
       -0.0000607400        0.0004067599       -0.0003827999
        0.0000607449        0.0004067498       -0.0003828001
        0.0000218398        0.0000616849       -0.0000067199
       -0.0000218598        0.0000616799       -0.0000067200
        0.0000011498        0.0003085300       -0.1120715001
       -0.0000244651       -0.0002960650        0.6372685101
       -0.0000003899        0.0300998200        0.0039012950
       -0.0000125600       -0.1195198099       -0.2653928399
       -0.0000003750       -0.0302627151        0.0036024799
       -0.0000126300        0.1194581399       -0.2665860700
        0.0002714151        0.0001766549       -0.0004067900
        0.0002714151       -0.0001766848        0.0004067502
       -0.0002303550       -0.0004189499       -0.0000856399
       -0.0002303499        0.0004189600        0.0000856501
       -0.0001669248        0.0000419601        0.0001265803
       -0.0001669247       -0.0000419598       -0.0001265849
       -0.0356963299       -0.0000043549       -0.0000125600
        0.0047351101       -0.0000002449       -0.0000003899
        0.0242708498       -0.0000035898       -0.0000116397
       -0.0083111148       -0.0000000048       -0.0000000047
        0.0026086300       -0.0000000750       -0.0000001801
        0.0126451751       -0.0000000449       -0.0000000350
        0.0002497852        0.0000542050       -0.0000607500
       -0.0002498098        0.0000542151       -0.0000607399
       -0.0004147400       -0.0002303500       -0.0001621348
        0.0004147451       -0.0002303400       -0.0001621349
       -0.0000688048        0.0000521452        0.0001897052
        0.0000688003        0.0000521501        0.0001897101
       -0.0000037899       -0.1308689498        0.1195563800
       -0.0000001300       -0.0119514948        0.0300998200
       -0.0000035898        0.1366637397       -0.1345721748
        0.0000000051        0.0015241201       -0.0002839299
       -0.0000000799        0.0100708300       -0.0139709950
       -0.0000000398       -0.0051902698       -0.0007246747
        0.0000023051       -0.0001299451       -0.0003827999
       -0.0000023549       -0.0001299350       -0.0003827998
       -0.0001621348       -0.0000856400       -0.0000371398
        0.0001621451       -0.0000856549       -0.0000371499
        0.0000014252       -0.0000384448        0.0000201352
       -0.0000014397       -0.0000384448        0.0000201402
       -0.0000112249        0.1249397653       -0.2653928399
        0.0000000902       -0.0029906847        0.0039012950
       -0.0000116397       -0.1345721748        0.2753366897
       -0.0000000148        0.0002839802        0.0009847302
       -0.0000001947        0.0137586652       -0.0155423899
       -0.0000000499       -0.0008757148        0.0015122752
        0.0002714151       -0.0001766800       -0.0004067900
        0.0002714052        0.0001766600        0.0004067552
       -0.0002303550        0.0004189700       -0.0000856399
       -0.0002303499       -0.0004189549        0.0000856501
       -0.0001669298       -0.0000419648        0.0001265853
       -0.0001669248        0.0000419602       -0.0001265900
        0.0047351101       -0.0000002549       -0.0000003850
       -0.0356963351       -0.0000043498       -0.0000125600
       -0.0083111148        0.0000000051       -0.0000000148
        0.0242708498       -0.0000035847       -0.0000116297
        0.0126451651       -0.0000000449       -0.0000000399
        0.0026086401       -0.0000000699       -0.0000001950
       -0.0002498048        0.0000542050        0.0000607301
        0.0002497903        0.0000542101        0.0000607452
        0.0004147401       -0.0002303450        0.0001621503
       -0.0004147400       -0.0002303550        0.0001621551
        0.0000687901        0.0000521402       -0.0001897048
       -0.0000687947        0.0000521452       -0.0001897099
       -0.0000001350       -0.0119514998       -0.0300996049
       -0.0000037899       -0.1308689448       -0.1195198099
       -0.0000000048        0.0015241201        0.0002839802
       -0.0000035847        0.1366637397        0.1346090852
       -0.0000000448       -0.0051902649        0.0007245701
       -0.0000000699        0.0100708250        0.0139701251
        0.0000023101        0.0001299500       -0.0003827999
       -0.0000023499        0.0001299502       -0.0003827948
       -0.0001621349        0.0000856600       -0.0000371398
        0.0001621451        0.0000856551       -0.0000371499
        0.0000014201        0.0000384301        0.0000201402
       -0.0000014347        0.0000384252        0.0000201452
        0.0000000901        0.0029891601        0.0039013000
       -0.0000112199       -0.1249026448       -0.2653928399
       -0.0000000047       -0.0002839299        0.0009847302
       -0.0000116297        0.1346090852        0.2753366797
       -0.0000000497        0.0008755900        0.0015122951
       -0.0000001899       -0.0137595799       -0.0155423999
       -0.0000877598       -0.0000653601       -0.0000617000
       -0.0000877499        0.0000653500        0.0000616851
        0.0000521550        0.0000419600       -0.0000384348
        0.0000521450       -0.0000419651        0.0000384200
        0.0000188000       -0.0000253048       -0.0000290798
        0.0000188152        0.0000252950        0.0000290751
       -0.0353320250       -0.0000043099       -0.0000126251
        0.0045873851       -0.0000002498       -0.0000003750
        0.0026086300       -0.0000000799       -0.0000001947
        0.0126451651       -0.0000000448       -0.0000000497
        0.0236910299       -0.0000035600       -0.0000117150
       -0.0081659449       -0.0000000149       -0.0000000199
        0.0000294452        0.0001310750        0.0000218449
       -0.0000294449        0.0001310900        0.0000218499
       -0.0000688000       -0.0001669100        0.0000014352
        0.0000688000       -0.0001669201        0.0000014300
       -0.0000099350        0.0000188051        0.0000335751
        0.0000099301        0.0000188051        0.0000335750
       -0.0000037500       -0.1297350799       -0.1194219151
       -0.0000001299       -0.0121398199       -0.0302627151
       -0.0000000750        0.0100708300        0.0137586652
       -0.0000000449       -0.0051902649        0.0008755900
       -0.0000035600        0.1355729700        0.1346448600
        0.0000000051        0.0014554601        0.0003260850
       -0.0000565799       -0.0000838550       -0.0000067202
        0.0000565950       -0.0000838449       -0.0000067099
        0.0001897200        0.0001265948        0.0000201501
       -0.0001896950        0.0001265900        0.0000201449
        0.0000335750       -0.0000290750       -0.0000929499
       -0.0000335700       -0.0000290800       -0.0000929450
       -0.0000112851       -0.1245092049       -0.2665860551
        0.0000001150        0.0034449850        0.0036024799
       -0.0000001801       -0.0139709950       -0.0155423899
       -0.0000000399        0.0007245701        0.0015122951
       -0.0000117150        0.1346448600        0.2758988700
        0.0000000000       -0.0003260300        0.0012741199
       -0.0000877449        0.0000653549       -0.0000617000
       -0.0000877499       -0.0000653499        0.0000616950
        0.0000521500       -0.0000419651       -0.0000384348
        0.0000521550        0.0000419699        0.0000384250
        0.0000188049        0.0000253000       -0.0000290748
        0.0000188150       -0.0000253048        0.0000290750
        0.0045873901       -0.0000002399       -0.0000003651
       -0.0353320200       -0.0000042998       -0.0000126300
        0.0126451751       -0.0000000398       -0.0000000499
        0.0026086401       -0.0000000699       -0.0000001899
       -0.0081659449        0.0000000051        0.0000000000
        0.0236910199       -0.0000035550       -0.0000117249
       -0.0000294399        0.0001310750       -0.0000218601
        0.0000294402        0.0001310751       -0.0000218650
        0.0000688000       -0.0001669201       -0.0000014347
       -0.0000688050       -0.0001669251       -0.0000014400
        0.0000099200        0.0000187950       -0.0000335798
       -0.0000099298        0.0000188001       -0.0000335849
       -0.0000001400       -0.0121398249        0.0302629449
       -0.0000037400       -0.1297350798        0.1194581399
       -0.0000000449       -0.0051902698       -0.0008757148
       -0.0000000699        0.0100708250       -0.0137595799
       -0.0000000149        0.0014554601       -0.0003260300
       -0.0000035550        0.1355729799       -0.1346083299
       -0.0000565899        0.0000838349       -0.0000067200
        0.0000565801        0.0000838450       -0.0000067149
        0.0001897051       -0.0001265802        0.0000201400
       -0.0001897050       -0.0001265751        0.0000201400
        0.0000335650        0.0000290700       -0.0000929599
       -0.0000335800        0.0000290751       -0.0000929549
        0.0000001151       -0.0034464600        0.0036024700
       -0.0000112951        0.1245460051       -0.2665860700
       -0.0000000350       -0.0007246747        0.0015122752
       -0.0000001950        0.0139701251       -0.0155423999
       -0.0000000199        0.0003260850        0.0012741199
       -0.0000117249       -0.1346083299        0.2758988899
