   17   51
        0.6251862455        0.0000000000        0.0000000000
       -0.0934017519        0.0000000002       -0.0000000000
       -0.0934017519       -0.0000000002       -0.0000000000
        0.0004826288       -0.0000000000       -0.0000000000
        0.0004826289        0.0000000000       -0.0000000000
       -0.2193979877        0.0000000000        0.1126676219
       -0.2193979878        0.0000000000       -0.1126676220
       -0.0000761956       -0.0270629529       -0.0190679756
       -0.0000761956        0.0270629528        0.0190679756
       -0.0000761956       -0.0270629528        0.0190679756
       -0.0000761956        0.0270629529       -0.0190679756
       -0.0001684361        0.0012201033        0.0001614238
       -0.0001684362       -0.0012201033       -0.0001614237
       -0.0001684362        0.0012201033       -0.0001614237
       -0.0001684361       -0.0012201033        0.0001614238
        0.0002114813        0.0000000000        0.0000000000
        0.0002114813       -0.0000000000        0.0000000000
        0.0000000000        0.5285236273       -0.0000000004
        0.0000000000       -0.1713079371       -0.0550239970
       -0.0000000000       -0.1713079361        0.0550239975
        0.0000000000       -0.0322959449       -0.0174477761
        0.0000000000       -0.0322959452        0.0174477760
        0.0000000000       -0.0594438643        0.0000000000
       -0.0000000000       -0.0594438639        0.0000000000
        0.0001961819       -0.0007167075       -0.0004168114
       -0.0001961820       -0.0007167072       -0.0004168111
        0.0001961816       -0.0007167070        0.0004168116
       -0.0001961811       -0.0007167077        0.0004168113
       -0.0002867435        0.0020729217       -0.0013263913
        0.0002867433        0.0020729217       -0.0013263911
       -0.0002867428        0.0020729221        0.0013263903
        0.0002867426        0.0020729221        0.0013263912
        0.0000000000       -0.0039262748        0.0028762864
        0.0000000000       -0.0039262747       -0.0028762863
        0.0000000000       -0.0000000004        0.5839036713
        0.0000000000       -0.0561716530       -0.1366723627
       -0.0000000001        0.0561716524       -0.1366723621
       -0.0000000000        0.0189686736        0.0171259612
        0.0000000000       -0.0189686736        0.0171259612
        0.1149695513        0.0000000000       -0.1433656427
       -0.1149695516       -0.0000000002       -0.1433656427
        0.0001898666       -0.0186494766       -0.0131781473
       -0.0001898666       -0.0186494764       -0.0131781475
       -0.0001898666        0.0186494764       -0.0131781478
        0.0001898668        0.0186494766       -0.0131781476
       -0.0000886774        0.0004299592        0.0003100066
        0.0000886775        0.0004299592        0.0003100063
        0.0000886772       -0.0004299592        0.0003100064
       -0.0000886773       -0.0004299592        0.0003100064
        0.0000000000        0.0068150028       -0.0033049481
        0.0000000000       -0.0068150025       -0.0033049482
       -0.0934017519        0.0000000000        0.0000000000
        0.6298968588        0.0000000000        0.0000000000
       -0.0001894622        0.0000000000        0.0000000000
       -0.0931313440        0.0000000000        0.0000000000
       -0.0008319798        0.0000000000        0.0000000000
       -0.0000153359        0.0269205500        0.0188337646
       -0.0000153359       -0.0269205500       -0.0188337646
       -0.2219144452        0.0001944754       -0.1142553867
       -0.2219144451       -0.0001944754        0.1142553867
       -0.0002703758       -0.0010530645        0.0000281641
       -0.0002703758        0.0010530645       -0.0000281641
        0.0008170324        0.0271905013       -0.0187693768
        0.0008170324       -0.0271905013        0.0187693768
        0.0003792423       -0.0000881258       -0.0002644228
        0.0003792423        0.0000881258        0.0002644228
       -0.0009994132        0.0000000000        0.0000000000
        0.0006608993        0.0000000000        0.0000000000
        0.0000000002       -0.1713079371       -0.0561716530
        0.0000000000        0.5203699770       -0.0043762004
        0.0000000002       -0.0304736893       -0.0175115219
        0.0000000000       -0.1757672873        0.0593106258
        0.0000000000       -0.0029275001        0.0038831245
       -0.0004560689       -0.0008207413       -0.0002435688
        0.0004560690       -0.0008207412       -0.0002435686
       -0.0001073566       -0.0592300491       -0.0000960048
        0.0001073565       -0.0592300490       -0.0000960048
        0.0003169207        0.0018732918       -0.0012708315
       -0.0003169206        0.0018732916       -0.0012708316
       -0.0003526368        0.0000286413       -0.0001933057
        0.0003526368        0.0000286415       -0.0001933055
        0.0002129650       -0.0000851822       -0.0000691054
       -0.0002129650       -0.0000851822       -0.0000691052
        0.0000000000       -0.0224170488        0.0196537513
        0.0000000000       -0.0010085915       -0.0010420291
       -0.0000000000       -0.0550239970       -0.1366723627
        0.0000000000       -0.0043762004        0.5839677891
       -0.0000000001        0.0175115228        0.0181874688
       -0.0000000000        0.0557246861       -0.1354727934
        0.0000000000        0.0045594393       -0.0049479641
       -0.0002246602       -0.0186056420       -0.0131247821
        0.0002246600       -0.0186056421       -0.0131247821
       -0.1168317235        0.0002291808       -0.1451278867
        0.1168317235        0.0002291809       -0.1451278866
        0.0002479972        0.0005400446        0.0001576470
       -0.0002479973        0.0005400447        0.0001576468
        0.0007541395        0.0181998567       -0.0127953571
       -0.0007541394        0.0181998567       -0.0127953573
       -0.0003619626       -0.0001978274        0.0001538247
        0.0003619625       -0.0001978274        0.0001538248
        0.0000000000       -0.0208544981        0.0152762886
        0.0000000000        0.0021263496        0.0011324806
       -0.0934017519       -0.0000000000       -0.0000000001
       -0.0001894622        0.0000000002       -0.0000000001
        0.6298968589       -0.0000000002       -0.0000000001
       -0.0008319798        0.0000000004        0.0000000001
       -0.0931313440       -0.0000000003        0.0000000001
       -0.0000153360       -0.0269205500        0.0188337647
       -0.0000153358        0.0269205500       -0.0188337645
       -0.0002703758       -0.0010530645       -0.0000281640
       -0.0002703759        0.0010530645        0.0000281642
       -0.2219144452        0.0001944754        0.1142553868
       -0.2219144451       -0.0001944754       -0.1142553867
        0.0003792423       -0.0000881258        0.0002644228
        0.0003792423        0.0000881258       -0.0002644228
        0.0008170324        0.0271905013        0.0187693768
        0.0008170325       -0.0271905013       -0.0187693768
        0.0006608993       -0.0000000004       -0.0000000002
       -0.0009994132        0.0000000004       -0.0000000002
       -0.0000000002       -0.1713079361        0.0561716524
        0.0000000000       -0.0304736893        0.0175115228
       -0.0000000002        0.5203699780        0.0043762000
       -0.0000000000       -0.0029274993       -0.0038831240
        0.0000000000       -0.1757672881       -0.0593106256
        0.0004560689       -0.0008207416        0.0002435690
       -0.0004560689       -0.0008207415        0.0002435688
        0.0003169211        0.0018732918        0.0012708316
       -0.0003169210        0.0018732919        0.0012708317
       -0.0001073568       -0.0592300491        0.0000960052
        0.0001073569       -0.0592300492        0.0000960051
        0.0002129646       -0.0000851822        0.0000691048
       -0.0002129645       -0.0000851823        0.0000691046
       -0.0003526365        0.0000286412        0.0001933055
        0.0003526365        0.0000286412        0.0001933053
        0.0000000000       -0.0010085921        0.0010420292
        0.0000000000       -0.0224170480       -0.0196537517
       -0.0000000000        0.0550239975       -0.1366723621
        0.0000000000       -0.0175115219        0.0181874688
       -0.0000000001        0.0043762000        0.5839677884
       -0.0000000000       -0.0045594399       -0.0049479643
        0.0000000000       -0.0557246855       -0.1354727938
       -0.0002246603        0.0186056421       -0.0131247822
        0.0002246601        0.0186056420       -0.0131247822
       -0.0002479977       -0.0005400449        0.0001576466
        0.0002479976       -0.0005400448        0.0001576467
        0.1168317238       -0.0002291807       -0.1451278867
       -0.1168317239       -0.0002291806       -0.1451278868
        0.0003619630        0.0001978273        0.0001538253
       -0.0003619628        0.0001978273        0.0001538251
       -0.0007541402       -0.0181998566       -0.0127953568
        0.0007541401       -0.0181998566       -0.0127953568
        0.0000000000       -0.0021263488        0.0011324808
        0.0000000000        0.0208544979        0.0152762886
        0.0004826288        0.0000000000       -0.0000000000
       -0.0931313440        0.0000000000       -0.0000000000
       -0.0008319798       -0.0000000000       -0.0000000000
        0.6012682957        0.0000000000        0.0000000000
        0.0007257202       -0.0000000000        0.0000000000
       -0.0001118625        0.0009416830       -0.0002045443
       -0.0001118625       -0.0009416830        0.0002045443
        0.0012354226        0.0273018970       -0.0176239230
        0.0012354226       -0.0273018970        0.0176239230
        0.0004182202        0.0000938931       -0.0003332014
        0.0004182203       -0.0000938931        0.0003332014
       -0.2264444876        0.0028111764       -0.1193775382
       -0.2264444876       -0.0028111764        0.1193775382
       -0.0000394147       -0.0000855493       -0.0000573116
       -0.0000394147        0.0000855493        0.0000573116
       -0.0586121522       -0.0000000000       -0.0000000000
       -0.0000199288        0.0000000000        0.0000000000
       -0.0000000000       -0.0322959449        0.0189686736
        0.0000000000       -0.1757672873        0.0557246861
        0.0000000004       -0.0029274993       -0.0045594399
        0.0000000000        0.5570861658        0.0427651999
        0.0000000000       -0.0008967586        0.0014703398
       -0.0001691668        0.0018486674        0.0011931125
        0.0001691675        0.0018486677        0.0011931125
       -0.0002511325       -0.0001225708       -0.0000826288
        0.0002511326       -0.0001225713       -0.0000826286
       -0.0002488320       -0.0000456609        0.0001059865
        0.0002488315       -0.0000456611        0.0001059865
        0.0050791827       -0.0587163752        0.0031448786
       -0.0050791830       -0.0587163753        0.0031448792
        0.0000670623        0.0000553952       -0.0000198805
       -0.0000670619        0.0000553952       -0.0000198809
        0.0000000000       -0.2307640765       -0.1227252371
        0.0000000000       -0.0004749861       -0.0003268018
       -0.0000000000       -0.0174477761        0.0171259612
        0.0000000000        0.0593106258       -0.1354727934
        0.0000000001       -0.0038831240       -0.0049479643
        0.0000000000        0.0427651999        0.5783883177
        0.0000000000       -0.0014703394        0.0015748523
        0.0000463244       -0.0004304450        0.0004283229
       -0.0000463241       -0.0004304448        0.0004283229
        0.0011214281        0.0193361161       -0.0121489517
       -0.0011214281        0.0193361159       -0.0121489515
       -0.0003840513        0.0001137468        0.0001689171
        0.0003840512        0.0001137466        0.0001689169
       -0.1205323993        0.0014621042       -0.1445855838
        0.1205323991        0.0014621042       -0.1445855835
        0.0000796924        0.0000901490       -0.0000116753
       -0.0000796923        0.0000901490       -0.0000116752
        0.0000000000       -0.1197204938       -0.1440214191
        0.0000000000       -0.0006921046       -0.0003524221
        0.0004826289        0.0000000000        0.0000000000
       -0.0008319798        0.0000000000        0.0000000000
       -0.0931313440        0.0000000000        0.0000000000
        0.0007257202        0.0000000000        0.0000000000
        0.6012682953        0.0000000000        0.0000000000
       -0.0001118626       -0.0009416830       -0.0002045443
       -0.0001118626        0.0009416830        0.0002045443
        0.0004182202        0.0000938931        0.0003332014
        0.0004182203       -0.0000938931       -0.0003332014
        0.0012354225        0.0273018970        0.0176239230
        0.0012354225       -0.0273018970       -0.0176239230
       -0.0000394147       -0.0000855493        0.0000573116
       -0.0000394147        0.0000855493       -0.0000573116
       -0.2264444875        0.0028111764        0.1193775381
       -0.2264444876       -0.0028111764       -0.1193775381
       -0.0000199288        0.0000000000        0.0000000000
       -0.0586121522        0.0000000000        0.0000000000
        0.0000000000       -0.0322959452       -0.0189686736
        0.0000000000       -0.0029275001        0.0045594393
       -0.0000000003       -0.1757672881       -0.0557246855
       -0.0000000000       -0.0008967586       -0.0014703394
        0.0000000000        0.5570861658       -0.0427652002
        0.0001691668        0.0018486675       -0.0011931125
       -0.0001691675        0.0018486670       -0.0011931125
       -0.0002488321       -0.0000456611       -0.0001059859
        0.0002488320       -0.0000456608       -0.0001059863
       -0.0002511326       -0.0001225714        0.0000826282
        0.0002511327       -0.0001225708        0.0000826285
        0.0000670621        0.0000553954        0.0000198811
       -0.0000670616        0.0000553954        0.0000198803
        0.0050791823       -0.0587163754       -0.0031448788
       -0.0050791825       -0.0587163754       -0.0031448791
        0.0000000000       -0.0004749853        0.0003268022
        0.0000000000       -0.2307640757        0.1227252368
       -0.0000000000        0.0174477760        0.0171259612
        0.0000000000        0.0038831245       -0.0049479641
        0.0000000001       -0.0593106256       -0.1354727938
        0.0000000000        0.0014703398        0.0015748523
        0.0000000000       -0.0427652002        0.5783883180
        0.0000463244        0.0004304450        0.0004283230
       -0.0000463240        0.0004304452        0.0004283229
        0.0003840514       -0.0001137465        0.0001689168
       -0.0003840514       -0.0001137467        0.0001689170
       -0.0011214281       -0.0193361160       -0.0121489514
        0.0011214279       -0.0193361161       -0.0121489514
       -0.0000796923       -0.0000901489       -0.0000116755
        0.0000796922       -0.0000901489       -0.0000116752
        0.1205323994       -0.0014621043       -0.1445855836
       -0.1205323992       -0.0014621043       -0.1445855837
        0.0000000000        0.0006921039       -0.0003524223
        0.0000000000        0.1197204938       -0.1440214191
       -0.2193979877        0.0000000000        0.1149695513
       -0.0000153359       -0.0004560689       -0.0002246602
       -0.0000153360        0.0004560689       -0.0002246603
       -0.0001118625       -0.0001691668        0.0000463244
       -0.0001118626        0.0001691668        0.0000463244
        0.2367189549        0.0000000001       -0.1302775490
       -0.0245842945       -0.0000000000        0.0167954328
        0.0011001862        0.0006299379        0.0003553805
        0.0019124569       -0.0001025086       -0.0002303230
        0.0019124569        0.0001025086       -0.0002303229
        0.0011001863       -0.0006299379        0.0003553805
       -0.0000257581       -0.0000200426        0.0000705464
        0.0004533105        0.0005135825       -0.0004078498
        0.0004533102       -0.0005135824       -0.0004078498
       -0.0000257581        0.0000200426        0.0000705463
        0.0003195881        0.0001661333       -0.0003526775
        0.0003195881       -0.0001661330       -0.0003526776
        0.0000000000       -0.0594438643        0.0000000000
        0.0269205500       -0.0008207413       -0.0186056420
       -0.0269205500       -0.0008207416        0.0186056421
        0.0009416830        0.0018486674       -0.0004304450
       -0.0009416830        0.0018486675        0.0004304450
        0.0000000001        0.0663603570       -0.0000000001
       -0.0000000001       -0.0001889340       -0.0000000001
       -0.0006147668        0.0013406323        0.0008376646
       -0.0000450852       -0.0055025828       -0.0040095382
        0.0000450852       -0.0055025828        0.0040095381
        0.0006147668        0.0013406324       -0.0008376646
        0.0000080292       -0.0001080755        0.0000686426
       -0.0005074437       -0.0004736740        0.0004438855
        0.0005074437       -0.0004736741       -0.0004438854
       -0.0000080291       -0.0001080756       -0.0000686427
       -0.0003200968        0.0003518213        0.0001168756
        0.0003200968        0.0003518212       -0.0001168756
        0.1126676219        0.0000000000       -0.1433656427
        0.0188337646       -0.0002435688       -0.0131247821
        0.0188337647        0.0002435690       -0.0131247822
       -0.0002045443        0.0011931125        0.0004283229
       -0.0002045443       -0.0011931125        0.0004283230
       -0.1302775490       -0.0000000001        0.1559047847
       -0.0167954324        0.0000000001        0.0141946117
       -0.0003264630        0.0008271548        0.0002331209
       -0.0002183010       -0.0039045300       -0.0019826889
       -0.0002183010        0.0039045300       -0.0019826889
       -0.0003264631       -0.0008271548        0.0002331210
       -0.0000864930       -0.0000806810        0.0000734390
       -0.0003985655       -0.0004187987        0.0008821790
       -0.0003985652        0.0004187987        0.0008821790
       -0.0000864929        0.0000806810        0.0000734391
       -0.0003949068        0.0000710493        0.0001241532
       -0.0003949068       -0.0000710496        0.0001241533
       -0.2193979878       -0.0000000000       -0.1149695516
       -0.0000153359        0.0004560690        0.0002246600
       -0.0000153358       -0.0004560689        0.0002246601
       -0.0001118625        0.0001691675       -0.0000463241
       -0.0001118626       -0.0001691675       -0.0000463240
       -0.0245842945       -0.0000000001       -0.0167954324
        0.2367189556        0.0000000001        0.1302775493
        0.0019124571        0.0001025088        0.0002303231
        0.0011001862       -0.0006299380       -0.0003553805
        0.0011001862        0.0006299380       -0.0003553806
        0.0019124570       -0.0001025088        0.0002303232
        0.0004533104       -0.0005135823        0.0004078495
       -0.0000257583        0.0000200427       -0.0000705463
       -0.0000257579       -0.0000200427       -0.0000705463
        0.0004533103        0.0005135823        0.0004078497
        0.0003195881       -0.0001661341        0.0003526772
        0.0003195881        0.0001661338        0.0003526773
        0.0000000000       -0.0594438639       -0.0000000002
       -0.0269205500       -0.0008207412       -0.0186056421
        0.0269205500       -0.0008207415        0.0186056420
       -0.0009416830        0.0018486677       -0.0004304448
        0.0009416830        0.0018486670        0.0004304452
       -0.0000000000       -0.0001889340        0.0000000001
        0.0000000001        0.0663603570        0.0000000001
        0.0000450852       -0.0055025827       -0.0040095381
        0.0006147668        0.0013406323        0.0008376646
       -0.0006147670        0.0013406322       -0.0008376645
       -0.0000450851       -0.0055025828        0.0040095383
        0.0005074437       -0.0004736740        0.0004438855
       -0.0000080292       -0.0001080755        0.0000686426
        0.0000080292       -0.0001080756       -0.0000686426
       -0.0005074438       -0.0004736741       -0.0004438857
        0.0003200968        0.0003518208        0.0001168755
       -0.0003200968        0.0003518215       -0.0001168757
       -0.1126676220        0.0000000000       -0.1433656427
       -0.0188337646       -0.0002435686       -0.0131247821
       -0.0188337645        0.0002435688       -0.0131247822
        0.0002045443        0.0011931125        0.0004283229
        0.0002045443       -0.0011931125        0.0004283229
        0.0167954328       -0.0000000001        0.0141946117
        0.1302775493        0.0000000001        0.1559047845
        0.0002183011       -0.0039045299       -0.0019826889
        0.0003264631        0.0008271546        0.0002331209
        0.0003264631       -0.0008271546        0.0002331209
        0.0002183010        0.0039045299       -0.0019826888
        0.0003985654       -0.0004187987        0.0008821788
        0.0000864928       -0.0000806811        0.0000734393
        0.0000864931        0.0000806811        0.0000734392
        0.0003985654        0.0004187987        0.0008821789
        0.0003949068        0.0000710493        0.0001241532
        0.0003949068       -0.0000710496        0.0001241533
       -0.0000761956        0.0001961819        0.0001898666
       -0.2219144452       -0.0001073566       -0.1168317235
       -0.0002703758        0.0003169211       -0.0002479977
        0.0012354226       -0.0002511325        0.0011214281
        0.0004182202       -0.0002488321        0.0003840514
        0.0011001862       -0.0006147668       -0.0003264630
        0.0019124571        0.0000450852        0.0002183011
        0.2388226793       -0.0002414007        0.1315707477
       -0.0246049253       -0.0000849794       -0.0167728716
       -0.0000021606       -0.0000051555       -0.0000886274
        0.0005807897       -0.0004904549        0.0004829502
        0.0018105148       -0.0000738906        0.0006383466
        0.0010174022        0.0005578423       -0.0004076837
       -0.0000313679        0.0000214978        0.0000006501
       -0.0000089169        0.0002244131        0.0001052907
        0.0000331118        0.0008965096        0.0000042338
       -0.0000205191       -0.0001402485       -0.0000414721
       -0.0270629529       -0.0007167075       -0.0186494766
        0.0001944754       -0.0592300491        0.0002291808
       -0.0010530645        0.0018732918       -0.0005400449
        0.0273018970       -0.0001225708        0.0193361161
        0.0000938931       -0.0000456611       -0.0001137465
        0.0006299379        0.0013406323        0.0008271548
        0.0001025088       -0.0055025827       -0.0039045299
       -0.0002414007        0.0661248205       -0.0002233817
        0.0000849793       -0.0002061482       -0.0000749848
       -0.0000051554       -0.0000932246        0.0000725412
        0.0004904548       -0.0005436513        0.0004012220
       -0.0003094410       -0.0054935840        0.0043324549
       -0.0006625504        0.0013989231       -0.0008166079
       -0.0000110891        0.0000087322       -0.0000182969
        0.0002059540        0.0000969691        0.0002187731
        0.0001523329        0.0011161103       -0.0011641588
        0.0000892420       -0.0000057290        0.0000876889
       -0.0190679756       -0.0004168114       -0.0131781473
       -0.1142553867       -0.0000960048       -0.1451278867
       -0.0000281640        0.0012708316        0.0001576466
       -0.0176239230       -0.0000826288       -0.0121489517
        0.0003332014       -0.0001059859        0.0001689168
        0.0003553805        0.0008376646        0.0002331209
        0.0002303231       -0.0040095381       -0.0019826889
        0.1315707477       -0.0002233817        0.1568929914
        0.0167728716       -0.0000749849        0.0144089945
        0.0000886277       -0.0000725412        0.0000696102
        0.0004829498       -0.0004012219        0.0009381277
        0.0002544642        0.0040056911       -0.0017153192
        0.0003118176       -0.0008672266        0.0001397485
       -0.0000086917       -0.0000114963       -0.0000558148
        0.0000959327        0.0002414116        0.0001298519
        0.0004280916        0.0000841047        0.0010386079
        0.0000561003       -0.0000776691        0.0000324574
       -0.0000761956       -0.0001961820       -0.0001898666
       -0.2219144451        0.0001073565        0.1168317235
       -0.0002703759       -0.0003169210        0.0002479976
        0.0012354226        0.0002511326       -0.0011214281
        0.0004182203        0.0002488320       -0.0003840514
        0.0019124569       -0.0000450852       -0.0002183010
        0.0011001862        0.0006147668        0.0003264631
       -0.0246049253        0.0000849793        0.0167728716
        0.2388226793        0.0002414009       -0.1315707478
        0.0005807900        0.0004904550       -0.0004829503
       -0.0000021604        0.0000051554        0.0000886275
        0.0010174022       -0.0005578423        0.0004076838
        0.0018105148        0.0000738906       -0.0006383467
       -0.0000089170       -0.0002244131       -0.0001052908
       -0.0000313679       -0.0000214979       -0.0000006499
        0.0000331118       -0.0008965097       -0.0000042338
       -0.0000205191        0.0001402486        0.0000414720
        0.0270629528       -0.0007167072       -0.0186494764
       -0.0001944754       -0.0592300490        0.0002291809
        0.0010530645        0.0018732919       -0.0005400448
       -0.0273018970       -0.0001225713        0.0193361159
       -0.0000938931       -0.0000456608       -0.0001137467
       -0.0001025086       -0.0055025828       -0.0039045300
       -0.0006299380        0.0013406323        0.0008271546
       -0.0000849794       -0.0002061482       -0.0000749849
        0.0002414009        0.0661248204       -0.0002233818
       -0.0004904549       -0.0005436512        0.0004012220
        0.0000051553       -0.0000932246        0.0000725413
        0.0006625505        0.0013989231       -0.0008166079
        0.0003094408       -0.0054935841        0.0043324551
       -0.0002059539        0.0000969692        0.0002187732
        0.0000110891        0.0000087323       -0.0000182969
       -0.0001523329        0.0011161106       -0.0011641587
       -0.0000892420       -0.0000057294        0.0000876891
        0.0190679756       -0.0004168111       -0.0131781475
        0.1142553867       -0.0000960048       -0.1451278866
        0.0000281642        0.0012708317        0.0001576467
        0.0176239230       -0.0000826286       -0.0121489515
       -0.0003332014       -0.0001059863        0.0001689170
       -0.0002303230       -0.0040095382       -0.0019826889
       -0.0003553805        0.0008376646        0.0002331209
       -0.0167728716       -0.0000749848        0.0144089945
       -0.1315707478       -0.0002233818        0.1568929915
       -0.0004829502       -0.0004012220        0.0009381279
       -0.0000886277       -0.0000725412        0.0000696103
       -0.0003118178       -0.0008672265        0.0001397484
       -0.0002544641        0.0040056911       -0.0017153193
       -0.0000959325        0.0002414116        0.0001298519
        0.0000086915       -0.0000114963       -0.0000558151
       -0.0004280916        0.0000841044        0.0010386078
       -0.0000561003       -0.0000776688        0.0000324574
       -0.0000761956        0.0001961816       -0.0001898666
       -0.0002703758        0.0003169207        0.0002479972
       -0.2219144452       -0.0001073568        0.1168317238
        0.0004182202       -0.0002488320       -0.0003840513
        0.0012354225       -0.0002511326       -0.0011214281
        0.0019124569        0.0000450852       -0.0002183010
        0.0011001862       -0.0006147670        0.0003264631
       -0.0000021606       -0.0000051554        0.0000886277
        0.0005807900       -0.0004904549       -0.0004829502
        0.2388226793       -0.0002414010       -0.1315707480
       -0.0246049253       -0.0000849793        0.0167728716
       -0.0000313679        0.0000214980       -0.0000006499
       -0.0000089169        0.0002244132       -0.0001052909
        0.0018105147       -0.0000738907       -0.0006383465
        0.0010174023        0.0005578421        0.0004076837
       -0.0000205191       -0.0001402485        0.0000414721
        0.0000331118        0.0008965098       -0.0000042339
       -0.0270629528       -0.0007167070        0.0186494764
       -0.0010530645        0.0018732918        0.0005400446
        0.0001944754       -0.0592300491       -0.0002291807
        0.0000938931       -0.0000456609        0.0001137468
        0.0273018970       -0.0001225714       -0.0193361160
        0.0001025086       -0.0055025828        0.0039045300
        0.0006299380        0.0013406322       -0.0008271546
       -0.0000051555       -0.0000932246       -0.0000725412
        0.0004904550       -0.0005436512       -0.0004012220
       -0.0002414010        0.0661248204        0.0002233818
        0.0000849795       -0.0002061482        0.0000749849
       -0.0000110891        0.0000087323        0.0000182970
        0.0002059539        0.0000969693       -0.0002187731
       -0.0003094409       -0.0054935841       -0.0043324551
       -0.0006625505        0.0013989231        0.0008166078
        0.0000892420       -0.0000057294       -0.0000876891
        0.0001523329        0.0011161107        0.0011641587
        0.0190679756        0.0004168116       -0.0131781478
        0.0000281641       -0.0012708315        0.0001576470
        0.1142553868        0.0000960052       -0.1451278867
       -0.0003332014        0.0001059865        0.0001689171
        0.0176239230        0.0000826282       -0.0121489514
       -0.0002303229        0.0040095381       -0.0019826889
       -0.0003553806       -0.0008376645        0.0002331209
       -0.0000886274        0.0000725412        0.0000696102
       -0.0004829503        0.0004012220        0.0009381279
       -0.1315707480        0.0002233818        0.1568929918
       -0.0167728713        0.0000749847        0.0144089946
        0.0000086914        0.0000114963       -0.0000558152
       -0.0000959325       -0.0002414116        0.0001298518
       -0.0002544638       -0.0040056911       -0.0017153196
       -0.0003118181        0.0008672266        0.0001397483
       -0.0000561003        0.0000776684        0.0000324572
       -0.0004280916       -0.0000841042        0.0010386078
       -0.0000761956       -0.0001961811        0.0001898668
       -0.0002703758       -0.0003169206       -0.0002479973
       -0.2219144451        0.0001073569       -0.1168317239
        0.0004182203        0.0002488315        0.0003840512
        0.0012354225        0.0002511327        0.0011214279
        0.0011001863        0.0006147668       -0.0003264631
        0.0019124570       -0.0000450851        0.0002183010
        0.0005807897        0.0004904548        0.0004829498
       -0.0000021604        0.0000051553       -0.0000886277
       -0.0246049253        0.0000849795       -0.0167728713
        0.2388226793        0.0002414008        0.1315707478
       -0.0000089168       -0.0002244132        0.0001052909
       -0.0000313682       -0.0000214979        0.0000006503
        0.0010174022       -0.0005578421       -0.0004076838
        0.0018105148        0.0000738907        0.0006383468
       -0.0000205191        0.0001402488       -0.0000414721
        0.0000331118       -0.0008965101        0.0000042340
        0.0270629529       -0.0007167077        0.0186494766
        0.0010530645        0.0018732916        0.0005400447
       -0.0001944754       -0.0592300492       -0.0002291806
       -0.0000938931       -0.0000456611        0.0001137466
       -0.0273018970       -0.0001225708       -0.0193361161
       -0.0006299379        0.0013406324       -0.0008271548
       -0.0001025088       -0.0055025828        0.0039045299
       -0.0004904549       -0.0005436513       -0.0004012219
        0.0000051554       -0.0000932246       -0.0000725412
       -0.0000849793       -0.0002061482        0.0000749847
        0.0002414008        0.0661248205        0.0002233816
       -0.0002059540        0.0000969691       -0.0002187731
        0.0000110892        0.0000087323        0.0000182969
        0.0006625503        0.0013989232        0.0008166079
        0.0003094410       -0.0054935841       -0.0043324550
       -0.0000892420       -0.0000057289       -0.0000876889
       -0.0001523329        0.0011161104        0.0011641588
       -0.0190679756        0.0004168113       -0.0131781476
       -0.0000281641       -0.0012708316        0.0001576468
       -0.1142553867        0.0000960051       -0.1451278868
        0.0003332014        0.0001059865        0.0001689169
       -0.0176239230        0.0000826285       -0.0121489514
        0.0003553805       -0.0008376646        0.0002331210
        0.0002303232        0.0040095383       -0.0019826888
        0.0004829502        0.0004012220        0.0009381277
        0.0000886275        0.0000725413        0.0000696103
        0.0167728716        0.0000749849        0.0144089946
        0.1315707478        0.0002233816        0.1568929915
        0.0000959325       -0.0002414117        0.0001298518
       -0.0000086916        0.0000114963       -0.0000558149
        0.0003118178        0.0008672266        0.0001397483
        0.0002544641       -0.0040056911       -0.0017153192
        0.0000561003        0.0000776686        0.0000324572
        0.0004280916       -0.0000841043        0.0010386077
       -0.0001684361       -0.0002867435       -0.0000886774
        0.0008170324       -0.0003526368        0.0007541395
        0.0003792423        0.0002129646        0.0003619630
       -0.2264444876        0.0050791827       -0.1205323993
       -0.0000394147        0.0000670621       -0.0000796923
       -0.0000257581        0.0000080292       -0.0000864930
        0.0004533104        0.0005074437        0.0003985654
        0.0018105148       -0.0003094410        0.0002544642
        0.0010174022        0.0006625505       -0.0003118178
       -0.0000313679       -0.0000110891        0.0000086914
       -0.0000089168       -0.0002059540        0.0000959325
        0.2445319918       -0.0042104922        0.1357150193
       -0.0236315953        0.0000494466       -0.0172879991
       -0.0000096577        0.0000034723        0.0000015713
        0.0000303718        0.0000200511        0.0000091829
        0.0013171578       -0.0012711954        0.0007659934
        0.0000040708        0.0000371731        0.0000203640
        0.0012201033        0.0020729217        0.0004299592
        0.0271905013        0.0000286413        0.0181998567
       -0.0000881258       -0.0000851822        0.0001978273
        0.0028111764       -0.0587163752        0.0014621042
       -0.0000855493        0.0000553954       -0.0000901489
       -0.0000200426       -0.0001080755       -0.0000806810
       -0.0005135823       -0.0004736740       -0.0004187987
       -0.0000738906       -0.0054935840        0.0040056911
       -0.0005578423        0.0013989231       -0.0008672265
        0.0000214980        0.0000087323        0.0000114963
       -0.0002244132        0.0000969691       -0.0002414117
       -0.0042104922        0.0601664477       -0.0059194305
       -0.0000494466       -0.0006314119       -0.0002618609
        0.0000034723       -0.0000049633        0.0000016131
       -0.0000200511       -0.0000609694       -0.0000388086
       -0.0253989966        0.0017156817       -0.0164017191
       -0.0000042001        0.0000304052        0.0000116252
        0.0001614238       -0.0013263913        0.0003100066
       -0.0187693768       -0.0001933057       -0.0127953571
        0.0002644228        0.0000691048        0.0001538253
       -0.1193775382        0.0031448786       -0.1445855838
        0.0000573116        0.0000198811       -0.0000116755
        0.0000705464        0.0000686426        0.0000734390
        0.0004078495        0.0004438855        0.0008821788
        0.0006383466        0.0043324549       -0.0017153192
        0.0004076838       -0.0008166079        0.0001397484
       -0.0000006499        0.0000182970       -0.0000558152
        0.0001052909       -0.0002187731        0.0001298518
        0.1357150193       -0.0059194305        0.1549101989
        0.0172879991       -0.0002618609        0.0147461067
       -0.0000015715       -0.0000016130        0.0000055256
        0.0000091829        0.0000388087        0.0000318888
       -0.0169758666        0.0005704482       -0.0122143721
       -0.0000040072        0.0000314384       -0.0000035512
       -0.0001684362        0.0002867433        0.0000886775
        0.0008170324        0.0003526368       -0.0007541394
        0.0003792423       -0.0002129645       -0.0003619628
       -0.2264444876       -0.0050791830        0.1205323991
       -0.0000394147       -0.0000670616        0.0000796922
        0.0004533105       -0.0005074437       -0.0003985655
       -0.0000257583       -0.0000080292        0.0000864928
        0.0010174022       -0.0006625504        0.0003118176
        0.0018105148        0.0003094408       -0.0002544641
       -0.0000089169        0.0002059539       -0.0000959325
       -0.0000313682        0.0000110892       -0.0000086916
       -0.0236315953       -0.0000494466        0.0172879991
        0.2445319918        0.0042104922       -0.1357150193
        0.0000303718       -0.0000200511       -0.0000091827
       -0.0000096577       -0.0000034722       -0.0000015714
        0.0013171578        0.0012711957       -0.0007659933
        0.0000040708       -0.0000371736       -0.0000203638
       -0.0012201033        0.0020729217        0.0004299592
       -0.0271905013        0.0000286415        0.0181998567
        0.0000881258       -0.0000851823        0.0001978273
       -0.0028111764       -0.0587163753        0.0014621042
        0.0000855493        0.0000553954       -0.0000901489
        0.0005135825       -0.0004736740       -0.0004187987
        0.0000200427       -0.0001080755       -0.0000806811
        0.0005578423        0.0013989231       -0.0008672266
        0.0000738906       -0.0054935841        0.0040056911
        0.0002244132        0.0000969693       -0.0002414116
       -0.0000214979        0.0000087323        0.0000114963
        0.0000494466       -0.0006314119       -0.0002618609
        0.0042104922        0.0601664477       -0.0059194304
        0.0000200511       -0.0000609693       -0.0000388086
       -0.0000034722       -0.0000049633        0.0000016131
        0.0253989966        0.0017156817       -0.0164017191
        0.0000042001        0.0000304052        0.0000116252
       -0.0001614237       -0.0013263911        0.0003100063
        0.0187693768       -0.0001933055       -0.0127953573
       -0.0002644228        0.0000691046        0.0001538251
        0.1193775382        0.0031448792       -0.1445855835
       -0.0000573116        0.0000198803       -0.0000116752
       -0.0004078498        0.0004438855        0.0008821790
       -0.0000705463        0.0000686426        0.0000734393
       -0.0004076837       -0.0008166079        0.0001397485
       -0.0006383467        0.0043324551       -0.0017153193
       -0.0001052909       -0.0002187731        0.0001298518
        0.0000006503        0.0000182969       -0.0000558149
       -0.0172879991       -0.0002618609        0.0147461067
       -0.1357150193       -0.0059194304        0.1549101988
       -0.0000091828        0.0000388087        0.0000318887
        0.0000015714       -0.0000016130        0.0000055256
        0.0169758666        0.0005704475       -0.0122143724
        0.0000040072        0.0000314392       -0.0000035515
       -0.0001684362       -0.0002867428        0.0000886772
        0.0003792423        0.0002129650       -0.0003619626
        0.0008170324       -0.0003526365       -0.0007541402
       -0.0000394147        0.0000670623        0.0000796924
       -0.2264444875        0.0050791823        0.1205323994
        0.0004533102        0.0005074437       -0.0003985652
       -0.0000257579        0.0000080292        0.0000864931
       -0.0000313679       -0.0000110891       -0.0000086917
       -0.0000089170       -0.0002059539       -0.0000959325
        0.0018105147       -0.0003094409       -0.0002544638
        0.0010174022        0.0006625503        0.0003118178
       -0.0000096577        0.0000034723       -0.0000015715
        0.0000303718        0.0000200511       -0.0000091828
        0.2445319918       -0.0042104922       -0.1357150194
       -0.0236315952        0.0000494466        0.0172879991
        0.0000040708        0.0000371728       -0.0000203641
        0.0013171578       -0.0012711950       -0.0007659936
        0.0012201033        0.0020729221       -0.0004299592
       -0.0000881258       -0.0000851822       -0.0001978274
        0.0271905013        0.0000286412       -0.0181998566
       -0.0000855493        0.0000553952        0.0000901490
        0.0028111764       -0.0587163754       -0.0014621043
       -0.0005135824       -0.0004736741        0.0004187987
       -0.0000200427       -0.0001080756        0.0000806811
        0.0000214978        0.0000087322       -0.0000114963
       -0.0002244131        0.0000969692        0.0002414116
       -0.0000738907       -0.0054935841       -0.0040056911
       -0.0005578421        0.0013989232        0.0008672266
        0.0000034723       -0.0000049633       -0.0000016130
       -0.0000200511       -0.0000609693        0.0000388087
       -0.0042104922        0.0601664478        0.0059194304
       -0.0000494466       -0.0006314118        0.0002618609
       -0.0000042001        0.0000304052       -0.0000116252
       -0.0253989966        0.0017156818        0.0164017192
       -0.0001614237        0.0013263903        0.0003100064
       -0.0002644228       -0.0000691054        0.0001538247
        0.0187693768        0.0001933055       -0.0127953568
       -0.0000573116       -0.0000198805       -0.0000116753
        0.1193775381       -0.0031448788       -0.1445855836
       -0.0004078498       -0.0004438854        0.0008821790
       -0.0000705463       -0.0000686426        0.0000734392
        0.0000006501       -0.0000182969       -0.0000558148
       -0.0001052908        0.0002187732        0.0001298519
       -0.0006383465       -0.0043324551       -0.0017153196
       -0.0004076838        0.0008166079        0.0001397483
        0.0000015713        0.0000016131        0.0000055256
       -0.0000091827       -0.0000388086        0.0000318887
       -0.1357150194        0.0059194304        0.1549101989
       -0.0172879991        0.0002618609        0.0147461066
        0.0000040072       -0.0000314387       -0.0000035514
        0.0169758666       -0.0005704477       -0.0122143723
       -0.0001684361        0.0002867426       -0.0000886773
        0.0003792423       -0.0002129650        0.0003619625
        0.0008170325        0.0003526365        0.0007541401
       -0.0000394147       -0.0000670619       -0.0000796923
       -0.2264444876       -0.0050791825       -0.1205323992
       -0.0000257581       -0.0000080291       -0.0000864929
        0.0004533103       -0.0005074438        0.0003985654
       -0.0000089169        0.0002059540        0.0000959327
       -0.0000313679        0.0000110891        0.0000086915
        0.0010174023       -0.0006625505       -0.0003118181
        0.0018105148        0.0003094410        0.0002544641
        0.0000303718       -0.0000200511        0.0000091829
       -0.0000096577       -0.0000034722        0.0000015714
       -0.0236315952       -0.0000494466       -0.0172879991
        0.2445319918        0.0042104922        0.1357150193
        0.0000040708       -0.0000371732        0.0000203640
        0.0013171578        0.0012711953        0.0007659935
       -0.0012201033        0.0020729221       -0.0004299592
        0.0000881258       -0.0000851822       -0.0001978274
       -0.0271905013        0.0000286412       -0.0181998566
        0.0000855493        0.0000553952        0.0000901490
       -0.0028111764       -0.0587163754       -0.0014621043
        0.0000200426       -0.0001080756        0.0000806810
        0.0005135823       -0.0004736741        0.0004187987
        0.0002244131        0.0000969691        0.0002414116
       -0.0000214979        0.0000087323       -0.0000114963
        0.0005578421        0.0013989231        0.0008672266
        0.0000738907       -0.0054935841       -0.0040056911
        0.0000200511       -0.0000609694        0.0000388087
       -0.0000034722       -0.0000049633       -0.0000016130
        0.0000494466       -0.0006314118        0.0002618609
        0.0042104922        0.0601664478        0.0059194304
        0.0000042001        0.0000304052       -0.0000116252
        0.0253989966        0.0017156818        0.0164017192
        0.0001614238        0.0013263912        0.0003100064
        0.0002644228       -0.0000691052        0.0001538248
       -0.0187693768        0.0001933053       -0.0127953568
        0.0000573116       -0.0000198809       -0.0000116752
       -0.1193775381       -0.0031448791       -0.1445855837
        0.0000705463       -0.0000686427        0.0000734391
        0.0004078497       -0.0004438857        0.0008821789
        0.0001052907        0.0002187731        0.0001298519
       -0.0000006499       -0.0000182969       -0.0000558151
        0.0004076837        0.0008166078        0.0001397483
        0.0006383468       -0.0043324550       -0.0017153192
        0.0000091829       -0.0000388086        0.0000318888
       -0.0000015714        0.0000016131        0.0000055256
        0.0172879991        0.0002618609        0.0147461066
        0.1357150193        0.0059194304        0.1549101988
       -0.0000040072       -0.0000314387       -0.0000035514
       -0.0169758666       -0.0005704478       -0.0122143723
        0.0002114813        0.0000000000        0.0000000000
       -0.0009994132        0.0000000000        0.0000000000
        0.0006608993        0.0000000000        0.0000000000
       -0.0586121522        0.0000000000        0.0000000000
       -0.0000199288        0.0000000000        0.0000000000
        0.0003195881       -0.0003200968       -0.0003949068
        0.0003195881        0.0003200968        0.0003949068
        0.0000331118        0.0001523329        0.0004280916
        0.0000331118       -0.0001523329       -0.0004280916
       -0.0000205191        0.0000892420       -0.0000561003
       -0.0000205191       -0.0000892420        0.0000561003
        0.0013171578       -0.0253989966       -0.0169758666
        0.0013171578        0.0253989966        0.0169758666
        0.0000040708       -0.0000042001        0.0000040072
        0.0000040708        0.0000042001       -0.0000040072
        0.0554591986        0.0000000000        0.0000000000
       -0.0000066893        0.0000000000        0.0000000000
        0.0000000000       -0.0039262748        0.0068150028
        0.0000000000       -0.0224170488       -0.0208544981
       -0.0000000004       -0.0010085921       -0.0021263488
       -0.0000000000       -0.2307640765       -0.1197204938
        0.0000000000       -0.0004749853        0.0006921039
        0.0001661333        0.0003518213        0.0000710493
       -0.0001661341        0.0003518208        0.0000710493
        0.0008965096        0.0011161103        0.0000841047
       -0.0008965097        0.0011161106        0.0000841044
       -0.0001402485       -0.0000057294        0.0000776684
        0.0001402488       -0.0000057289        0.0000776686
       -0.0012711954        0.0017156817        0.0005704482
        0.0012711957        0.0017156817        0.0005704475
        0.0000371728        0.0000304052       -0.0000314387
       -0.0000371732        0.0000304052       -0.0000314387
        0.0000000000        0.2524852205        0.1337841319
        0.0000000000       -0.0003079710       -0.0001344941
        0.0000000000        0.0028762864       -0.0033049481
        0.0000000000        0.0196537513        0.0152762886
       -0.0000000002        0.0010420292        0.0011324808
       -0.0000000000       -0.1227252371       -0.1440214191
        0.0000000000        0.0003268022       -0.0003524223
       -0.0003526775        0.0001168756        0.0001241532
        0.0003526772        0.0001168755        0.0001241532
        0.0000042338       -0.0011641588        0.0010386079
       -0.0000042338       -0.0011641587        0.0010386078
        0.0000414721       -0.0000876891        0.0000324572
       -0.0000414721       -0.0000876889        0.0000324572
        0.0007659934       -0.0164017191       -0.0122143721
       -0.0007659933       -0.0164017191       -0.0122143724
       -0.0000203641       -0.0000116252       -0.0000035514
        0.0000203640       -0.0000116252       -0.0000035514
        0.0000000000        0.1337841319        0.1532381242
        0.0000000000        0.0001344940        0.0000783925
        0.0002114813        0.0000000000        0.0000000000
        0.0006608993        0.0000000000        0.0000000000
       -0.0009994132        0.0000000000        0.0000000000
       -0.0000199288        0.0000000000        0.0000000000
       -0.0586121522        0.0000000000        0.0000000000
        0.0003195881        0.0003200968       -0.0003949068
        0.0003195881       -0.0003200968        0.0003949068
       -0.0000205191        0.0000892420        0.0000561003
       -0.0000205191       -0.0000892420       -0.0000561003
        0.0000331118        0.0001523329       -0.0004280916
        0.0000331118       -0.0001523329        0.0004280916
        0.0000040708       -0.0000042001       -0.0000040072
        0.0000040708        0.0000042001        0.0000040072
        0.0013171578       -0.0253989966        0.0169758666
        0.0013171578        0.0253989966       -0.0169758666
       -0.0000066893        0.0000000000        0.0000000000
        0.0554591986        0.0000000000        0.0000000000
       -0.0000000000       -0.0039262747       -0.0068150025
        0.0000000000       -0.0010085915        0.0021263496
        0.0000000004       -0.0224170480        0.0208544979
        0.0000000000       -0.0004749861       -0.0006921046
        0.0000000000       -0.2307640757        0.1197204938
       -0.0001661330        0.0003518212       -0.0000710496
        0.0001661338        0.0003518215       -0.0000710496
       -0.0001402485       -0.0000057290       -0.0000776691
        0.0001402486       -0.0000057294       -0.0000776688
        0.0008965098        0.0011161107       -0.0000841042
       -0.0008965101        0.0011161104       -0.0000841043
        0.0000371731        0.0000304052        0.0000314384
       -0.0000371736        0.0000304052        0.0000314392
       -0.0012711950        0.0017156818       -0.0005704477
        0.0012711953        0.0017156818       -0.0005704478
        0.0000000000       -0.0003079710        0.0001344940
        0.0000000000        0.2524852188       -0.1337841312
        0.0000000000       -0.0028762863       -0.0033049482
        0.0000000000       -0.0010420291        0.0011324806
       -0.0000000002       -0.0196537517        0.0152762886
        0.0000000000       -0.0003268018       -0.0003524221
        0.0000000000        0.1227252368       -0.1440214191
       -0.0003526776       -0.0001168756        0.0001241533
        0.0003526773       -0.0001168757        0.0001241533
       -0.0000414721        0.0000876889        0.0000324574
        0.0000414720        0.0000876891        0.0000324574
       -0.0000042339        0.0011641587        0.0010386078
        0.0000042340        0.0011641588        0.0010386077
        0.0000203640        0.0000116252       -0.0000035512
       -0.0000203638        0.0000116252       -0.0000035515
       -0.0007659936        0.0164017192       -0.0122143723
        0.0007659935        0.0164017192       -0.0122143723
        0.0000000000       -0.0001344941        0.0000783925
        0.0000000000       -0.1337841312        0.1532381239
