   13   39
        0.3137368890       -0.0815538800       -0.0083005847
        0.0044794308       -0.0008400690       -0.0001587847
        0.0005653453       -0.0003693742       -0.0003745839
        0.0004045853        0.0004008751        0.0002926708
       -0.0081666894        0.0007775549        0.0005910954
       -0.2956254895        0.0742859800        0.0103032409
       -0.0171020093        0.0064777248       -0.0003246947
       -0.0000498693       -0.0001747594        0.0000391304
       -0.0000743893        0.0000016058       -0.0000299644
        0.0000822507        0.0005903405        0.0001798003
        0.0001276754       -0.0000025847       -0.0001641394
        0.0011064805        0.0006450250       -0.0018108949
        0.0005195352       -0.0002350941       -0.0002609448
       -0.0815538800        0.0768371399        0.0022355897
        0.0142507452       -0.0106744301       -0.0073385752
        0.0013776253       -0.0009594299       -0.0005732500
        0.0008371399        0.0003157248       -0.0007643649
        0.0110185601       -0.0028806852       -0.0011508251
        0.0785731157       -0.0709558998        0.0042616858
       -0.0236504201        0.0084974749        0.0009515497
       -0.0001753693       -0.0005449550        0.0003916250
        0.0001349355       -0.0000783893       -0.0000546152
       -0.0004217952       -0.0002176552        0.0003134448
       -0.0004122251        0.0001636198        0.0001322849
        0.0004259306       -0.0002433700        0.0017942051
       -0.0004062900        0.0007391901       -0.0002026297
       -0.0083005847        0.0022355897        0.0528787496
        0.0136887400       -0.0132528498       -0.0068641447
        0.0010685153        0.0003514708       -0.0011071245
       -0.0005818293       -0.0012215747        0.0006162156
       -0.0302389600        0.0083691850       -0.0005903854
        0.0159869654        0.0032114650       -0.0428716339
        0.0090786250       -0.0024295502        0.0004366848
       -0.0000385393       -0.0003916148        0.0004627555
        0.0001206803       -0.0000665995       -0.0000470698
        0.0005124002        0.0002805695        0.0002539554
        0.0002554850       -0.0000892851       -0.0000375246
       -0.0017109346        0.0037231251       -0.0046859952
        0.0001321450       -0.0007223099        0.0015575051
        0.0044794308        0.0142507452        0.0136887400
        0.0394512392       -0.0284066095       -0.0000041547
       -0.0293256500        0.0113131455       -0.0060667344
        0.0009939356       -0.0054539152        0.0031671959
        0.0009933501       -0.0054533996       -0.0031658794
       -0.0293255295        0.0113129448        0.0060653207
        0.0031090804       -0.0060727149       -0.0064788600
        0.0044794763        0.0142506906       -0.0136878344
        0.0031090258       -0.0060720942        0.0064802703
        0.0001822605       -0.0001607998       -0.0002944097
        0.0008388002        0.0003276801        0.0011563907
        0.0001823207       -0.0001605548        0.0002961451
        0.0008387804        0.0003278808       -0.0011548548
       -0.0008400690       -0.0106744301       -0.0132528498
       -0.0284066095        0.2106162788        0.0000156604
        0.0137548159       -0.0783442243        0.0475657413
       -0.0004339694       -0.0026764297        0.0137357313
       -0.0004340797       -0.0026759295       -0.0137360246
        0.0137543708       -0.0783446092       -0.0475514338
        0.0037633254       -0.0131865045       -0.0170289445
       -0.0008397939       -0.0106743244        0.0132525901
        0.0037632105       -0.0131865039        0.0170278355
       -0.0002918046        0.0001097857       -0.0010127297
       -0.0017524195       -0.0005383896        0.0000316857
       -0.0002917341        0.0001110106        0.0010129105
       -0.0017523746       -0.0005388245       -0.0000314691
       -0.0001587847       -0.0073385752       -0.0068641447
       -0.0000041547        0.0000156604        0.2380562796
       -0.0102969051        0.0305373203       -0.0795049249
       -0.0037075949        0.0156474448       -0.0306618449
        0.0037060653       -0.0156479354       -0.0306618449
        0.0102937605       -0.0305243299       -0.0795049345
       -0.0017991397        0.0022694098        0.0006608900
        0.0001595907        0.0073375503       -0.0068644800
        0.0017987202       -0.0022692990        0.0006604103
        0.0001890049        0.0002986599        0.0008444897
        0.0022098698       -0.0031304148       -0.0035013949
       -0.0001894995       -0.0002987048        0.0008444897
       -0.0022103148        0.0031304353       -0.0035006445
        0.0005653453        0.0013776253        0.0010685153
       -0.0293256500        0.0137548159       -0.0102969051
        0.5680020888        0.0228042262        0.0268336362
       -0.0904000842        0.0134889257        0.0328136906
        0.0064273604       -0.0072289799       -0.0105387448
       -0.0054462242       -0.0026876495       -0.0012604789
        0.0003385850       -0.0012110547       -0.0020455798
       -0.2956250290        0.0785726252       -0.0160159141
       -0.1482805794       -0.1267141937       -0.0414846699
       -0.0080578394        0.0162521951        0.0298606153
        0.0015344204       -0.0044021499       -0.0085759092
        0.0005303059       -0.0004497349       -0.0005747643
       -0.0002602246       -0.0035243642        0.0001826106
       -0.0003693742       -0.0009594299        0.0003514708
        0.0113131455       -0.0783442243        0.0305373203
        0.0228042262        0.4883546387        0.0878678310
        0.0173427958       -0.0854718797       -0.0460982841
        0.0075367160       -0.0242660445       -0.0232432046
       -0.0026877240       -0.0224185999        0.0011669709
        0.0016559557       -0.0023072897       -0.0027904946
        0.0742853314       -0.0709554894       -0.0032136296
       -0.1265064697       -0.2030363589       -0.0574104445
        0.0009215807       -0.0035651999       -0.0028699344
       -0.0047784891        0.0071236207        0.0143998409
        0.0003601303        0.0015217353       -0.0003215393
       -0.0018491596       -0.0056766442        0.0016315056
       -0.0003745839       -0.0005732500       -0.0011071245
       -0.0060667344        0.0475657413       -0.0795049249
        0.0268336362        0.0878678310        0.3596607985
        0.0307032258       -0.0400594246       -0.1498763339
       -0.0007660992       -0.0138393744       -0.0121735394
        0.0012612009       -0.0011685546        0.0119188559
       -0.0002312845       -0.0010083795       -0.0026605596
       -0.0103280388       -0.0042635548       -0.0428721495
       -0.0460068395       -0.0604394336       -0.0600168391
       -0.0005891394       -0.0023269644       -0.0032754843
        0.0071898455       -0.0128218790       -0.0198385942
       -0.0001284536        0.0008782808        0.0005243709
       -0.0015305295        0.0002022762       -0.0007771547
        0.0004045853        0.0008371399       -0.0005818293
        0.0009939356       -0.0004339694       -0.0037075949
       -0.0904000842        0.0173427958        0.0307032258
        0.5847745888       -0.0293827492        0.0226875807
       -0.0987695842       -0.0402669247       -0.0004468347
        0.0064274656        0.0075365750        0.0007660060
       -0.0001846098        0.0010977504       -0.0022248702
       -0.0081661187        0.0110185158        0.0302381602
        0.0051739806       -0.0056376388       -0.0169339944
       -0.3098015242        0.0108649499        0.0089558853
       -0.0808630642        0.0492102754       -0.0710051393
       -0.0126316939       -0.0337872848        0.0026452557
        0.0030417908        0.0115701209       -0.0011307094
        0.0004008751        0.0003157248       -0.0012215747
       -0.0054539152       -0.0026764297        0.0156474448
        0.0134889257       -0.0854718797       -0.0400594246
       -0.0293827492        0.4717718093       -0.0790383143
       -0.0402673550       -0.1656391396        0.0018245504
       -0.0072299093       -0.0242664800        0.0138383956
        0.0016477202       -0.0013498646        0.0012492649
        0.0007775458       -0.0028807949       -0.0083695045
        0.0100091756       -0.0065202244       -0.0226208647
        0.0112557052       -0.0465914053        0.0029823599
        0.0505475754       -0.1218359847        0.1117998801
        0.0004746107       -0.0011259596        0.0005049452
       -0.0062945747       -0.0137314549        0.0034876354
        0.0002926708       -0.0007643649        0.0006162156
        0.0031671959        0.0137357313       -0.0306618449
        0.0328136906       -0.0460982841       -0.1498763339
        0.0226875807       -0.0790383143        0.5237692187
        0.0004466159       -0.0018388295       -0.0671469996
        0.0105398465        0.0232434405       -0.0121731239
       -0.0012994843        0.0014091404       -0.0058778795
       -0.0005892190        0.0011513805       -0.0005905548
        0.0034022810       -0.0008116189       -0.0054901193
        0.0104710057        0.0031230798       -0.0495020544
       -0.0721293043        0.1107718208       -0.2047180647
        0.0001496812       -0.0014169899       -0.0010123296
       -0.0099783995       -0.0234357947        0.0026683608
       -0.0081666894        0.0110185601       -0.0302389600
        0.0009933501       -0.0004340797        0.0037060653
        0.0064273604        0.0075367160       -0.0007660992
       -0.0987695842       -0.0402673550        0.0004466159
        0.5847746490       -0.0293823797       -0.0227191344
       -0.0904000592        0.0173425906       -0.0307071394
        0.0051745900       -0.0056388399        0.0169332151
        0.0004045711        0.0008371501        0.0005817350
       -0.0001853243        0.0010977811        0.0022244552
       -0.0126317997       -0.0337880999       -0.0026463499
        0.0030422558        0.0115703352        0.0011309004
       -0.3098014594        0.0108646799       -0.0089891745
       -0.0808635195        0.0492104505        0.0710077501
        0.0007775549       -0.0028806852        0.0083691850
       -0.0054533996       -0.0026759295       -0.0156479354
       -0.0072289799       -0.0242660445       -0.0138393744
       -0.0402669247       -0.1656391396       -0.0018388295
       -0.0293823797        0.4717708794        0.0790682247
        0.0134894810       -0.0854713750        0.0400643756
        0.0100093047       -0.0065197850        0.0226218702
        0.0004017403        0.0003159499        0.0012215651
        0.0016481505       -0.0013493991       -0.0012486748
        0.0004744203       -0.0011257401       -0.0005044149
       -0.0062941592       -0.0137311451       -0.0034876649
        0.0112557359       -0.0465896295       -0.0029797502
        0.0505480602       -0.1218348149       -0.1117675998
        0.0005910954       -0.0011508251       -0.0005903854
       -0.0031658794       -0.0137360246       -0.0306618449
       -0.0105387448       -0.0232432046       -0.0121735394
       -0.0004468347        0.0018245504       -0.0671469996
       -0.0227191344        0.0790682247        0.5237691096
       -0.0328155045        0.0461063297       -0.1498756848
       -0.0034019297        0.0008124249       -0.0054895298
       -0.0002909445        0.0007649646        0.0006161201
        0.0012998498       -0.0014080393       -0.0058789698
       -0.0001492947        0.0014178647       -0.0010124899
        0.0099788002        0.0234366604        0.0026686553
       -0.0104987146       -0.0031210652       -0.0495024346
        0.0721298096       -0.1107400249       -0.2047182545
       -0.2956254895        0.0785731157        0.0159869654
       -0.0293255295        0.0137543708        0.0102937605
       -0.0054462242       -0.0026877240        0.0012612009
        0.0064274656       -0.0072299093        0.0105398465
       -0.0904000592        0.0134894810       -0.0328155045
        0.5680019683        0.0228050357       -0.0268681890
       -0.1482805044       -0.1267147093        0.0414815855
        0.0005653413        0.0013777310       -0.0010681947
        0.0003386157       -0.0012092937        0.0020464256
        0.0005302610       -0.0004496394        0.0005750752
       -0.0002598392       -0.0035245893       -0.0001820189
       -0.0080576990        0.0162527209       -0.0298604397
        0.0015341908       -0.0044017543        0.0085760604
        0.0742859800       -0.0709558998        0.0032114650
        0.0113129448       -0.0783446092       -0.0305243299
       -0.0026876495       -0.0224185999       -0.0011685546
        0.0075365750       -0.0242664800        0.0232434405
        0.0173425906       -0.0854713750        0.0461063297
        0.0228050357        0.4883544796       -0.0878542193
       -0.1265063003       -0.2030367898        0.0574031151
       -0.0003693293       -0.0009594152       -0.0003520648
        0.0016559954       -0.0023054741        0.0027902456
        0.0003602003        0.0015212646        0.0003215450
       -0.0018491050       -0.0056768044       -0.0016317148
        0.0009219605       -0.0035646298        0.0028699100
       -0.0047779997        0.0071235752       -0.0144010949
        0.0103032409        0.0042616858       -0.0428716339
        0.0060653207       -0.0475514338       -0.0795049345
       -0.0012604789        0.0011669709        0.0119188559
        0.0007660060        0.0138383956       -0.0121731239
       -0.0307071394        0.0400643756       -0.1498756848
       -0.0268681890       -0.0878542193        0.3596607883
        0.0460047306        0.0604340056       -0.0600162048
        0.0003762517        0.0005726258       -0.0011070745
        0.0002314260        0.0010094811       -0.0026616192
        0.0001286259       -0.0008781797        0.0005242953
        0.0015310110       -0.0002021244       -0.0007774543
        0.0005890911        0.0023275658       -0.0032750143
       -0.0071907795        0.0128211110       -0.0198382492
       -0.0171020093       -0.0236504201        0.0090786250
        0.0031090804        0.0037633254       -0.0017991397
        0.0003385850        0.0016559557       -0.0002312845
       -0.0001846098        0.0016477202       -0.0012994843
        0.0051745900        0.0100093047       -0.0034019297
       -0.1482805044       -0.1265063003        0.0460047306
        0.1554572395        0.1320526201       -0.0483507949
       -0.0000743540        0.0001355903       -0.0001205797
       -0.0000203698        0.0002921757       -0.0002224152
        0.0003280053        0.0002991248       -0.0000760201
        0.0002969205        0.0005321147       -0.0001102046
        0.0009968255        0.0002046698        0.0003600053
       -0.0000381800       -0.0004002800        0.0001634749
        0.0064777248        0.0084974749       -0.0024295502
       -0.0060727149       -0.0131865045        0.0022694098
       -0.0012110547       -0.0023072897       -0.0010083795
        0.0010977504       -0.0013498646        0.0014091404
       -0.0056388399       -0.0065197850        0.0008124249
       -0.1267147093       -0.2030367898        0.0604340056
        0.1320526201        0.2190892496       -0.0620448350
        0.0000017457       -0.0000794250        0.0000660549
        0.0002924850       -0.0006893845        0.0007779602
       -0.0000737998        0.0001109748       -0.0000754500
       -0.0003924498       -0.0006216453        0.0000721900
        0.0001427605        0.0003466948       -0.0005912199
        0.0000764447       -0.0002551445        0.0003006897
       -0.0003246947        0.0009515497        0.0004366848
       -0.0064788600       -0.0170289445        0.0006608900
       -0.0020455798       -0.0027904946       -0.0026605596
       -0.0022248702        0.0012492649       -0.0058778795
        0.0169332151        0.0226218702       -0.0054895298
        0.0414815855        0.0574031151       -0.0600162048
       -0.0483507949       -0.0620448350        0.0699567897
        0.0000310155        0.0000549699       -0.0000466548
        0.0002223055       -0.0007769950        0.0012062554
       -0.0001054997       -0.0003452050       -0.0000288452
        0.0004362903        0.0017992750        0.0004272152
        0.0001424854       -0.0008087852        0.0016213454
        0.0002860401       -0.0002847150       -0.0001831495
       -0.0000498693       -0.0001753693       -0.0000385393
        0.0044794763       -0.0008397939        0.0001595907
       -0.2956250290        0.0742853314       -0.0103280388
       -0.0081661187        0.0007775458       -0.0005892190
        0.0004045711        0.0004017403       -0.0002909445
        0.0005653413       -0.0003693293        0.0003762517
       -0.0000743540        0.0000017457        0.0000310155
        0.3137368981       -0.0815544297        0.0082750859
       -0.0171020491        0.0064782364        0.0003254610
        0.0011058160        0.0006448602        0.0018115105
        0.0005189509       -0.0002358792        0.0002617259
        0.0000829465        0.0005911306       -0.0001785190
        0.0001276561       -0.0000024289        0.0001648561
       -0.0001747594       -0.0005449550       -0.0003916148
        0.0142506906       -0.0106743244        0.0073375503
        0.0785726252       -0.0709554894       -0.0042635548
        0.0110185158       -0.0028807949        0.0011513805
        0.0008371501        0.0003159499        0.0007649646
        0.0013777310       -0.0009594152        0.0005726258
        0.0001355903       -0.0000794250        0.0000549699
       -0.0815544297        0.0768371194       -0.0022370045
       -0.0236504746        0.0084981156       -0.0009514844
        0.0004258453       -0.0002441499       -0.0017957200
       -0.0004062946        0.0007385455        0.0002021653
       -0.0004216645       -0.0002174050       -0.0003148745
       -0.0004126349        0.0001643656       -0.0001328550
        0.0000391304        0.0003916250        0.0004627555
       -0.0136878344        0.0132525901       -0.0068644800
       -0.0160159141       -0.0032136296       -0.0428721495
        0.0302381602       -0.0083695045       -0.0005905548
        0.0005817350        0.0012215651        0.0006161201
       -0.0010681947       -0.0003520648       -0.0011070745
       -0.0001205797        0.0000660549       -0.0000466548
        0.0082750859       -0.0022370045        0.0528791293
       -0.0090800700        0.0024295707        0.0004354501
        0.0017106055       -0.0037231547       -0.0046859600
       -0.0001323093        0.0007224855        0.0015570305
       -0.0005129095       -0.0002803898        0.0002539002
       -0.0002556544        0.0000892754       -0.0000370949
       -0.0000743893        0.0001349355        0.0001206803
        0.0031090258        0.0037632105        0.0017987202
       -0.1482805794       -0.1265064697       -0.0460068395
        0.0051739806        0.0100091756        0.0034022810
       -0.0001853243        0.0016481505        0.0012998498
        0.0003386157        0.0016559954        0.0002314260
       -0.0000203698        0.0002924850        0.0002223055
       -0.0171020491       -0.0236504746       -0.0090800700
        0.1554573589        0.1320530163        0.0483476106
        0.0009967556        0.0002049751       -0.0003603446
       -0.0000383693       -0.0004000043       -0.0001643497
        0.0003280405        0.0002991806        0.0000755352
        0.0002979709        0.0005322505        0.0001097902
        0.0000016058       -0.0000783893       -0.0000665995
       -0.0060720942       -0.0131865039       -0.0022692990
       -0.1267141937       -0.2030363589       -0.0604394336
       -0.0056376388       -0.0065202244       -0.0008116189
        0.0010977811       -0.0013493991       -0.0014080393
       -0.0012092937       -0.0023054741        0.0010094811
        0.0002921757       -0.0006893845       -0.0007769950
        0.0064782364        0.0084981156        0.0024295707
        0.1320530163        0.2190881082        0.0620402358
        0.0001437610        0.0003469955        0.0005913660
        0.0000769859       -0.0002542595       -0.0002999946
       -0.0000731586        0.0001117905        0.0000761958
       -0.0003919047       -0.0006214742       -0.0000725942
       -0.0000299644       -0.0000546152       -0.0000470698
        0.0064802703        0.0170278355        0.0006604103
       -0.0414846699       -0.0574104445       -0.0600168391
       -0.0169339944       -0.0226208647       -0.0054901193
        0.0022244552       -0.0012486748       -0.0058789698
        0.0020464256        0.0027902456       -0.0026616192
       -0.0002224152        0.0007779602        0.0012062554
        0.0003254610       -0.0009514844        0.0004354501
        0.0483476106        0.0620402358        0.0699578788
       -0.0001426793        0.0008093906        0.0016206604
       -0.0002860747        0.0002848208       -0.0001840243
        0.0001049159        0.0003458405       -0.0000297598
       -0.0004363346       -0.0017992994        0.0004264251
        0.0000822507       -0.0004217952        0.0005124002
        0.0001822605       -0.0002918046        0.0001890049
       -0.0080578394        0.0009215807       -0.0005891394
       -0.3098015242        0.0112557052        0.0104710057
       -0.0126317997        0.0004744203       -0.0001492947
        0.0005302610        0.0003602003        0.0001286259
        0.0003280053       -0.0000737998       -0.0001054997
        0.0011058160        0.0004258453        0.0017106055
        0.0009967556        0.0001437610       -0.0001426793
        0.3354329590       -0.0098078448       -0.0129742898
       -0.0096300198       -0.0003923395        0.0013764503
        0.0008437854       -0.0026182846       -0.0001991549
        0.0006181051       -0.0000065393       -0.0002574245
        0.0005903405       -0.0002176552        0.0002805695
       -0.0001607998        0.0001097857        0.0002986599
        0.0162521951       -0.0035651999       -0.0023269644
        0.0108649499       -0.0465914053        0.0031230798
       -0.0337880999       -0.0011257401        0.0014178647
       -0.0004496394        0.0015212646       -0.0008781797
        0.0002991248        0.0001109748       -0.0003452050
        0.0006448602       -0.0002441499       -0.0037231547
        0.0002049751        0.0003469955        0.0008093906
       -0.0098078448        0.0548393098        0.0024953800
        0.0173223253       -0.0008564996       -0.0015892596
       -0.0026181846       -0.0060017999        0.0007439201
        0.0006146354        0.0016699749       -0.0003031249
        0.0001798003        0.0003134448        0.0002539554
       -0.0002944097       -0.0010127297        0.0008444897
        0.0298606153       -0.0028699344       -0.0032754843
        0.0089558853        0.0029823599       -0.0495020544
       -0.0026463499       -0.0005044149       -0.0010124899
        0.0005750752        0.0003215450        0.0005242953
       -0.0000760201       -0.0000754500       -0.0000288452
        0.0018115105       -0.0017957200       -0.0046859600
       -0.0003603446        0.0005913660        0.0016206604
       -0.0129742898        0.0024953800        0.0528305395
       -0.0249015994        0.0000932050        0.0014825804
        0.0001989753       -0.0007440150        0.0009756951
       -0.0003593550        0.0002059051       -0.0000260297
        0.0001276754       -0.0004122251        0.0002554850
        0.0008388002       -0.0017524195        0.0022098698
        0.0015344204       -0.0047784891        0.0071898455
       -0.0808630642        0.0505475754       -0.0721293043
        0.0030422558       -0.0062941592        0.0099788002
       -0.0002598392       -0.0018491050        0.0015310110
        0.0002969205       -0.0003924498        0.0004362903
        0.0005189509       -0.0004062946       -0.0001323093
       -0.0000383693        0.0000769859       -0.0002860747
       -0.0096300198        0.0173223253       -0.0249015994
        0.0837013090       -0.0531633594        0.0757538305
        0.0006181409        0.0006148605        0.0003591254
        0.0001124403        0.0004868457       -0.0002662694
       -0.0000025847        0.0001636198       -0.0000892851
        0.0003276801       -0.0005383896       -0.0031304148
       -0.0044021499        0.0071236207       -0.0128218790
        0.0492102754       -0.1218359847        0.1107718208
        0.0115703352       -0.0137311451        0.0234366604
       -0.0035245893       -0.0056768044       -0.0002021244
        0.0005321147       -0.0006216453        0.0017992750
       -0.0002358792        0.0007385455        0.0007224855
       -0.0004000043       -0.0002542595        0.0002848208
       -0.0003923395       -0.0008564996        0.0000932050
       -0.0531633594        0.1335599791       -0.1202653499
       -0.0000066393        0.0016701154       -0.0002055697
        0.0004866354        0.0002576854       -0.0003621898
       -0.0001641394        0.0001322849       -0.0000375246
        0.0011563907        0.0000316857       -0.0035013949
       -0.0085759092        0.0143998409       -0.0198385942
       -0.0710051393        0.1117998801       -0.2047180647
        0.0011309004       -0.0034876649        0.0026686553
       -0.0001820189       -0.0016317148       -0.0007774543
       -0.0001102046        0.0000721900        0.0004272152
        0.0002617259        0.0002021653        0.0015570305
       -0.0001643497       -0.0002999946       -0.0001840243
        0.0013764503       -0.0015892596        0.0014825804
        0.0757538305       -0.1202653499        0.2229535892
        0.0002575456        0.0003033955       -0.0000264595
        0.0002661000        0.0003620204       -0.0000043997
        0.0011064805        0.0004259306       -0.0017109346
        0.0001823207       -0.0002917341       -0.0001894995
        0.0005303059        0.0003601303       -0.0001284536
       -0.0126316939        0.0004746107        0.0001496812
       -0.3098014594        0.0112557359       -0.0104987146
       -0.0080576990        0.0009219605        0.0005890911
        0.0009968255        0.0001427605        0.0001424854
        0.0000829465       -0.0004216645       -0.0005129095
        0.0003280405       -0.0000731586        0.0001049159
        0.0008437854       -0.0026181846        0.0001989753
        0.0006181409       -0.0000066393        0.0002575456
        0.3354327987       -0.0098073644        0.0129459653
       -0.0096302489       -0.0003917592       -0.0013768147
        0.0006450250       -0.0002433700        0.0037231251
       -0.0001605548        0.0001110106       -0.0002987048
       -0.0004497349        0.0015217353        0.0008782808
       -0.0337872848       -0.0011259596       -0.0014169899
        0.0108646799       -0.0465896295       -0.0031210652
        0.0162527209       -0.0035646298        0.0023275658
        0.0002046698        0.0003466948       -0.0008087852
        0.0005911306       -0.0002174050       -0.0002803898
        0.0002991806        0.0001117905        0.0003458405
       -0.0026182846       -0.0060017999       -0.0007440150
        0.0006148605        0.0016701154        0.0003033955
       -0.0098073644        0.0548388994       -0.0024931046
        0.0173223003       -0.0008560698        0.0015896455
       -0.0018108949        0.0017942051       -0.0046859952
        0.0002961451        0.0010129105        0.0008444897
       -0.0005747643       -0.0003215393        0.0005243709
        0.0026452557        0.0005049452       -0.0010123296
       -0.0089891745       -0.0029797502       -0.0495024346
       -0.0298604397        0.0028699100       -0.0032750143
        0.0003600053       -0.0005912199        0.0016213454
       -0.0001785190       -0.0003148745        0.0002539002
        0.0000755352        0.0000761958       -0.0000297598
       -0.0001991549        0.0007439201        0.0009756951
        0.0003591254       -0.0002055697       -0.0000264595
        0.0129459653       -0.0024931046        0.0528302792
        0.0249012402       -0.0000928992        0.0014829101
        0.0005195352       -0.0004062900        0.0001321450
        0.0008387804       -0.0017523746       -0.0022103148
       -0.0002602246       -0.0018491596       -0.0015305295
        0.0030417908       -0.0062945747       -0.0099783995
       -0.0808635195        0.0505480602        0.0721298096
        0.0015341908       -0.0047779997       -0.0071907795
       -0.0000381800        0.0000764447        0.0002860401
        0.0001276561       -0.0004126349       -0.0002556544
        0.0002979709       -0.0003919047       -0.0004363346
        0.0006181051        0.0006146354       -0.0003593550
        0.0001124403        0.0004866354        0.0002661000
       -0.0096302489        0.0173223003        0.0249012402
        0.0837012692       -0.0531631747       -0.0757524850
       -0.0002350941        0.0007391901       -0.0007223099
        0.0003278808       -0.0005388245        0.0031304353
       -0.0035243642       -0.0056766442        0.0002022762
        0.0115701209       -0.0137314549       -0.0234357947
        0.0492104505       -0.1218348149       -0.1107400249
       -0.0044017543        0.0071235752        0.0128211110
       -0.0004002800       -0.0002551445       -0.0002847150
       -0.0000024289        0.0001643656        0.0000892754
        0.0005322505       -0.0006214742       -0.0017992994
       -0.0000065393        0.0016699749        0.0002059051
        0.0004868457        0.0002576854        0.0003620204
       -0.0003917592       -0.0008560698       -0.0000928992
       -0.0531631747        0.1335595789        0.1202963153
       -0.0002609448       -0.0002026297        0.0015575051
       -0.0011548548       -0.0000314691       -0.0035006445
        0.0001826106        0.0016315056       -0.0007771547
       -0.0011307094        0.0034876354        0.0026683608
        0.0710077501       -0.1117675998       -0.2047182545
        0.0085760604       -0.0144010949       -0.0198382492
        0.0001634749        0.0003006897       -0.0001831495
        0.0001648561       -0.0001328550       -0.0000370949
        0.0001097902       -0.0000725942        0.0004264251
       -0.0002574245       -0.0003031249       -0.0000260297
       -0.0002662694       -0.0003621898       -0.0000043997
       -0.0013768147        0.0015896455        0.0014829101
       -0.0757524850        0.1202963153        0.2229529991
