   12   36
        0.7694087824        0.1056304188       -0.0001069137
       -0.2549166624       -0.2377118313       -0.0000219600
       -0.2305543775        0.1305695339       -0.0000135762
        0.0151301312       -0.0264359212       -0.0000009012
       -0.0053376762        0.0356974250       -0.0000026699
       -0.2886044075       -0.0026894725       -0.0000675674
       -0.0021926676        0.0000224126        0.0000000612
       -0.0006019000       -0.0015367112        0.0000002050
       -0.0014975150        0.0013289825       -0.0000000300
        0.0001338187       -0.0003653638        0.0000000238
       -0.0009384726       -0.0042135237       -0.0000006887
       -0.0000201800        0.0000097926        0.0000001562
        0.1056304188        0.8975920350       -0.0001464800
       -0.2269716649       -0.5053221313       -0.0000911837
        0.1014615099       -0.3224233412       -0.0000485663
        0.0151582625       -0.0181692925       -0.0000013937
        0.0178335812        0.0085126825       -0.0000001337
        0.0076957588       -0.0572066075        0.0000041963
        0.0000224299        0.0251812775       -0.0000001963
       -0.0145763025       -0.0141056650        0.0000000424
        0.0168124962       -0.0102053863       -0.0000003288
        0.0017560124       -0.0006412225       -0.0000000100
       -0.0240167351       -0.0010770088       -0.0000006213
       -0.0005377313       -0.0021328112        0.0000000487
       -0.0001069137       -0.0001464800        0.1910984275
       -0.0000238549       -0.0000919826       -0.0719590600
       -0.0000163363       -0.0000507850       -0.0467096388
       -0.0000007613       -0.0000011025       -0.0100081700
        0.0000004625       -0.0000017875        0.0006915900
       -0.0000533725       -0.0000001800       -0.0631465550
        0.0000000312       -0.0000002400        0.0002591075
       -0.0000002712       -0.0000000063       -0.0003787876
       -0.0000001863       -0.0000002088       -0.0002402025
        0.0000001312       -0.0000000200       -0.0000342500
       -0.0000002451       -0.0000001562        0.0003046100
        0.0000001100        0.0000001063        0.0001282062
       -0.2549166624       -0.2269716649       -0.0000238549
        0.2435355374        0.2697982112       -0.0000247625
        0.0446872925       -0.0041828737        0.0000007525
       -0.0002027087        0.0060187575       -0.0000001087
       -0.0059891874       -0.0052505425        0.0000003526
       -0.0179935287       -0.0429973574       -0.0000018699
       -0.0006016887       -0.0145760649        0.0000001013
        0.0058576163        0.0080167013        0.0000000400
       -0.0194421262        0.0022472076       -0.0000002075
       -0.0033606125        0.0015982887        0.0000003300
        0.0090374350        0.0050372589       -0.0000005812
       -0.0006057424        0.0015419301        0.0000000712
       -0.2377118313       -0.5053221313       -0.0000919826
        0.2697982112        0.6085363727       -0.0000984701
       -0.0148478338       -0.0901274313       -0.0000054138
        0.0056971674       -0.0033528400       -0.0000003575
       -0.0107943151        0.0016726674       -0.0000004838
       -0.0212294588       -0.0104456063       -0.0000011575
       -0.0015367151       -0.0141056976        0.0000000387
        0.0080165524        0.0069585175        0.0000002124
       -0.0110359651        0.0101470124       -0.0000001788
       -0.0002889701       -0.0001097926       -0.0000000026
        0.0140743273       -0.0051464788       -0.0000003751
        0.0001557049        0.0012943837        0.0000000787
       -0.0000219600       -0.0000911837       -0.0719590600
       -0.0000247625       -0.0000984701        0.0350859750
       -0.0000013138       -0.0000031775        0.0175169387
        0.0000000662       -0.0000002050        0.0093480151
       -0.0000003375       -0.0000000200       -0.0057241324
        0.0000005163       -0.0000016775        0.0181609388
        0.0000001262       -0.0000000675       -0.0003788863
       -0.0000002375        0.0000000762        0.0010948737
       -0.0000003013        0.0000000025        0.0044004575
       -0.0000001638       -0.0000001738        0.0001430275
        0.0000009374       -0.0000004638       -0.0070688788
        0.0000000800       -0.0000000925       -0.0006163076
       -0.2305543775        0.1014615099       -0.0000163363
        0.0446872925       -0.0148478338       -0.0000013138
        0.8251711826        0.0385772587       -0.0001511713
       -0.2041070063       -0.1814892338       -0.0000293525
       -0.3949906750        0.0220174375       -0.0001028525
       -0.0188742450        0.0370309974       -0.0000022037
       -0.0014974963        0.0168125362       -0.0000003001
       -0.0194422513       -0.0110359138       -0.0000003688
        0.0058137525       -0.0057685875       -0.0000002776
        0.0006358211       -0.0001072114       -0.0000000800
       -0.0057686889       -0.0005068387       -0.0000000951
       -0.0010672951       -0.0019466087        0.0000000149
        0.1305695339       -0.3224233412       -0.0000507850
       -0.0041828737       -0.0901274313       -0.0000031775
        0.0385772587        0.8299236575       -0.0001309750
       -0.1894563650       -0.3401081087       -0.0000799299
        0.0149557612       -0.0820749625        0.0000064513
        0.0028045551       -0.0007398888       -0.0000002287
        0.0013289712       -0.0102053387       -0.0000001250
        0.0022469738        0.0101470375        0.0000003350
       -0.0057685538        0.0048207013        0.0000005325
       -0.0005676000        0.0002756511       -0.0000001675
        0.0095374849       -0.0003294412       -0.0000000800
        0.0001657462        0.0008420963        0.0000002150
       -0.0000135762       -0.0000485663       -0.0467096388
        0.0000007525       -0.0000054138        0.0175169387
       -0.0001511713       -0.0001309750        0.0317743751
       -0.0000266963       -0.0000711275       -0.0014400887
       -0.0000902313        0.0000070362       -0.0166858138
        0.0000002263       -0.0000010126        0.0119853000
       -0.0000000463       -0.0000003600       -0.0002401175
       -0.0000005350       -0.0000002288        0.0044005937
       -0.0000003763        0.0000000850        0.0009738387
       -0.0000000438        0.0000001649       -0.0000852325
        0.0000012687       -0.0000000738       -0.0007632725
        0.0000001488       -0.0000000137       -0.0007221576
        0.0151301312        0.0151582625       -0.0000007613
       -0.0002027087        0.0056971674        0.0000000662
       -0.2041070063       -0.1894563650       -0.0000266963
        0.1928513301        0.1959331788       -0.0000274425
        0.0003664449       -0.0275386213       -0.0000009862
       -0.0007132137       -0.0003310913        0.0000000450
        0.0001339899        0.0017561275        0.0000001437
       -0.0033607187       -0.0002888338        0.0000002287
        0.0006359137       -0.0005675287        0.0000002500
        0.0000194487        0.0000191249        0.0000001074
       -0.0005921552        0.0001337350        0.0000002250
       -0.0001578313       -0.0002537450        0.0000001312
       -0.0264359212       -0.0181692925       -0.0000011025
        0.0060187575       -0.0033528400       -0.0000002050
       -0.1814892338       -0.3401081087       -0.0000711275
        0.1959331788        0.3526265100       -0.0000718725
        0.0042691363        0.0084849762       -0.0000000350
        0.0005543225        0.0010876175        0.0000000288
       -0.0003652800       -0.0006411238        0.0000002438
        0.0015982025       -0.0001096925        0.0000003062
       -0.0001073475        0.0002756975        0.0000002812
        0.0000189900       -0.0000363650        0.0000000826
        0.0001155249       -0.0001641725        0.0000002037
        0.0001661250        0.0001101751        0.0000001349
       -0.0000009012       -0.0000013937       -0.0100081700
       -0.0000001087       -0.0000003575        0.0093480151
       -0.0000293525       -0.0000799299       -0.0014400887
       -0.0000274425       -0.0000718725        0.0089648525
        0.0000006788       -0.0000012613       -0.0047372399
        0.0000000101        0.0000000612       -0.0021674712
       -0.0000000426       -0.0000000637       -0.0000342737
       -0.0000000137       -0.0000000600        0.0001430675
       -0.0000000750        0.0000000813       -0.0000852475
        0.0000000838       -0.0000000675        0.0000492875
        0.0000000362       -0.0000000249       -0.0000250213
       -0.0000000450       -0.0000000637       -0.0000068188
       -0.0053376762        0.0178335812        0.0000004625
       -0.0059891874       -0.0107943151       -0.0000003375
       -0.3949906750        0.0149557612       -0.0000902313
        0.0003664449        0.0042691363        0.0000006788
        0.3941276850       -0.0282997000       -0.0000921687
        0.0018850050       -0.0004881900        0.0000000501
       -0.0009383314       -0.0240165775       -0.0000001825
        0.0090374363        0.0140744712        0.0000010962
       -0.0057686875        0.0095373975        0.0000016013
       -0.0005920050        0.0001156737        0.0000003937
        0.0060406362       -0.0001149313        0.0000004638
        0.0021636649        0.0027610363        0.0000003612
        0.0356974250        0.0085126825       -0.0000017875
       -0.0052505425        0.0016726674       -0.0000000200
        0.0220174375       -0.0820749625        0.0000070362
       -0.0275386213        0.0084849762       -0.0000012613
       -0.0282997000        0.0761596201        0.0000067325
        0.0027413500       -0.0046548538       -0.0000000962
       -0.0042135263       -0.0010770213       -0.0000001888
        0.0050370800       -0.0051464912       -0.0000002976
       -0.0005067163       -0.0003295150       -0.0000000488
        0.0001338537       -0.0001643388       -0.0000000200
       -0.0001151601       -0.0013824475       -0.0000000626
        0.0001196137        0.0000020488       -0.0000000926
       -0.0000026699       -0.0000001337        0.0006915900
        0.0000003526       -0.0000004838       -0.0057241324
       -0.0001028525        0.0000064513       -0.0166858138
       -0.0000009862       -0.0000000350       -0.0047372399
       -0.0000921687        0.0000067325        0.0246829075
        0.0000000325       -0.0000000512        0.0074773513
       -0.0000006863       -0.0000006000        0.0003046787
       -0.0000007325       -0.0000003762       -0.0070687725
       -0.0000000187       -0.0000001025       -0.0007632425
        0.0000001162        0.0000001325       -0.0000249488
        0.0000002612       -0.0000000600        0.0006590325
        0.0000000713        0.0000000276        0.0011896075
       -0.2886044075        0.0076957588       -0.0000533725
       -0.0179935287       -0.0212294588        0.0000005163
       -0.0188742450        0.0028045551        0.0000002263
       -0.0007132137        0.0005543225        0.0000000101
        0.0018850050        0.0027413500        0.0000000325
        0.3241704700        0.0072299613       -0.0000583762
       -0.0000201650       -0.0005377350        0.0000001988
       -0.0006057312        0.0001557138        0.0000002187
       -0.0010670774        0.0001657525        0.0000001712
       -0.0001581112        0.0001661375        0.0000000813
        0.0021633625        0.0001195976        0.0000000750
       -0.0001753900        0.0000217788        0.0000001862
       -0.0026894725       -0.0572066075       -0.0000001800
       -0.0429973574       -0.0104456063       -0.0000016775
        0.0370309974       -0.0007398888       -0.0000010126
       -0.0003310913        0.0010876175        0.0000000612
       -0.0004881900       -0.0046548538       -0.0000000512
        0.0072299613        0.0715924151        0.0000032925
        0.0000098737       -0.0021327575        0.0000001324
        0.0015418400        0.0012944475        0.0000001412
       -0.0019466400        0.0008422975        0.0000001113
       -0.0002538863        0.0001101362        0.0000000863
        0.0027609274        0.0000020037        0.0000000774
        0.0000217362        0.0002500138        0.0000000949
       -0.0000675674        0.0000041963       -0.0631465550
       -0.0000018699       -0.0000011575        0.0181609388
       -0.0000022037       -0.0000002287        0.0119853000
        0.0000000450        0.0000000288       -0.0021674712
        0.0000000501       -0.0000000962        0.0074773513
       -0.0000583762        0.0000032925        0.0275486624
        0.0000001200       -0.0000000150        0.0001282313
       -0.0000002849        0.0000000750       -0.0006162263
       -0.0000000612       -0.0000000062       -0.0007221637
       -0.0000000787       -0.0000000225       -0.0000067887
        0.0000001100       -0.0000000387        0.0011895325
        0.0000001226       -0.0000000237        0.0001732550
       -0.0021926676        0.0000224299        0.0000000312
       -0.0006016887       -0.0015367151        0.0000001262
       -0.0014974963        0.0013289712       -0.0000000463
        0.0001339899       -0.0003652800       -0.0000000426
       -0.0009383314       -0.0042135263       -0.0000006863
       -0.0000201650        0.0000098737        0.0000001200
        0.7694087851        0.1056304237       -0.0001068576
       -0.2549170113       -0.2377119689       -0.0000219838
       -0.2305543913        0.1305694912       -0.0000135363
        0.0151300286       -0.0264360327       -0.0000008475
       -0.0053378389        0.0356974475       -0.0000027901
       -0.2886044026       -0.0026895300       -0.0000675551
        0.0000224126        0.0251812775       -0.0000002400
       -0.0145760649       -0.0141056976       -0.0000000675
        0.0168125362       -0.0102053387       -0.0000003600
        0.0017561275       -0.0006411238       -0.0000000637
       -0.0240165775       -0.0010770213       -0.0000006000
       -0.0005377350       -0.0021327575       -0.0000000150
        0.1056304237        0.8975920525       -0.0001464225
       -0.2269717412       -0.5053221488       -0.0000910676
        0.1014614425       -0.3224233900       -0.0000485488
        0.0151581374       -0.0181693938       -0.0000013650
        0.0178334424        0.0085126825       -0.0000001463
        0.0076957288       -0.0572066737        0.0000041787
        0.0000000612       -0.0000001963        0.0002591075
        0.0000001013        0.0000000387       -0.0003788863
       -0.0000003001       -0.0000001250       -0.0002401175
        0.0000001437        0.0000002438       -0.0000342737
       -0.0000001825       -0.0000001888        0.0003046787
        0.0000001988        0.0000001324        0.0001282313
       -0.0001068576       -0.0001464225        0.1910983175
       -0.0000239663       -0.0000919287       -0.0719589276
       -0.0000161538       -0.0000507188       -0.0467095050
       -0.0000011551       -0.0000008426       -0.0100080163
        0.0000003549       -0.0000017162        0.0006916362
       -0.0000533613       -0.0000002400       -0.0631463900
       -0.0006019000       -0.0145763025       -0.0000002712
        0.0058576163        0.0080165524       -0.0000002375
       -0.0194422513        0.0022469738       -0.0000005350
       -0.0033607187        0.0015982025       -0.0000000137
        0.0090374363        0.0050370800       -0.0000007325
       -0.0006057312        0.0015418400       -0.0000002849
       -0.2549170113       -0.2269717412       -0.0000239663
        0.2435358600        0.2697980363       -0.0000246725
        0.0446870675       -0.0041830950        0.0000008099
       -0.0002029938        0.0060185612       -0.0000002200
       -0.0059895076       -0.0052503850        0.0000001812
       -0.0179938300       -0.0429975737       -0.0000020088
       -0.0015367112       -0.0141056650       -0.0000000063
        0.0080167013        0.0069585175        0.0000000762
       -0.0110359138        0.0101470375       -0.0000002288
       -0.0002888338       -0.0001096925       -0.0000000600
        0.0140744712       -0.0051464912       -0.0000003762
        0.0001557138        0.0012944475        0.0000000750
       -0.2377119689       -0.5053221488       -0.0000919287
        0.2697980363        0.6085363850       -0.0000983525
       -0.0148479050       -0.0901275025       -0.0000053788
        0.0056970313       -0.0033529938       -0.0000003225
       -0.0107944838        0.0016726700       -0.0000005001
       -0.0212294863       -0.0104456837       -0.0000011126
        0.0000002050        0.0000000424       -0.0003787876
        0.0000000400        0.0000002124        0.0010948737
       -0.0000003688        0.0000003350        0.0044005937
        0.0000002287        0.0000003062        0.0001430675
        0.0000010962       -0.0000002976       -0.0070687725
        0.0000002187        0.0000001412       -0.0006162263
       -0.0000219838       -0.0000910676       -0.0719589276
       -0.0000246725       -0.0000983525        0.0350857576
       -0.0000013675       -0.0000032526        0.0175170512
       -0.0000000151       -0.0000001864        0.0093480661
       -0.0000003451       -0.0000000075       -0.0057240164
        0.0000006275       -0.0000016924        0.0181611049
       -0.0014975150        0.0168124962       -0.0000001863
       -0.0194421262       -0.0110359651       -0.0000003013
        0.0058137525       -0.0057685538       -0.0000003763
        0.0006359137       -0.0001073475       -0.0000000750
       -0.0057686875       -0.0005067163       -0.0000000187
       -0.0010670774       -0.0019466400       -0.0000000612
       -0.2305543913        0.1014614425       -0.0000161538
        0.0446870675       -0.0148479050       -0.0000013675
        0.8251712725        0.0385772174       -0.0001513138
       -0.2041071501       -0.1814894826       -0.0000294700
       -0.3949908663        0.0220174137       -0.0001029013
       -0.0188742975        0.0370308175       -0.0000023325
        0.0013289825       -0.0102053863       -0.0000002088
        0.0022472076        0.0101470124        0.0000000025
       -0.0057685875        0.0048207013        0.0000000850
       -0.0005675287        0.0002756975        0.0000000813
        0.0095373975       -0.0003295150       -0.0000001025
        0.0001657525        0.0008422975       -0.0000000062
        0.1305694912       -0.3224233900       -0.0000507188
       -0.0041830950       -0.0901275025       -0.0000032526
        0.0385772174        0.8299237625       -0.0001309288
       -0.1894566963       -0.3401084288       -0.0000797400
        0.0149555737       -0.0820749899        0.0000061949
        0.0028043587       -0.0007402637       -0.0000004975
       -0.0000000300       -0.0000003288       -0.0002402025
       -0.0000002075       -0.0000001788        0.0044004575
       -0.0000002776        0.0000005325        0.0009738387
        0.0000002500        0.0000002812       -0.0000852475
        0.0000016013       -0.0000000488       -0.0007632425
        0.0000001712        0.0000001113       -0.0007221637
       -0.0000135363       -0.0000485488       -0.0467095050
        0.0000008099       -0.0000053788        0.0175170512
       -0.0001513138       -0.0001309288        0.0317743076
       -0.0000268088       -0.0000710263       -0.0014400563
       -0.0000903576        0.0000070912       -0.0166858213
        0.0000002200       -0.0000010424        0.0119853862
        0.0001338187        0.0017560124        0.0000001312
       -0.0033606125       -0.0002889701       -0.0000001638
        0.0006358211       -0.0005676000       -0.0000000438
        0.0000194487        0.0000189900        0.0000000838
       -0.0005920050        0.0001338537        0.0000001162
       -0.0001581112       -0.0002538863       -0.0000000787
        0.0151300286        0.0151581374       -0.0000011551
       -0.0002029938        0.0056970313       -0.0000000151
       -0.2041071501       -0.1894566963       -0.0000268088
        0.1928515701        0.1959327999       -0.0000275175
        0.0003662048       -0.0275385913       -0.0000012800
       -0.0007132201       -0.0003313975       -0.0000000288
       -0.0003653638       -0.0006412225       -0.0000000200
        0.0015982887       -0.0001097926       -0.0000001738
       -0.0001072114        0.0002756511        0.0000001649
        0.0000191249       -0.0000363650       -0.0000000675
        0.0001156737       -0.0001643388        0.0000001325
        0.0001661375        0.0001101362       -0.0000000225
       -0.0264360327       -0.0181693938       -0.0000008426
        0.0060185612       -0.0033529938       -0.0000001864
       -0.1814894826       -0.3401084288       -0.0000710263
        0.1959327999        0.3526267251       -0.0000720651
        0.0042689562        0.0084848825       -0.0000000951
        0.0005544300        0.0010874113       -0.0000000426
        0.0000000238       -0.0000000100       -0.0000342500
        0.0000003300       -0.0000000026        0.0001430275
       -0.0000000800       -0.0000001675       -0.0000852325
        0.0000001074        0.0000000826        0.0000492875
        0.0000003937       -0.0000000200       -0.0000249488
        0.0000000813        0.0000000863       -0.0000067887
       -0.0000008475       -0.0000013650       -0.0100080163
       -0.0000002200       -0.0000003225        0.0093480661
       -0.0000294700       -0.0000797400       -0.0014400563
       -0.0000275175       -0.0000720651        0.0089647450
        0.0000006349       -0.0000012287       -0.0047371675
        0.0000001350        0.0000000500       -0.0021673788
       -0.0009384726       -0.0240167351       -0.0000002451
        0.0090374350        0.0140743273        0.0000009374
       -0.0057686889        0.0095374849        0.0000012687
       -0.0005921552        0.0001155249        0.0000000362
        0.0060406362       -0.0001151601        0.0000002612
        0.0021633625        0.0027609274        0.0000001100
       -0.0053378389        0.0178334424        0.0000003549
       -0.0059895076       -0.0107944838       -0.0000003451
       -0.3949908663        0.0149555737       -0.0000903576
        0.0003662048        0.0042689562        0.0000006349
        0.3941279977       -0.0282996851       -0.0000923314
        0.0018851187       -0.0004884200       -0.0000001051
       -0.0042135237       -0.0010770088       -0.0000001562
        0.0050372589       -0.0051464788       -0.0000004638
       -0.0005068387       -0.0003294412       -0.0000000738
        0.0001337350       -0.0001641725       -0.0000000249
       -0.0001149313       -0.0013824475       -0.0000000600
        0.0001195976        0.0000020037       -0.0000000387
        0.0356974475        0.0085126825       -0.0000017162
       -0.0052503850        0.0016726700       -0.0000000075
        0.0220174137       -0.0820749899        0.0000070912
       -0.0275385913        0.0084848825       -0.0000012287
       -0.0282996851        0.0761595750        0.0000067537
        0.0027412862       -0.0046549387       -0.0000000513
       -0.0000006887       -0.0000006213        0.0003046100
       -0.0000005812       -0.0000003751       -0.0070688788
       -0.0000000951       -0.0000000800       -0.0007632725
        0.0000002250        0.0000002037       -0.0000250213
        0.0000004638       -0.0000000626        0.0006590325
        0.0000000750        0.0000000774        0.0011895325
       -0.0000027901       -0.0000001463        0.0006916362
        0.0000001812       -0.0000005001       -0.0057240164
       -0.0001029013        0.0000061949       -0.0166858213
       -0.0000012800       -0.0000000951       -0.0047371675
       -0.0000923314        0.0000067537        0.0246829201
       -0.0000000263       -0.0000001125        0.0074774324
       -0.0000201800       -0.0005377313        0.0000001100
       -0.0006057424        0.0001557049        0.0000000800
       -0.0010672951        0.0001657462        0.0000001488
       -0.0001578313        0.0001661250       -0.0000000450
        0.0021636649        0.0001196137        0.0000000713
       -0.0001753900        0.0000217362        0.0000001226
       -0.2886044026        0.0076957288       -0.0000533613
       -0.0179938300       -0.0212294863        0.0000006275
       -0.0188742975        0.0028043587        0.0000002200
       -0.0007132201        0.0005544300        0.0000001350
        0.0018851187        0.0027412862       -0.0000000263
        0.3241704975        0.0072297988       -0.0000583464
        0.0000097926       -0.0021328112        0.0000001063
        0.0015419301        0.0012943837       -0.0000000925
       -0.0019466087        0.0008420963       -0.0000000137
       -0.0002537450        0.0001101751       -0.0000000637
        0.0027610363        0.0000020488        0.0000000276
        0.0000217788        0.0002500138       -0.0000000237
       -0.0026895300       -0.0572066737       -0.0000002400
       -0.0429975737       -0.0104456837       -0.0000016924
        0.0370308175       -0.0007402637       -0.0000010424
       -0.0003313975        0.0010874113        0.0000000500
       -0.0004884200       -0.0046549387       -0.0000001125
        0.0072297988        0.0715925624        0.0000032475
        0.0000001562        0.0000000487        0.0001282062
        0.0000000712        0.0000000787       -0.0006163076
        0.0000000149        0.0000002150       -0.0007221576
        0.0000001312        0.0000001349       -0.0000068188
        0.0000003612       -0.0000000926        0.0011896075
        0.0000001862        0.0000000949        0.0001732550
       -0.0000675551        0.0000041787       -0.0631463900
       -0.0000020088       -0.0000011126        0.0181611049
       -0.0000023325       -0.0000004975        0.0119853862
       -0.0000000288       -0.0000000426       -0.0021673788
       -0.0000001051       -0.0000000513        0.0074774324
       -0.0000583464        0.0000032475        0.0275485776
