   16   48
        0.0669917199        0.0178807500       -0.0856013398
       -0.0652339651       -0.0161302501        0.0765552753
       -0.0071324251       -0.0064607997        0.0199407552
       -0.0016416649        0.0034362199        0.0009377698
        0.0092129952        0.0057586402       -0.0258786397
       -0.0047598547       -0.0020574498        0.0165094448
        0.0003780198       -0.0003509899       -0.0010736099
        0.0017832951       -0.0011706351       -0.0003583401
        0.0006831399       -0.0007471550        0.0000328802
       -0.0002411349        0.0001038001        0.0000532648
       -0.0000642149        0.0000398001       -0.0002128849
        0.0000093851        0.0000152249       -0.0000865100
       -0.0001043898       -0.0006425103       -0.0003478550
       -0.0000947654        0.0004224952       -0.0001555097
        0.0001237501        0.0000159503       -0.0002973050
        0.0000901150       -0.0001142052       -0.0000262452
        0.0178807500        0.0602996300       -0.0638319548
       -0.0166901202       -0.0566299101        0.0605911850
        0.0087431798        0.0077766802       -0.0271780550
        0.0031841350       -0.0032720351       -0.0014193051
       -0.0015251698       -0.0020624501        0.0027376203
       -0.0061976300       -0.0046460451        0.0269737646
       -0.0010633053        0.0006602849        0.0019033899
       -0.0025640151        0.0012381850        0.0003994148
       -0.0014674251       -0.0010556602       -0.0005462798
        0.0000159201       -0.0000293102       -0.0002098801
        0.0001647447       -0.0000069500        0.0000136001
       -0.0000552049        0.0000120801        0.0001066599
       -0.0004346001       -0.0019071553       -0.0000203499
        0.0001322496       -0.0003314850        0.0002480152
       -0.0000773650       -0.0000687498        0.0002114601
       -0.0000472500        0.0000220498        0.0000017050
       -0.0856013398       -0.0638319548        0.3366929297
        0.0777611402        0.0578064049       -0.3138996448
        0.0026738249        0.0060983103       -0.0137202397
        0.0013604901       -0.0023340800        0.0002543800
        0.0067493303        0.0029626000       -0.0139545045
       -0.0012586247       -0.0013428698        0.0014713899
       -0.0005306251       -0.0010837999        0.0011900653
       -0.0011461199        0.0001912397        0.0015223799
        0.0015083899        0.0007003399       -0.0007830445
       -0.0001387500        0.0000210753        0.0003507949
       -0.0004641501        0.0002368199        0.0005060454
        0.0000542153       -0.0000653597        0.0000075300
       -0.0009016850        0.0005778551        0.0002639101
        0.0001596851       -0.0000361348        0.0000631752
       -0.0002301047        0.0000972500        0.0000526748
       -0.0000042598       -0.0000151101       -0.0000180449
       -0.0652339651       -0.0166901202        0.0777611402
        0.5955050602        0.0464153698        0.0275164251
       -0.1249388703        0.0621534150        0.0395121398
       -0.0043094502        0.0097286551        0.0039890500
       -0.2465198250        0.0280188200       -0.1409946049
       -0.1307122699       -0.1366360001        0.0010155395
        0.0087674044       -0.0234918303       -0.0088221600
       -0.0307907402        0.0288892446        0.0062283598
        0.0024781150       -0.0000293551       -0.0036402301
       -0.0026281302        0.0007961251       -0.0042773399
       -0.0000518853       -0.0003103904        0.0004234599
       -0.0009638151        0.0011236747        0.0003022848
        0.0001260750       -0.0000541900        0.0002819101
       -0.0002893356       -0.0002897352        0.0006584850
       -0.0000390901       -0.0000392501       -0.0000007802
       -0.0003991653        0.0004506347        0.0000691097
       -0.0161302501       -0.0566299101        0.0578064049
        0.0464153698        0.5592605703       -0.0279613900
        0.0604205496       -0.1520579201       -0.0360817901
       -0.0037286901        0.0053814600        0.0028400848
        0.0316529199       -0.0481938352        0.0213588700
       -0.1407004950       -0.2625389851        0.0012026345
        0.0086012497       -0.0375266404       -0.0151411902
        0.0127541949       -0.0067636654       -0.0020927052
        0.0011889696       -0.0010911052       -0.0027111301
       -0.0002201804        0.0008760148        0.0006881700
        0.0002398798        0.0001700198       -0.0002175801
       -0.0000475052        0.0001593548       -0.0002676504
       -0.0001910053       -0.0009505652        0.0002532349
       -0.0001642803       -0.0002387350        0.0004883748
        0.0002433598       -0.0000161401       -0.0001051851
       -0.0002998851        0.0001589646       -0.0001072002
        0.0765552753        0.0605911850       -0.3138996448
        0.0275164251       -0.0279613900        0.6061448300
        0.0486431946       -0.0448238950       -0.1100870600
        0.0175363948       -0.0222890500       -0.0079825853
       -0.1382564298        0.0191628300       -0.1419916597
       -0.0003026398        0.0002338001       -0.0425713404
       -0.0007349402       -0.0068365898        0.0029587201
       -0.0238401350        0.0210334647        0.0077710649
       -0.0031957151        0.0005227696        0.0011560951
       -0.0022526351        0.0006018848       -0.0039237102
        0.0004111999       -0.0001838754       -0.0005601100
       -0.0012060102        0.0007664150        0.0006817899
        0.0001881349       -0.0013877900        0.0011755500
       -0.0003753601        0.0002757952        0.0001939901
       -0.0003417452       -0.0002226500        0.0007620898
       -0.0003204099        0.0004662249        0.0001715847
       -0.0071324251        0.0087431798        0.0026738249
       -0.1249388703        0.0604205496        0.0486431946
        0.5125818404       -0.0346662551       -0.0994311901
       -0.0870535004       -0.0145872701        0.0968363148
       -0.0137236449        0.0182303700        0.0108055750
        0.0096610350       -0.0188369702       -0.0087224004
       -0.0916254606       -0.0474789954        0.0111598300
       -0.1413692652        0.0335293046       -0.0470404203
       -0.0206894501       -0.0243452703        0.0130614151
       -0.0474931753        0.0220878346       -0.0134662804
        0.0000286497        0.0022230145       -0.0003339002
       -0.0002611151        0.0013245446        0.0019809994
        0.0015200249       -0.0009680954       -0.0030876404
        0.0019055747        0.0033560548       -0.0061133699
        0.0043759948       -0.0022149652       -0.0052467104
        0.0042127397       -0.0067868106       -0.0016836952
       -0.0064607997        0.0077766802        0.0060983103
        0.0621534150       -0.1520579201       -0.0448238950
       -0.0346662551        0.5266482998       -0.0289829450
       -0.0193180048       -0.0595999799        0.0594692801
       -0.0036956197       -0.0012971799       -0.0015086695
        0.0168628901       -0.0186153898       -0.0105504751
       -0.0611939151       -0.1851736599       -0.0085581146
        0.0316318051       -0.0877983302        0.0032123651
       -0.0193875499       -0.0263926898        0.0154904154
        0.0257524448       -0.0043469649        0.0206817603
        0.0003819599        0.0018019648        0.0012125801
        0.0023995952       -0.0041594001       -0.0017675100
        0.0059393503        0.0021256650       -0.0051487899
       -0.0000914702        0.0018125704       -0.0056188398
       -0.0020085650        0.0011936751        0.0000473449
        0.0017286553       -0.0019197802        0.0007214749
        0.0199407552       -0.0271780550       -0.0137202397
        0.0395121398       -0.0360817901       -0.1100870600
       -0.0994311901       -0.0289829450        0.6498459800
        0.0976177000        0.0490543999       -0.2696744900
       -0.0141040397        0.0174698900        0.0060697403
       -0.0011670596        0.0033238700       -0.0007558504
       -0.0022855502       -0.0305199751       -0.1051666999
       -0.0781979398        0.0198955948       -0.1666469652
        0.0172640148        0.0314047449        0.0112508752
        0.0022836048        0.0074544300        0.0120361349
        0.0032699251        0.0032608398       -0.0065534599
        0.0049035452       -0.0035520853       -0.0009553904
        0.0015007950        0.0006394498       -0.0015473950
        0.0000048698        0.0023936150       -0.0025680549
        0.0072920599       -0.0038815551       -0.0003217150
        0.0016324000       -0.0047313651       -0.0012069751
       -0.0016416649        0.0031841350        0.0013604901
       -0.0043094502       -0.0037286901        0.0175363948
       -0.0870535004       -0.0193180048        0.0976177000
        0.1004229802        0.0294232149       -0.0942374302
        0.0002285401       -0.0006224050       -0.0003377198
        0.0007368101        0.0001633902       -0.0005550103
       -0.0107076255       -0.0140972352        0.0170946549
       -0.0023231550        0.0113995398       -0.0348004303
        0.0006624799       -0.0030230552       -0.0019104147
        0.0045811848       -0.0019325802       -0.0049882601
       -0.0004504952       -0.0005761703        0.0008823150
        0.0000596501       -0.0001292850        0.0000520899
        0.0000509650        0.0002457949       -0.0000683750
       -0.0002694651       -0.0002188548        0.0003196450
        0.0004134347       -0.0010078452        0.0015853848
       -0.0004007600        0.0002358598        0.0004541997
        0.0034362199       -0.0032720351       -0.0023340800
        0.0097286551        0.0053814600       -0.0222890500
       -0.0145872701       -0.0595999799        0.0490543999
        0.0294232149        0.0778188303       -0.0619555851
       -0.0002715700        0.0004705797        0.0007361101
       -0.0006433800        0.0010581547        0.0003118296
       -0.0240985705       -0.0210776352        0.0291254850
        0.0017053299        0.0035221848        0.0072544799
       -0.0021396050       -0.0037432355       -0.0029828149
       -0.0015721801        0.0002179047        0.0015214098
       -0.0008260801       -0.0006537903        0.0012830247
        0.0000138550        0.0000138996       -0.0002348804
       -0.0005429951       -0.0001794601        0.0004259996
        0.0002292546       -0.0000248352        0.0002270900
        0.0001622800        0.0000586650       -0.0001770653
       -0.0000192000        0.0000083648        0.0000207200
        0.0009377698       -0.0014193051        0.0002543800
        0.0039890500        0.0028400848       -0.0079825853
        0.0968363148        0.0594692801       -0.2696744900
       -0.0942374302       -0.0619555851        0.2969976202
        0.0005196549       -0.0003064952        0.0002933299
       -0.0002833198       -0.0002339800       -0.0000061254
       -0.0010134752       -0.0021962754        0.0053442201
       -0.0072075150        0.0084504649       -0.0302027752
       -0.0010926053       -0.0014781355        0.0024224252
        0.0039825750       -0.0038646851        0.0003696596
        0.0000099897       -0.0000529204       -0.0000058802
       -0.0003135202       -0.0000885703        0.0006345797
       -0.0000343101       -0.0000426152        0.0000154549
       -0.0002782502       -0.0004032751        0.0002761951
       -0.0015980751        0.0007841098        0.0011516548
       -0.0002104599        0.0004860348        0.0001124496
        0.0092129952       -0.0015251698        0.0067493303
       -0.2465198250        0.0316529199       -0.1382564298
       -0.0137236449       -0.0036956197       -0.0141040397
        0.0002285401       -0.0002715700        0.0005196549
        0.2645911098       -0.0340550449        0.1516728801
       -0.0120790048        0.0041819152       -0.0083051654
        0.0017656649       -0.0015610101        0.0007682502
       -0.0036244649        0.0043582949        0.0023210950
        0.0003427900        0.0003236548       -0.0003228249
        0.0005166748       -0.0001446850       -0.0012899852
       -0.0000218100        0.0000298397       -0.0000316047
       -0.0002955349        0.0002707051        0.0001260702
       -0.0001114196        0.0002473200       -0.0001127950
        0.0000009550       -0.0000800250        0.0000784803
       -0.0000701550       -0.0000196201        0.0001211552
       -0.0002125998        0.0002686301        0.0001086801
        0.0057586402       -0.0020624501        0.0029626000
        0.0280188200       -0.0481938352        0.0191628300
        0.0182303700       -0.0012971799        0.0174698900
       -0.0006224050        0.0004705797       -0.0003064952
       -0.0340550449        0.0488443601       -0.0215931399
       -0.0224477401        0.0054175752       -0.0165962604
       -0.0013293703        0.0019290650       -0.0000652048
        0.0050916401       -0.0044778002       -0.0024511752
        0.0003366048       -0.0004733752        0.0005442701
        0.0007016300        0.0003397147        0.0011294699
       -0.0001300353        0.0000578646        0.0000034450
        0.0004009601       -0.0003319900       -0.0001553002
       -0.0000695201       -0.0001816900        0.0002216049
       -0.0000441503        0.0001420199       -0.0002058098
        0.0001080699       -0.0000541701       -0.0001141601
        0.0000313150       -0.0001292904       -0.0000156902
       -0.0258786397        0.0027376203       -0.0139545045
       -0.1409946049        0.0213588700       -0.1419916597
        0.0108055750       -0.0015086695        0.0060697403
       -0.0003377198        0.0007361101        0.0002933299
        0.1516728801       -0.0215931399        0.1485295797
        0.0022315152        0.0000775702       -0.0000686302
        0.0000839950        0.0011094352        0.0001958051
        0.0019594751       -0.0023256851        0.0001044052
       -0.0006455400        0.0001115049        0.0001880451
        0.0003907601       -0.0004550648        0.0009217749
        0.0001845601       -0.0000542551        0.0000333702
        0.0002038803       -0.0001367047       -0.0000752050
        0.0002468352       -0.0000207649       -0.0002526102
        0.0001940600       -0.0001149999        0.0000248704
       -0.0000806250        0.0001116803       -0.0000093399
        0.0000035953       -0.0000405851       -0.0000088150
       -0.0047598547       -0.0061976300       -0.0012586247
       -0.1307122699       -0.1407004950       -0.0003026398
        0.0096610350        0.0168628901       -0.0011670596
        0.0007368101       -0.0006433800       -0.0002833198
       -0.0120790048       -0.0224477401        0.0022315152
        0.1376796399        0.1489753004       -0.0016812902
       -0.0006126453        0.0051226101        0.0018259803
        0.0002779151       -0.0002471702        0.0001395497
       -0.0011306150       -0.0002209453        0.0009179851
        0.0000896000       -0.0001797301        0.0001158151
        0.0002271349       -0.0000456200       -0.0001735950
        0.0000371750       -0.0000389301       -0.0000089952
        0.0004313901       -0.0002057800       -0.0002469500
        0.0000646349        0.0000261102       -0.0001238348
       -0.0000119849        0.0000025904       -0.0000067249
        0.0001013251       -0.0000269250        0.0000144149
       -0.0020574498       -0.0046460451       -0.0013428698
       -0.1366360001       -0.2625389851        0.0002338001
       -0.0188369702       -0.0186153898        0.0033238700
        0.0001633902        0.0010581547       -0.0002339800
        0.0041819152        0.0054175752        0.0000775702
        0.1489753004        0.2816033799        0.0015716896
        0.0028149049       -0.0060385452       -0.0022865001
        0.0002746151        0.0019884197        0.0000427451
        0.0013054500        0.0011302149       -0.0017747547
        0.0003130850        0.0001582850       -0.0000570350
       -0.0000853100       -0.0000600050        0.0000708752
        0.0000376403        0.0000075150       -0.0000170652
       -0.0000927949        0.0004149749        0.0001651350
       -0.0001321200       -0.0000729401        0.0001932401
        0.0000195300       -0.0000516999       -0.0000202002
       -0.0002069947        0.0002447848        0.0000301398
        0.0165094448        0.0269737646        0.0014713899
        0.0010155395        0.0012026345       -0.0425713404
       -0.0087224004       -0.0105504751       -0.0007558504
       -0.0005550103        0.0003118296       -0.0000061254
       -0.0083051654       -0.0165962604       -0.0000686302
       -0.0016812902        0.0015716896        0.0431585806
        0.0017277893       -0.0047593255       -0.0002569354
       -0.0004925653        0.0007484644       -0.0001051504
        0.0014388596        0.0006253396       -0.0012476804
       -0.0000799253        0.0000060194        0.0000086547
       -0.0003498954        0.0000778894        0.0003262849
        0.0000017249        0.0000450146       -0.0000064003
       -0.0005940254        0.0004468845       -0.0000174853
        0.0000865745       -0.0001919554        0.0001839197
        0.0000170795        0.0000189198       -0.0000608907
       -0.0000248903        0.0000447346       -0.0000525753
        0.0003780198       -0.0010633053       -0.0005306251
        0.0087674044        0.0086012497       -0.0007349402
       -0.0916254606       -0.0611939151       -0.0022855502
       -0.0107076255       -0.0240985705       -0.0010134752
        0.0017656649       -0.0013293703        0.0000839950
       -0.0006126453        0.0028149049        0.0017277893
        0.2411726206        0.1621745696       -0.0792250100
       -0.0410489702       -0.0303120305       -0.0271969554
       -0.1012350003       -0.0294761105        0.0686965797
        0.0052709947       -0.0041056953       -0.0041234753
       -0.0086666853       -0.0082627304        0.0167645499
       -0.0006005752       -0.0005216202       -0.0000934506
       -0.0140325653       -0.0165928452        0.0332512946
        0.0138348045        0.0036189400       -0.0066760100
       -0.0005204106        0.0001023346        0.0011106746
       -0.0021400203       -0.0003306107        0.0002525846
       -0.0003509899        0.0006602849       -0.0010837999
       -0.0234918303       -0.0375266404       -0.0068365898
       -0.0474789954       -0.1851736599       -0.0305199751
       -0.0140972352       -0.0210776352       -0.0021962754
       -0.0015610101        0.0019290650        0.0011094352
        0.0051226101       -0.0060385452       -0.0047593255
        0.1621745696        0.3457034802       -0.0237032151
       -0.0261276099        0.0020875947       -0.0159433952
       -0.0342570553       -0.0974274153        0.0453074051
        0.0057195396       -0.0058874551       -0.0023439850
       -0.0202149403       -0.0129250853        0.0362895500
       -0.0003378901        0.0016664447        0.0004359649
       -0.0011510750        0.0115304249       -0.0078222800
       -0.0026165804       -0.0015682500        0.0106399250
       -0.0004074352        0.0005056000        0.0005034747
       -0.0008994101        0.0035404898        0.0009087898
       -0.0010736099        0.0019033899        0.0011900653
       -0.0088221600       -0.0151411902        0.0029587201
        0.0111598300       -0.0085581146       -0.1051666999
        0.0170946549        0.0291254850        0.0053442201
        0.0007682502       -0.0000652048        0.0001958051
        0.0018259803       -0.0022865001       -0.0002569354
       -0.0792250100       -0.0237032151        0.3461209400
       -0.0280432900       -0.0247933602       -0.0051971750
        0.0498767349        0.0188385800       -0.1957478548
        0.0024680699       -0.0018459500       -0.0009924801
       -0.0001962951        0.0009194696        0.0022343602
       -0.0001727000        0.0003771100        0.0004472997
        0.0145182253        0.0068485298       -0.0173307703
        0.0208668547        0.0172912900       -0.0336009299
       -0.0010376002        0.0001711550        0.0000071898
        0.0000013253        0.0009117699       -0.0002061051
        0.0017832951       -0.0025640151       -0.0011461199
       -0.0307907402        0.0127541949       -0.0238401350
       -0.1413692652        0.0316318051       -0.0781979398
       -0.0023231550        0.0017053299       -0.0072075150
       -0.0036244649        0.0050916401        0.0019594751
        0.0002779151        0.0002746151       -0.0004925653
       -0.0410489702       -0.0261276099       -0.0280432900
        0.4044945700       -0.1533827452        0.0616570301
        0.0035701547        0.0030346848       -0.0074269249
       -0.1479554950        0.0784325900        0.0512533248
       -0.0004779599       -0.0004952753        0.0002081350
       -0.0246848151        0.0245817597        0.0154651997
       -0.0008011600       -0.0002225050        0.0008734398
       -0.0017780300       -0.0008419300        0.0011642800
       -0.0200773098        0.0185559301        0.0137351049
        0.0048050103        0.0075886248        0.0000842650
       -0.0011706351        0.0012381850        0.0001912397
        0.0288892446       -0.0067636654        0.0210334647
        0.0335293046       -0.0877983302        0.0198955948
        0.0113995398        0.0035221848        0.0084504649
        0.0043582949       -0.0044778002       -0.0023256851
       -0.0002471702        0.0019884197        0.0007484644
       -0.0303120305        0.0020875947       -0.0247933602
       -0.1533827452        0.2483660705        0.0641275898
        0.0010697048        0.0013886745       -0.0010277600
        0.0641487946       -0.1352095404       -0.0588876753
       -0.0001212803        0.0004039643       -0.0007380601
        0.0066128348       -0.0049626001       -0.0028922054
       -0.0010275102       -0.0001967754       -0.0000382053
       -0.0004755907       -0.0003140053       -0.0013580700
        0.0028796447        0.0058210446       -0.0045435704
        0.0338711098       -0.0250938456       -0.0178510453
       -0.0003583401        0.0003994148        0.0015223799
        0.0062283598       -0.0020927052        0.0077710649
       -0.0470404203        0.0032123651       -0.1666469652
       -0.0348004303        0.0072544799       -0.0302027752
        0.0023210950       -0.0024511752        0.0001044052
        0.0001395497        0.0000427451       -0.0001051504
       -0.0271969554       -0.0159433952       -0.0051971750
        0.0616570301        0.0641275898        0.3087915502
        0.0032621449        0.0028235849       -0.0056803600
        0.0204640401       -0.0405380501       -0.1157439303
        0.0002635849       -0.0005293603        0.0014036550
       -0.0164857201        0.0169434699        0.0113330697
       -0.0003822700       -0.0002626152        0.0010623248
        0.0003855047       -0.0010069800        0.0033572800
        0.0246237099       -0.0248440099       -0.0112868003
        0.0069637599       -0.0071428801       -0.0004824554
        0.0006831399       -0.0014674251        0.0015083899
        0.0024781150        0.0011889696       -0.0031957151
       -0.0206894501       -0.0193875499        0.0172640148
        0.0006624799       -0.0021396050       -0.0010926053
        0.0003427900        0.0003366048       -0.0006455400
       -0.0011306150        0.0013054500        0.0014388596
       -0.1012350003       -0.0342570553        0.0498767349
        0.0035701547        0.0010697048        0.0032621449
        0.5869871103       -0.0068931502        0.0561081200
       -0.0019571402       -0.0002149503        0.0008914100
       -0.0666824954       -0.0760068002       -0.0275030902
        0.0003473997        0.0001335297        0.0000553547
       -0.2336229403        0.1316958799        0.0427029448
       -0.1695630553        0.0038446197       -0.1402456749
        0.0002757750        0.0001855949       -0.0003226904
       -0.0004662101        0.0006207898       -0.0000517403
       -0.0007471550       -0.0010556602        0.0007003399
       -0.0000293551       -0.0010911052        0.0005227696
       -0.0243452703       -0.0263926898        0.0314047449
       -0.0030230552       -0.0037432355       -0.0014781355
        0.0003236548       -0.0004733752        0.0001115049
       -0.0002209453        0.0011302149        0.0006253396
       -0.0294761105       -0.0974274153        0.0188385800
        0.0030346848        0.0013886745        0.0028235849
       -0.0068931502        0.6238726604        0.0574564550
       -0.0004294151       -0.0000257103        0.0004756200
       -0.0715545903       -0.3079577556       -0.0853027203
        0.0002448047        0.0001183648        0.0000632298
        0.1270101896       -0.1389058804       -0.0306991353
        0.0061905496       -0.0496981002        0.0048230152
       -0.0000394451       -0.0001008351        0.0000243597
       -0.0000311752        0.0003605544       -0.0004205353
        0.0000328802       -0.0005462798       -0.0007830445
       -0.0036402301       -0.0027111301        0.0011560951
        0.0130614151        0.0154904154        0.0112508752
       -0.0019104147       -0.0029828149        0.0024224252
       -0.0003228249        0.0005442701        0.0001880451
        0.0009179851       -0.0017747547       -0.0012476804
        0.0686965797        0.0453074051       -0.1957478548
       -0.0074269249       -0.0010277600       -0.0056803600
        0.0561081200        0.0574564550        0.5293644398
        0.0006950350       -0.0007466548       -0.0009515799
       -0.0224333900       -0.0739622450       -0.0659816547
       -0.0005722001       -0.0000945400       -0.0000897001
        0.0444046702       -0.0345804600       -0.0579168099
       -0.1480382650       -0.0004147148       -0.2168222645
        0.0000196351        0.0002080301        0.0000242801
        0.0004601750       -0.0001969050        0.0008138952
       -0.0002411349        0.0000159201       -0.0001387500
       -0.0026281302       -0.0002201804       -0.0022526351
       -0.0474931753        0.0257524448        0.0022836048
        0.0045811848       -0.0015721801        0.0039825750
        0.0005166748        0.0007016300        0.0003907601
        0.0000896000        0.0003130850       -0.0000799253
        0.0052709947        0.0057195396        0.0024680699
       -0.1479554950        0.0641487946        0.0204640401
       -0.0019571402       -0.0004294151        0.0006950350
        0.5686763802        0.0528397499        0.0643359149
        0.0004298198        0.0002907447       -0.0000116901
       -0.2025628001       -0.0013352800       -0.1599469851
        0.0005992501       -0.0000319750       -0.0000521402
       -0.0004090953       -0.0005337651        0.0006370701
       -0.0806058151       -0.0390053000        0.0824967299
       -0.0963117648       -0.1066353852       -0.0152133100
        0.0001038001       -0.0000293102        0.0000210753
        0.0007961251        0.0008760148        0.0006018848
        0.0220878346       -0.0043469649        0.0074544300
       -0.0019325802        0.0002179047       -0.0038646851
       -0.0001446850        0.0003397147       -0.0004550648
       -0.0001797301        0.0001582850        0.0000060194
       -0.0041056953       -0.0058874551       -0.0018459500
        0.0784325900       -0.1352095404       -0.0405380501
       -0.0002149503       -0.0000257103       -0.0007466548
        0.0528397499        0.5613649802       -0.0263635201
       -0.0006156202       -0.0002885653       -0.0000343601
        0.0044776601       -0.0451311502        0.0080302698
        0.0000847800       -0.0001311352        0.0001575697
        0.0000327097        0.0007978150        0.0002047551
       -0.0370412300       -0.0886331949        0.0905055600
       -0.1146037403       -0.2840721501       -0.0331651401
        0.0000532648       -0.0002098801        0.0003507949
       -0.0042773399        0.0006881700       -0.0039237102
       -0.0134662804        0.0206817603        0.0120361349
       -0.0049882601        0.0015214098        0.0003696596
       -0.0012899852        0.0011294699        0.0009217749
        0.0001158151       -0.0000570350        0.0000086547
       -0.0041234753       -0.0023439850       -0.0009924801
        0.0512533248       -0.0588876753       -0.1157439303
        0.0008914100        0.0004756200       -0.0009515799
        0.0643359149       -0.0263635201        0.6147013602
       -0.0002293601       -0.0001777804        0.0000786702
       -0.1493156552        0.0012605497       -0.1959771754
       -0.0001878900       -0.0000509453        0.0000952699
        0.0003802998        0.0000942950       -0.0000438499
        0.0785829948        0.0952178499       -0.2560107603
       -0.0176768199       -0.0330119101       -0.0549190204
       -0.0000642149        0.0001647447       -0.0004641501
       -0.0000518853        0.0002398798        0.0004111999
        0.0000286497        0.0003819599        0.0032699251
       -0.0004504952       -0.0008260801        0.0000099897
       -0.0000218100       -0.0001300353        0.0001845601
        0.0002271349       -0.0000853100       -0.0003498954
       -0.0086666853       -0.0202149403       -0.0001962951
       -0.0004779599       -0.0001212803        0.0002635849
       -0.0666824954       -0.0715545903       -0.0224333900
        0.0004298198       -0.0006156202       -0.0002293601
        0.0713669903        0.0868253596        0.0174402049
       -0.0000240101        0.0000679648       -0.0000102352
        0.0086257299        0.0251469947        0.0070697297
       -0.0041752853       -0.0195175650       -0.0050895301
       -0.0000191102        0.0001005651        0.0000664548
       -0.0000441952        0.0001276146        0.0000563850
        0.0000398001       -0.0000069500        0.0002368199
       -0.0003103904        0.0001700198       -0.0001838754
        0.0022230145        0.0018019648        0.0032608398
       -0.0005761703       -0.0006537903       -0.0000529204
        0.0000298397        0.0000578646       -0.0000542551
       -0.0000456200       -0.0000600050        0.0000778894
       -0.0082627304       -0.0129250853        0.0009194696
       -0.0004952753        0.0004039643       -0.0005293603
       -0.0760068002       -0.3079577556       -0.0739622450
        0.0002907447       -0.0002885653       -0.0001777804
        0.0868253596        0.3307240905        0.0753078348
       -0.0000617251        0.0000302899       -0.0000154654
       -0.0052598054       -0.0147287653       -0.0056233253
        0.0016647596        0.0034111099        0.0006655699
       -0.0000009953        0.0000325448        0.0000421795
       -0.0000612303       -0.0000109856        0.0000765795
       -0.0002128849        0.0000136001        0.0005060454
        0.0004234599       -0.0002175801       -0.0005601100
       -0.0003339002        0.0012125801       -0.0065534599
        0.0008823150        0.0012830247       -0.0000058802
       -0.0000316047        0.0000034450        0.0000333702
       -0.0001735950        0.0000708752        0.0003262849
        0.0167645499        0.0362895500        0.0022343602
        0.0002081350       -0.0007380601        0.0014036550
       -0.0275030902       -0.0853027203       -0.0659816547
       -0.0000116901       -0.0000343601        0.0000786702
        0.0174402049        0.0753078348        0.0732109299
        0.0000313403       -0.0000257049       -0.0000007449
       -0.0028804300       -0.0045188449       -0.0005401398
       -0.0044814252       -0.0233577848       -0.0041798597
       -0.0000716449        0.0000599752        0.0000283200
       -0.0000513049       -0.0000612400       -0.0000000301
        0.0000093851       -0.0000552049        0.0000542153
       -0.0009638151       -0.0000475052       -0.0012060102
       -0.0002611151        0.0023995952        0.0049035452
        0.0000596501        0.0000138550       -0.0003135202
       -0.0002955349        0.0004009601        0.0002038803
        0.0000371750        0.0000376403        0.0000017249
       -0.0006005752       -0.0003378901       -0.0001727000
       -0.0246848151        0.0066128348       -0.0164857201
        0.0003473997        0.0002448047       -0.0005722001
       -0.2025628001        0.0044776601       -0.1493156552
       -0.0000240101       -0.0000617251        0.0000313403
        0.2259439600       -0.0134990350        0.1633678050
       -0.0000297851        0.0000155399        0.0000894198
       -0.0000224952        0.0000319153        0.0000713351
        0.0105114151       -0.0008312298        0.0084976449
       -0.0074635548        0.0005819098       -0.0091008249
        0.0000152249        0.0000120801       -0.0000653597
        0.0011236747        0.0001593548        0.0007664150
        0.0013245446       -0.0041594001       -0.0035520853
       -0.0001292850        0.0000138996       -0.0000885703
        0.0002707051       -0.0003319900       -0.0001367047
       -0.0000389301        0.0000075150        0.0000450146
       -0.0005216202        0.0016664447        0.0003771100
        0.0245817597       -0.0049626001        0.0169434699
        0.0001335297        0.0001183648       -0.0000945400
       -0.0013352800       -0.0451311502        0.0012605497
        0.0000679648        0.0000302899       -0.0000257049
       -0.0134990350        0.0488570902       -0.0037569600
       -0.0000629800       -0.0000058401        0.0000574099
       -0.0000348203       -0.0000526501       -0.0000326199
        0.0089930097        0.0002128900        0.0091215298
       -0.0209071501        0.0035653349       -0.0208353350
       -0.0000865100        0.0001066599        0.0000075300
        0.0003022848       -0.0002676504        0.0006817899
        0.0019809994       -0.0017675100       -0.0009553904
        0.0000520899       -0.0002348804        0.0006345797
        0.0001260702       -0.0001553002       -0.0000752050
       -0.0000089952       -0.0000170652       -0.0000064003
       -0.0000934506        0.0004359649        0.0004472997
        0.0154651997       -0.0028922054        0.0113330697
        0.0000553547        0.0000632298       -0.0000897001
       -0.1599469851        0.0080302698       -0.1959771754
       -0.0000102352       -0.0000154654       -0.0000007449
        0.1633678050       -0.0037569600        0.2016298504
       -0.0000452002       -0.0000083352        0.0000445448
       -0.0000383002        0.0000061647       -0.0000215348
       -0.0201960401       -0.0008481652       -0.0162392953
       -0.0008710651        0.0013074595       -0.0014129802
       -0.0001043898       -0.0004346001       -0.0009016850
        0.0001260750       -0.0001910053        0.0001881349
        0.0015200249        0.0059393503        0.0015007950
        0.0000509650       -0.0005429951       -0.0000343101
       -0.0001114196       -0.0000695201        0.0002468352
        0.0004313901       -0.0000927949       -0.0005940254
       -0.0140325653       -0.0011510750        0.0145182253
       -0.0008011600       -0.0010275102       -0.0003822700
       -0.2336229403        0.1270101896        0.0444046702
        0.0005992501        0.0000847800       -0.0001878900
        0.0086257299       -0.0052598054       -0.0028804300
       -0.0000297851       -0.0000629800       -0.0000452002
        0.2518805900       -0.1375055652       -0.0602229551
       -0.0146595752        0.0135096150        0.0043325952
        0.0000128298       -0.0000470348        0.0000562051
        0.0001153651       -0.0001224350       -0.0000079302
       -0.0006425103       -0.0019071553        0.0005778551
       -0.0000541900       -0.0009505652       -0.0013877900
       -0.0009680954        0.0021256650        0.0006394498
        0.0002457949       -0.0001794601       -0.0000426152
        0.0002473200       -0.0001816900       -0.0000207649
       -0.0002057800        0.0004149749        0.0004468845
       -0.0165928452        0.0115304249        0.0068485298
       -0.0002225050       -0.0001967754       -0.0002626152
        0.1316958799       -0.1389058804       -0.0345804600
       -0.0000319750       -0.0001311352       -0.0000509453
        0.0251469947       -0.0147287653       -0.0045188449
        0.0000155399       -0.0000058401       -0.0000083352
       -0.1375055652        0.1424633803        0.0335502148
       -0.0011690506        0.0006269249       -0.0012577848
        0.0000411296        0.0000411049       -0.0000083253
        0.0000348351       -0.0000154802        0.0000710949
       -0.0003478550       -0.0000203499        0.0002639101
        0.0002819101        0.0002532349        0.0011755500
       -0.0030876404       -0.0051487899       -0.0015473950
       -0.0000683750        0.0004259996        0.0000154549
       -0.0001127950        0.0002216049       -0.0002526102
       -0.0002469500        0.0001651350       -0.0000174853
        0.0332512946       -0.0078222800       -0.0173307703
        0.0008734398       -0.0000382053        0.0010623248
        0.0427029448       -0.0306991353       -0.0579168099
       -0.0000521402        0.0001575697        0.0000952699
        0.0070697297       -0.0056233253       -0.0005401398
        0.0000894198        0.0000574099        0.0000445448
       -0.0602229551        0.0335502148        0.0677249602
       -0.0200395451        0.0145684299        0.0075205799
       -0.0000320301       -0.0001209202       -0.0000112053
       -0.0000679299        0.0000681948       -0.0002862402
       -0.0000947654        0.0001322496        0.0001596851
       -0.0002893356       -0.0001642803       -0.0003753601
        0.0019055747       -0.0000914702        0.0000048698
       -0.0002694651        0.0002292546       -0.0002782502
        0.0000009550       -0.0000441503        0.0001940600
        0.0000646349       -0.0001321200        0.0000865745
        0.0138348045       -0.0026165804        0.0208668547
       -0.0017780300       -0.0004755907        0.0003855047
       -0.1695630553        0.0061905496       -0.1480382650
       -0.0004090953        0.0000327097        0.0003802998
       -0.0041752853        0.0016647596       -0.0044814252
       -0.0000224952       -0.0000348203       -0.0000383002
       -0.0146595752       -0.0011690506       -0.0200395451
        0.1752683005       -0.0036075653        0.1512628748
        0.0001249745        0.0000115196       -0.0000477704
        0.0000618650        0.0000635197        0.0000048846
        0.0004224952       -0.0003314850       -0.0000361348
       -0.0002897352       -0.0002387350        0.0002757952
        0.0033560548        0.0018125704        0.0023936150
       -0.0002188548       -0.0000248352       -0.0004032751
       -0.0000800250        0.0001420199       -0.0001149999
        0.0000261102       -0.0000729401       -0.0001919554
        0.0036189400       -0.0015682500        0.0172912900
       -0.0008419300       -0.0003140053       -0.0010069800
        0.0038446197       -0.0496981002       -0.0004147148
       -0.0005337651        0.0007978150        0.0000942950
       -0.0195175650        0.0034111099       -0.0233577848
        0.0000319153       -0.0000526501        0.0000061647
        0.0135096150        0.0006269249        0.0145684299
       -0.0036075653        0.0458925700       -0.0088886000
        0.0001844597       -0.0001984699       -0.0001218353
        0.0000822052       -0.0001835201       -0.0001140350
       -0.0001555097        0.0002480152        0.0000631752
        0.0006584850        0.0004883748        0.0001939901
       -0.0061133699       -0.0056188398       -0.0025680549
        0.0003196450        0.0002270900        0.0002761951
        0.0000784803       -0.0002058098        0.0000248704
       -0.0001238348        0.0001932401        0.0001839197
       -0.0066760100        0.0106399250       -0.0336009299
        0.0011642800       -0.0013580700        0.0033572800
       -0.1402456749        0.0048230152       -0.2168222645
        0.0006370701        0.0002047551       -0.0000438499
       -0.0050895301        0.0006655699       -0.0041798597
        0.0000713351       -0.0000326199       -0.0000215348
        0.0043325952       -0.0012577848        0.0075205799
        0.1512628748       -0.0088886000        0.2458515797
       -0.0001403450       -0.0000992148        0.0000731350
        0.0000674703       -0.0000477999       -0.0003083551
        0.0001237501       -0.0000773650       -0.0002301047
       -0.0000390901        0.0002433598       -0.0003417452
        0.0043759948       -0.0020085650        0.0072920599
        0.0004134347        0.0001622800       -0.0015980751
       -0.0000701550        0.0001080699       -0.0000806250
       -0.0000119849        0.0000195300        0.0000170795
       -0.0005204106       -0.0004074352       -0.0010376002
       -0.0200773098        0.0028796447        0.0246237099
        0.0002757750       -0.0000394451        0.0000196351
       -0.0806058151       -0.0370412300        0.0785829948
       -0.0000191102       -0.0000009953       -0.0000716449
        0.0105114151        0.0089930097       -0.0201960401
        0.0000128298        0.0000411296       -0.0000320301
        0.0001249745        0.0001844597       -0.0001403450
        0.0882448103        0.0331918150       -0.0989350303
       -0.0027388549       -0.0062497404        0.0121354847
        0.0000159503       -0.0000687498        0.0000972500
       -0.0000392501       -0.0000161401       -0.0002226500
       -0.0022149652        0.0011936751       -0.0038815551
       -0.0010078452        0.0000586650        0.0007841098
       -0.0000196201       -0.0000541701        0.0001116803
        0.0000025904       -0.0000516999        0.0000189198
        0.0001023346        0.0005056000        0.0001711550
        0.0185559301        0.0058210446       -0.0248440099
        0.0001855949       -0.0001008351        0.0002080301
       -0.0390053000       -0.0886331949        0.0952178499
        0.0001005651        0.0000325448        0.0000599752
       -0.0008312298        0.0002128900       -0.0008481652
       -0.0000470348        0.0000411049       -0.0001209202
        0.0000115196       -0.0001984699       -0.0000992148
        0.0331918150        0.0901476500       -0.0934257153
       -0.0090026901       -0.0088900052        0.0267756300
       -0.0002973050        0.0002114601        0.0000526748
       -0.0000007802       -0.0001051851        0.0007620898
       -0.0052467104        0.0000473449       -0.0003217150
        0.0015853848       -0.0001770653        0.0011516548
        0.0001211552       -0.0001141601       -0.0000093399
       -0.0000067249       -0.0000202002       -0.0000608907
        0.0011106746        0.0005034747        0.0000071898
        0.0137351049       -0.0045435704       -0.0112868003
       -0.0003226904        0.0000243597        0.0000242801
        0.0824967299        0.0905055600       -0.2560107603
        0.0000664548        0.0000421795        0.0000283200
        0.0084976449        0.0091215298       -0.0162392953
        0.0000562051       -0.0000083253       -0.0000112053
       -0.0000477704       -0.0001218353        0.0000731350
       -0.0989350303       -0.0934257153        0.2773522704
       -0.0028054950       -0.0019359803        0.0044885897
        0.0000901150       -0.0000472500       -0.0000042598
       -0.0003991653       -0.0002998851       -0.0003204099
        0.0042127397        0.0017286553        0.0016324000
       -0.0004007600       -0.0000192000       -0.0002104599
       -0.0002125998        0.0000313150        0.0000035953
        0.0001013251       -0.0002069947       -0.0000248903
       -0.0021400203       -0.0008994101        0.0000013253
        0.0048050103        0.0338711098        0.0069637599
       -0.0004662101       -0.0000311752        0.0004601750
       -0.0963117648       -0.1146037403       -0.0176768199
       -0.0000441952       -0.0000612303       -0.0000513049
       -0.0074635548       -0.0209071501       -0.0008710651
        0.0001153651        0.0000348351       -0.0000679299
        0.0000618650        0.0000822052        0.0000674703
       -0.0027388549       -0.0090026901       -0.0028054950
        0.1007909100        0.1103375348        0.0129007151
       -0.0001142052        0.0000220498       -0.0000151101
        0.0004506347        0.0001589646        0.0004662249
       -0.0067868106       -0.0019197802       -0.0047313651
        0.0002358598        0.0000083648        0.0004860348
        0.0002686301       -0.0001292904       -0.0000405851
       -0.0000269250        0.0002447848        0.0000447346
       -0.0003306107        0.0035404898        0.0009117699
        0.0075886248       -0.0250938456       -0.0071428801
        0.0006207898        0.0003605544       -0.0001969050
       -0.1066353852       -0.2840721501       -0.0330119101
        0.0001276146       -0.0000109856       -0.0000612400
        0.0005819098        0.0035653349        0.0013074595
       -0.0001224350       -0.0000154802        0.0000681948
        0.0000635197       -0.0001835201       -0.0000477999
       -0.0062497404       -0.0088900052       -0.0019359803
        0.1103375348        0.3124145604        0.0438786748
       -0.0000262452        0.0000017050       -0.0000180449
        0.0000691097       -0.0001072002        0.0001715847
       -0.0016836952        0.0007214749       -0.0012069751
        0.0004541997        0.0000207200        0.0001124496
        0.0001086801       -0.0000156902       -0.0000088150
        0.0000144149        0.0000301398       -0.0000525753
        0.0002525846        0.0009087898       -0.0002061051
        0.0000842650       -0.0178510453       -0.0004824554
       -0.0000517403       -0.0004205353        0.0008138952
       -0.0152133100       -0.0331651401       -0.0549190204
        0.0000563850        0.0000765795       -0.0000000301
       -0.0091008249       -0.0208353350       -0.0014129802
       -0.0000079302        0.0000710949       -0.0002862402
        0.0000048846       -0.0001140350       -0.0003083551
        0.0121354847        0.0267756300        0.0044885897
        0.0129007151        0.0438786748        0.0533151604
