   12   36
        0.0368975812       -0.0000000009       -0.0000000001
       -0.0586948800        0.0000000020       -0.0000000001
       -0.0014188654       -0.0000000004       -0.0000000000
        0.0085803967       -0.0000000000        0.0000000000
        0.0089507654       -0.0000000004        0.0000000000
        0.0081260232       -0.0000000002        0.0000000000
        0.0090280169        0.0000000020        0.0000000001
       -0.0051245812       -0.0000000005        0.0000000000
       -0.0049628149       -0.0000000002        0.0000000004
       -0.0003794826       -0.0000000001        0.0000000000
       -0.0004334103       -0.0000000009        0.0000000001
       -0.0005642887       -0.0000000002       -0.0000000004
       -0.0000000009        0.1702074122        0.1467416766
       -0.0000000000       -0.1535713251       -0.1024347582
        0.0000000000        0.0045672745       -0.0060009572
       -0.0000000008        0.0176436242        0.0134481194
        0.0000000000       -0.0289817495       -0.0610244910
        0.0000000008       -0.0059271551        0.0121410192
        0.0000000000       -0.0093938680       -0.0008408612
       -0.0000000009        0.0019448424       -0.0017204748
       -0.0000000009        0.0031862071        0.0008191908
        0.0000000000       -0.0011368806       -0.0022849577
        0.0000000000        0.0010785335        0.0013132309
       -0.0000000000        0.0003875932       -0.0001569029
       -0.0000000001        0.1467416766        0.3379678231
        0.0000000000       -0.1022381123       -0.2704525114
        0.0000000000       -0.0065195090       -0.0033150484
       -0.0000000000       -0.0334177876       -0.0572056787
        0.0000000000       -0.0139984091       -0.0103332615
        0.0000000000        0.0016482974       -0.0002668349
        0.0000000000        0.0108578089        0.0031581779
       -0.0000000001       -0.0000339960        0.0026452105
       -0.0000000001       -0.0011595820        0.0017500873
        0.0000000000       -0.0004531289       -0.0006694724
        0.0000000000       -0.0013132320       -0.0033869768
        0.0000000000       -0.0001122448        0.0001184978
       -0.0586948800       -0.0000000000        0.0000000000
        0.2014844508        0.0000000000        0.0000000000
       -0.0026831803        0.0000000000        0.0000000000
       -0.0811411406        0.0000000000        0.0000000000
       -0.0844147675       -0.0000000000        0.0000000000
        0.0020793653        0.0000000000        0.0000000000
       -0.0041426178        0.0000000000        0.0000000000
        0.0055229475        0.0000000000        0.0000000000
        0.0053229384        0.0000000000        0.0000000000
        0.0083268137        0.0000000000        0.0000000000
        0.0090280169       -0.0000000000        0.0000000000
       -0.0006947987        0.0000000000       -0.0000000000
        0.0000000020       -0.1535713251       -0.1022381123
        0.0000000000        0.7176127922       -0.0011062147
        0.0000000000       -0.1017689549        0.0560560381
        0.0000000019       -0.2274323133        0.0210105683
        0.0000000000       -0.3114954712        0.0886051948
       -0.0000000019       -0.0263313925       -0.1355222790
        0.0000000000        0.1339567577        0.0575935703
        0.0000000020       -0.0121412181        0.0304109383
        0.0000000020       -0.0090052461       -0.0027222534
        0.0000000000        0.0012292091       -0.0024052511
       -0.0000000000       -0.0093938757       -0.0108578091
        0.0000000000       -0.0016603437        0.0011908564
       -0.0000000001       -0.1024347582       -0.2704525114
        0.0000000000       -0.0011062147        0.7212430292
        0.0000000000        0.0580970211       -0.0278102384
       -0.0000000001        0.1433593658       -0.2574477692
        0.0000000000       -0.0348304847       -0.1606624743
        0.0000000002       -0.0348903389        0.0665165678
        0.0000000000       -0.0575935719       -0.0808056255
       -0.0000000001       -0.0049190557        0.0087167280
       -0.0000000001        0.0345951382        0.0021384432
        0.0000000000       -0.0026751026       -0.0045654859
        0.0000000000        0.0008408642        0.0031581797
        0.0000000000        0.0015524744       -0.0000476172
       -0.0014188654        0.0000000000        0.0000000000
       -0.0026831803        0.0000000000        0.0000000000
        0.1595894198        0.0000000000        0.0000000000
        0.0110823942        0.0000000000        0.0000000000
        0.0087499679        0.0000000000        0.0000000000
       -0.0763104070        0.0000000000        0.0000000000
       -0.0844147675        0.0000000000        0.0000000000
        0.0057341160        0.0000000000        0.0000000000
        0.0076387769        0.0000000000        0.0000000000
        0.0052970429        0.0000000000        0.0000000000
        0.0089507654        0.0000000000        0.0000000000
       -0.0422161957        0.0000000000        0.0000000000
       -0.0000000004        0.0045672745       -0.0065195090
        0.0000000000       -0.1017689549        0.0580970211
        0.0000000000        0.7060269208        0.0547204570
       -0.0000000005       -0.0179148105       -0.1120080605
        0.0000000000        0.1036902545        0.0404307532
        0.0000000005       -0.2018438156        0.0147303479
        0.0000000000       -0.3114954758        0.0348304784
       -0.0000000004        0.0005123568       -0.0027462954
       -0.0000000004       -0.0011661164       -0.0041568647
        0.0000000000       -0.0111133774        0.0308650777
       -0.0000000000       -0.0289817552        0.0139984077
        0.0000000000       -0.1405189001       -0.1222255939
       -0.0000000000       -0.0060009572       -0.0033150484
        0.0000000000        0.0560560381       -0.0278102384
        0.0000000000        0.0547204570        0.7898292052
        0.0000000000       -0.0272019733        0.0554770308
        0.0000000000       -0.0404307474       -0.0622419595
       -0.0000000000        0.1205819903       -0.2906002414
        0.0000000000       -0.0886051873       -0.1606624676
       -0.0000000000       -0.0029731421       -0.0053663156
       -0.0000000000       -0.0037184080       -0.0030354234
        0.0000000000       -0.0032487178        0.0071281233
        0.0000000000        0.0610244944       -0.0103332619
        0.0000000000       -0.1202053670       -0.2890814262
        0.0085803967       -0.0000000008       -0.0000000000
       -0.0811411406        0.0000000019       -0.0000000001
        0.0110823942       -0.0000000005        0.0000000000
        0.1559478539        0.0000000000        0.0000000000
        0.0110823942       -0.0000000005       -0.0000000000
       -0.0011414777       -0.0000000003        0.0000000000
       -0.0811411407        0.0000000019        0.0000000001
       -0.0417772808       -0.0000000005        0.0000000000
        0.0057016579       -0.0000000002        0.0000000004
       -0.0014759107       -0.0000000000        0.0000000000
        0.0085803967       -0.0000000008        0.0000000000
        0.0057016579       -0.0000000002       -0.0000000004
       -0.0000000000        0.0176436242       -0.0334177876
        0.0000000000       -0.2274323133        0.1433593658
        0.0000000000       -0.0179148105       -0.0272019733
        0.0000000000        0.8311803051        0.0000000001
        0.0000000000       -0.0179148102        0.0272019736
       -0.0000000000       -0.0031858647        0.0000000002
        0.0000000000       -0.2274323134       -0.1433593659
       -0.0000000000       -0.3601799234        0.0000000000
       -0.0000000000       -0.0065034474       -0.0006555553
        0.0000000000        0.0005970987        0.0000000000
        0.0000000000        0.0176436243        0.0334177875
       -0.0000000000       -0.0065034474        0.0006555553
        0.0000000000        0.0134481194       -0.0572056787
        0.0000000000        0.0210105683       -0.2574477692
        0.0000000000       -0.1120080605        0.0554770308
        0.0000000000        0.0000000001        0.7038524754
        0.0000000000        0.1120080656        0.0554770392
        0.0000000000        0.0000000000       -0.1140320982
       -0.0000000000       -0.0210105697       -0.2574477709
        0.0000000000        0.0000000001       -0.0727309891
        0.0000000000       -0.0012714493        0.0013869689
        0.0000000000        0.0000000003       -0.0014979880
        0.0000000000       -0.0134481242       -0.0572056826
        0.0000000000        0.0012714460        0.0013869726
        0.0089507654        0.0000000000        0.0000000000
       -0.0844147675        0.0000000000        0.0000000000
        0.0087499679        0.0000000000        0.0000000000
        0.0110823942        0.0000000000        0.0000000000
        0.1595894197        0.0000000000        0.0000000000
       -0.0763104070        0.0000000000        0.0000000000
       -0.0026831803        0.0000000000        0.0000000000
        0.0057341160        0.0000000000        0.0000000000
       -0.0422161957        0.0000000000        0.0000000000
        0.0052970429        0.0000000000        0.0000000000
       -0.0014188654        0.0000000000        0.0000000000
        0.0076387769        0.0000000000        0.0000000000
       -0.0000000004       -0.0289817495       -0.0139984091
       -0.0000000000       -0.3114954712       -0.0348304847
        0.0000000000        0.1036902545       -0.0404307474
       -0.0000000005       -0.0179148102        0.1120080656
        0.0000000000        0.7060269106       -0.0547204681
        0.0000000005       -0.2018438159       -0.0147303415
        0.0000000000       -0.1017689617       -0.0580970218
       -0.0000000004        0.0005123572        0.0027462944
       -0.0000000004       -0.1405188968        0.1222255972
        0.0000000000       -0.0111133769       -0.0308650776
       -0.0000000000        0.0045672815        0.0065195102
        0.0000000000       -0.0011661131        0.0041568621
        0.0000000000       -0.0610244910       -0.0103332615
        0.0000000000        0.0886051948       -0.1606624743
        0.0000000000        0.0404307532       -0.0622419595
       -0.0000000000        0.0272019736        0.0554770392
        0.0000000000       -0.0547204681        0.7898291962
        0.0000000000       -0.1205819907       -0.2906002343
        0.0000000000       -0.0560560478       -0.0278102415
        0.0000000000        0.0029731424       -0.0053663156
        0.0000000000        0.1202053688       -0.2890814248
        0.0000000000        0.0032487183        0.0071281235
        0.0000000000        0.0060009611       -0.0033150475
        0.0000000000        0.0037184098       -0.0030354249
        0.0081260232        0.0000000008        0.0000000000
        0.0020793653       -0.0000000019        0.0000000002
       -0.0763104070        0.0000000005       -0.0000000000
       -0.0011414777       -0.0000000000        0.0000000000
       -0.0763104070        0.0000000005        0.0000000000
        0.1791240664        0.0000000003        0.0000000000
        0.0020793653       -0.0000000019       -0.0000000002
       -0.0012603159        0.0000000005        0.0000000000
        0.0025844571        0.0000000002       -0.0000000004
       -0.0496834910        0.0000000000        0.0000000000
        0.0081260232        0.0000000008       -0.0000000000
        0.0025844571        0.0000000002        0.0000000004
       -0.0000000002       -0.0059271551        0.0016482974
        0.0000000000       -0.0263313925       -0.0348903389
        0.0000000000       -0.2018438156        0.1205819903
       -0.0000000003       -0.0031858647        0.0000000000
        0.0000000000       -0.2018438159       -0.1205819907
        0.0000000003        0.7932464607       -0.0000000005
        0.0000000000       -0.0263313925        0.0348903390
       -0.0000000002        0.0008840487       -0.0000000003
       -0.0000000002        0.0153878207        0.0173513091
        0.0000000000       -0.3535131632        0.0000000000
        0.0000000000       -0.0059271550       -0.0016482975
        0.0000000000        0.0153878206       -0.0173513089
        0.0000000000        0.0121410192       -0.0002668349
        0.0000000000       -0.1355222790        0.0665165678
        0.0000000000        0.0147303479       -0.2906002414
        0.0000000000        0.0000000002       -0.1140320982
        0.0000000000       -0.0147303415       -0.2906002343
        0.0000000000       -0.0000000005        0.6733409784
        0.0000000000        0.1355222724        0.0665165665
        0.0000000000        0.0000000004       -0.0019694883
        0.0000000000       -0.0166487346       -0.0173098465
        0.0000000000        0.0000000006       -0.0739989897
        0.0000000000       -0.0121410209       -0.0002668402
        0.0000000000        0.0166487318       -0.0173098421
        0.0090280169        0.0000000000        0.0000000000
       -0.0041426178        0.0000000000        0.0000000000
       -0.0844147675        0.0000000000        0.0000000000
       -0.0811411407        0.0000000000       -0.0000000000
       -0.0026831803        0.0000000000        0.0000000000
        0.0020793653        0.0000000000        0.0000000000
        0.2014844508        0.0000000000        0.0000000000
        0.0055229475        0.0000000000        0.0000000000
       -0.0006947987        0.0000000000        0.0000000000
        0.0083268137        0.0000000000        0.0000000000
       -0.0586948800        0.0000000000        0.0000000000
        0.0053229384        0.0000000000        0.0000000000
        0.0000000020       -0.0093938680        0.0108578089
        0.0000000000        0.1339567577       -0.0575935719
        0.0000000000       -0.3114954758       -0.0886051873
        0.0000000019       -0.2274323134       -0.0210105697
        0.0000000000       -0.1017689617       -0.0560560478
       -0.0000000019       -0.0263313925        0.1355222724
        0.0000000000        0.7176127948        0.0011062182
        0.0000000020       -0.0121412181       -0.0304109346
        0.0000000020       -0.0016603403       -0.0011908548
        0.0000000000        0.0012292091        0.0024052511
        0.0000000000       -0.1535713219        0.1022381171
        0.0000000000       -0.0090052428        0.0027222477
        0.0000000001       -0.0008408612        0.0031581779
        0.0000000000        0.0575935703       -0.0808056255
        0.0000000000        0.0348304784       -0.1606624676
        0.0000000001       -0.1433593659       -0.2574477709
        0.0000000000       -0.0580970218       -0.0278102415
       -0.0000000002        0.0348903390        0.0665165665
        0.0000000000        0.0011062182        0.7212430319
        0.0000000001        0.0049190557        0.0087167283
        0.0000000000       -0.0015524724       -0.0000476152
        0.0000000000        0.0026751025       -0.0045654859
        0.0000000000        0.1024347608       -0.2704525098
        0.0000000000       -0.0345951363        0.0021384410
       -0.0051245812       -0.0000000009       -0.0000000001
        0.0055229475        0.0000000020       -0.0000000001
        0.0057341160       -0.0000000004       -0.0000000000
       -0.0417772808       -0.0000000000        0.0000000000
        0.0057341160       -0.0000000004        0.0000000000
       -0.0012603159       -0.0000000002        0.0000000000
        0.0055229475        0.0000000020        0.0000000001
        0.0304164966       -0.0000000005        0.0000000000
        0.0002560820       -0.0000000002        0.0000000004
       -0.0001534957       -0.0000000001        0.0000000000
       -0.0051245812       -0.0000000009        0.0000000001
        0.0002560820       -0.0000000002       -0.0000000004
       -0.0000000005        0.0019448424       -0.0000339960
        0.0000000000       -0.0121412181       -0.0049190557
        0.0000000000        0.0005123568       -0.0029731421
       -0.0000000005       -0.3601799234        0.0000000001
        0.0000000000        0.0005123572        0.0029731424
        0.0000000005        0.0008840487        0.0000000004
        0.0000000000       -0.0121412181        0.0049190557
       -0.0000000005        0.3796953260       -0.0000000005
       -0.0000000005       -0.0005024513       -0.0001509795
        0.0000000000       -0.0000295216        0.0000000000
        0.0000000000        0.0019448430        0.0000339955
        0.0000000000       -0.0005024514        0.0001509800
        0.0000000000       -0.0017204748        0.0026452105
        0.0000000000        0.0304109383        0.0087167280
        0.0000000000       -0.0027462954       -0.0053663156
        0.0000000000        0.0000000000       -0.0727309891
        0.0000000000        0.0027462944       -0.0053663156
        0.0000000000       -0.0000000003       -0.0019694883
        0.0000000000       -0.0304109346        0.0087167283
        0.0000000000       -0.0000000005        0.0622374070
        0.0000000000        0.0015194914        0.0001967180
        0.0000000000       -0.0000000000        0.0000807615
        0.0000000000        0.0017204732        0.0026452106
        0.0000000000       -0.0015194918        0.0001967173
       -0.0049628149       -0.0000000009       -0.0000000001
        0.0053229384        0.0000000020       -0.0000000001
        0.0076387769       -0.0000000004       -0.0000000000
        0.0057016579       -0.0000000000        0.0000000000
       -0.0422161957       -0.0000000004        0.0000000000
        0.0025844571       -0.0000000002        0.0000000000
       -0.0006947987        0.0000000020        0.0000000000
        0.0002560820       -0.0000000005        0.0000000000
        0.0314079135       -0.0000000002        0.0000000004
       -0.0048225703       -0.0000000001        0.0000000000
       -0.0005642887       -0.0000000009        0.0000000001
        0.0003510931       -0.0000000002       -0.0000000004
       -0.0000000002        0.0031862071       -0.0011595820
        0.0000000000       -0.0090052461        0.0345951382
        0.0000000000       -0.0011661164       -0.0037184080
       -0.0000000002       -0.0065034474       -0.0012714493
        0.0000000000       -0.1405188968        0.1202053688
        0.0000000002        0.0153878207       -0.0166487346
        0.0000000000       -0.0016603403       -0.0015524724
       -0.0000000002       -0.0005024513        0.0015194914
       -0.0000000002        0.1389222878       -0.1321347076
        0.0000000000        0.0008800636        0.0009040591
        0.0000000000        0.0003875934        0.0001122444
        0.0000000000        0.0005978995       -0.0008467690
        0.0000000004        0.0008191908        0.0017500873
        0.0000000000       -0.0027222534        0.0021384432
        0.0000000000       -0.0041568647       -0.0030354234
        0.0000000004       -0.0006555553        0.0013869689
        0.0000000000        0.1222255972       -0.2890814248
       -0.0000000004        0.0173513091       -0.0173098465
        0.0000000000       -0.0011908548       -0.0000476152
        0.0000000004       -0.0001509795        0.0001967180
        0.0000000004       -0.1321347076        0.3036615659
        0.0000000000       -0.0003895563        0.0011073769
        0.0000000000        0.0001569031        0.0001184982
        0.0000000000        0.0008467693       -0.0008827138
       -0.0003794826        0.0000000000        0.0000000000
        0.0083268137        0.0000000000        0.0000000000
        0.0052970429        0.0000000000        0.0000000000
       -0.0014759107        0.0000000000        0.0000000000
        0.0052970429        0.0000000000        0.0000000000
       -0.0496834910        0.0000000000        0.0000000000
        0.0083268137        0.0000000000        0.0000000000
       -0.0001534957        0.0000000000        0.0000000000
       -0.0048225703        0.0000000000        0.0000000000
        0.0344714456        0.0000000000        0.0000000000
       -0.0003794826        0.0000000000        0.0000000000
       -0.0048225703        0.0000000000        0.0000000000
       -0.0000000001       -0.0011368806       -0.0004531289
        0.0000000000        0.0012292091       -0.0026751026
        0.0000000000       -0.0111133774       -0.0032487178
       -0.0000000000        0.0005970987        0.0000000003
        0.0000000000       -0.0111133769        0.0032487183
        0.0000000000       -0.3535131632        0.0000000006
        0.0000000000        0.0012292091        0.0026751025
       -0.0000000001       -0.0000295216       -0.0000000000
       -0.0000000001        0.0008800636       -0.0003895563
        0.0000000000        0.3732262284        0.0000000000
        0.0000000000       -0.0011368804        0.0004531286
        0.0000000000        0.0008800636        0.0003895564
        0.0000000000       -0.0022849577       -0.0006694724
        0.0000000000       -0.0024052511       -0.0045654859
        0.0000000000        0.0308650777        0.0071281233
        0.0000000000        0.0000000000       -0.0014979880
        0.0000000000       -0.0308650776        0.0071281235
        0.0000000000        0.0000000000       -0.0739989897
        0.0000000000        0.0024052511       -0.0045654859
        0.0000000000        0.0000000000        0.0000807615
        0.0000000000        0.0009040591        0.0011073769
        0.0000000000        0.0000000000        0.0694168539
        0.0000000000        0.0022849575       -0.0006694724
        0.0000000000       -0.0009040592        0.0011073770
       -0.0004334103        0.0000000000        0.0000000000
        0.0090280169       -0.0000000000        0.0000000000
        0.0089507654       -0.0000000000        0.0000000000
        0.0085803967        0.0000000000        0.0000000000
       -0.0014188654       -0.0000000000        0.0000000000
        0.0081260232        0.0000000000        0.0000000000
       -0.0586948800        0.0000000000        0.0000000000
       -0.0051245812        0.0000000000        0.0000000000
       -0.0005642887        0.0000000000        0.0000000000
       -0.0003794826        0.0000000000        0.0000000000
        0.0368975812       -0.0000000000        0.0000000000
       -0.0049628149        0.0000000000       -0.0000000000
       -0.0000000009        0.0010785335       -0.0013132320
       -0.0000000000       -0.0093938757        0.0008408642
        0.0000000000       -0.0289817552        0.0610244944
       -0.0000000008        0.0176436243       -0.0134481242
        0.0000000000        0.0045672815        0.0060009611
        0.0000000008       -0.0059271550       -0.0121410209
        0.0000000000       -0.1535713219        0.1024347608
       -0.0000000009        0.0019448430        0.0017204732
       -0.0000000009        0.0003875934        0.0001569031
        0.0000000000       -0.0011368804        0.0022849575
       -0.0000000000        0.1702074138       -0.1467416785
        0.0000000000        0.0031862071       -0.0008191895
        0.0000000001        0.0013132309       -0.0033869768
        0.0000000000       -0.0108578091        0.0031581797
        0.0000000000        0.0139984077       -0.0103332619
        0.0000000000        0.0334177875       -0.0572056826
        0.0000000000        0.0065195102       -0.0033150475
       -0.0000000000       -0.0016482975       -0.0002668402
        0.0000000000        0.1022381171       -0.2704525098
        0.0000000001        0.0000339955        0.0026452106
        0.0000000001        0.0001122444        0.0001184982
        0.0000000000        0.0004531286       -0.0006694724
        0.0000000000       -0.1467416785        0.3379678243
        0.0000000000        0.0011595816        0.0017500870
       -0.0005642887       -0.0000000000        0.0000000000
       -0.0006947987        0.0000000000        0.0000000000
       -0.0422161957        0.0000000000        0.0000000000
        0.0057016579       -0.0000000000        0.0000000000
        0.0076387769        0.0000000000        0.0000000000
        0.0025844571        0.0000000000        0.0000000000
        0.0053229384        0.0000000000        0.0000000000
        0.0002560820        0.0000000000        0.0000000000
        0.0003510931        0.0000000000        0.0000000000
       -0.0048225703        0.0000000000        0.0000000000
       -0.0049628149        0.0000000000        0.0000000000
        0.0314079135        0.0000000000        0.0000000000
       -0.0000000002        0.0003875932       -0.0001122448
        0.0000000000       -0.0016603437        0.0015524744
        0.0000000000       -0.1405189001       -0.1202053670
       -0.0000000002       -0.0065034474        0.0012714460
        0.0000000000       -0.0011661131        0.0037184098
        0.0000000002        0.0153878206        0.0166487318
        0.0000000000       -0.0090052428       -0.0345951363
       -0.0000000002       -0.0005024514       -0.0015194918
       -0.0000000002        0.0005978995        0.0008467693
        0.0000000000        0.0008800636       -0.0009040592
        0.0000000000        0.0031862071        0.0011595816
        0.0000000000        0.1389222877        0.1321347080
       -0.0000000004       -0.0001569029        0.0001184978
       -0.0000000000        0.0011908564       -0.0000476172
        0.0000000000       -0.1222255939       -0.2890814262
       -0.0000000004        0.0006555553        0.0013869726
        0.0000000000        0.0041568621       -0.0030354249
        0.0000000004       -0.0173513089       -0.0173098421
        0.0000000000        0.0027222477        0.0021384410
       -0.0000000004        0.0001509800        0.0001967173
       -0.0000000004       -0.0008467690       -0.0008827138
        0.0000000000        0.0003895564        0.0011073770
       -0.0000000000       -0.0008191895        0.0017500870
        0.0000000000        0.1321347080        0.3036615668
