   16   48
        0.1175468250        0.0061750287       -0.0567819688
       -0.0283947863       -0.0025297101        0.0081214025
       -0.0001485450        0.0003353812       -0.0000917225
       -0.0002765726       -0.0002953200       -0.0005491838
        0.0028660738       -0.0053494649       -0.0005902813
       -0.0002868925       -0.0000392937        0.0009531538
       -0.0044973725        0.0053493262        0.0059654325
       -0.0412564750        0.0135279063        0.0166052062
       -0.0478857562       -0.0214662050        0.0281176062
        0.0008157950        0.0068608900        0.0003582637
       -0.0000798575        0.0000666824       -0.0000911763
        0.0000921988        0.0001163912       -0.0000495076
       -0.0006260275       -0.0007365600        0.0004326388
       -0.0001368375        0.0002831112        0.0002721588
       -0.0010536925       -0.0000374887       -0.0000547850
        0.0033218387       -0.0022643225       -0.0026081963
        0.0061750287        0.2143273501        0.0029394375
        0.0025188037       -0.1334849901        0.0002066187
        0.0003353687       -0.0015244638        0.0006873612
        0.0002953249        0.0001157125        0.0014350400
       -0.0018562375       -0.0044973600        0.0015085699
        0.0001418950       -0.0002868988       -0.0013360225
        0.0018557488        0.0028660762       -0.0013882013
        0.0114955712       -0.0412564713       -0.0149945538
       -0.0234392050       -0.0309873300        0.0156407324
       -0.0010686689       -0.0037931725       -0.0002904601
       -0.0000652301        0.0000211274        0.0001438112
        0.0001010150        0.0000225025        0.0001470512
       -0.0002558525        0.0003368324        0.0003197938
       -0.0000158313       -0.0000277238       -0.0001102875
       -0.0004551738        0.0018648387       -0.0019642813
        0.0042318525       -0.0036960888       -0.0029516163
       -0.0567819688        0.0029394375        0.0898051825
        0.0081213975       -0.0002168863       -0.0231413663
        0.0000917000       -0.0006873862        0.0006608350
        0.0005492124        0.0014350375       -0.0007125850
        0.0013879663        0.0059654326        0.0009559175
       -0.0013360137        0.0009531475       -0.0007353375
        0.0015085651        0.0005901300        0.0009559150
        0.0149966438       -0.0166026687       -0.0357712825
        0.0280400913        0.0153860476       -0.0342823875
        0.0007155388       -0.0053887513        0.0015249125
       -0.0000702975       -0.0000308488        0.0002219763
       -0.0001977899       -0.0001600425       -0.0000151763
        0.0005063663        0.0005911312       -0.0006772062
        0.0001985813       -0.0003468212       -0.0004350412
       -0.0005429563       -0.0014930699        0.0022342837
        0.0028215963       -0.0029406962       -0.0005885087
       -0.0283947863        0.0025188037        0.0081213975
        0.1175468175       -0.0061785263       -0.0567819588
       -0.0002765712        0.0002953388       -0.0005491700
       -0.0001485476       -0.0003353950       -0.0000917063
       -0.0412564837       -0.0135242362        0.0166052012
       -0.0044973537       -0.0053494750        0.0059654338
       -0.0002868812        0.0000392950        0.0009531550
        0.0028660925        0.0053493263       -0.0005902724
        0.0008157813       -0.0068608763        0.0003582700
       -0.0478857476        0.0214696338        0.0281176112
        0.0000922062       -0.0001163688       -0.0000495137
       -0.0000798462       -0.0000666638       -0.0000911626
        0.0033218451        0.0022641737       -0.0026082074
       -0.0010536950        0.0000374663       -0.0000547875
       -0.0001368188       -0.0002830775        0.0002721787
       -0.0006260237        0.0007365725        0.0004326425
       -0.0025297101       -0.1334849901       -0.0002168863
       -0.0061785263        0.2143273376       -0.0029458339
       -0.0002953075        0.0001157325       -0.0014351076
       -0.0003353927       -0.0015244713       -0.0006873825
       -0.0114936700       -0.0412564712        0.0149966387
       -0.0018562313        0.0028660950        0.0013879775
       -0.0001418638       -0.0002868888        0.0013360262
        0.0018557587       -0.0044973538       -0.0015088738
        0.0010684475       -0.0037931650        0.0002902637
        0.0234429112       -0.0309873138       -0.0156392938
       -0.0001010139        0.0000225211       -0.0001470350
        0.0000652388        0.0000211162       -0.0001437963
       -0.0042320663       -0.0036960851        0.0029516650
        0.0004551674        0.0018648312        0.0019642612
        0.0000158562       -0.0000276963        0.0001102887
        0.0002558612        0.0003368487       -0.0003197925
        0.0081214025        0.0002066187       -0.0231413663
       -0.0567819588       -0.0029458339        0.0898051876
        0.0005492100       -0.0014351100       -0.0007125838
        0.0000917199        0.0006873624        0.0006608375
        0.0149966288        0.0166051962       -0.0357712751
        0.0015085562       -0.0005902876        0.0009559113
       -0.0013360187       -0.0009531175       -0.0007353425
        0.0013879662       -0.0059655463        0.0009559125
        0.0007155175        0.0053887211        0.0015249063
        0.0280400912       -0.0153845912       -0.0342823825
       -0.0001978026        0.0001600562       -0.0000151813
       -0.0000702925        0.0000308599        0.0002219887
        0.0028215950        0.0029408275       -0.0005885075
       -0.0005429676        0.0014930774        0.0022342725
        0.0001985937        0.0003468425       -0.0004350363
        0.0005063512       -0.0005911512       -0.0006771988
       -0.0001485450        0.0003353687        0.0000917000
       -0.0002765712       -0.0002953075        0.0005492100
        0.1175468175        0.0061750625        0.0567909363
       -0.0283947850       -0.0025297012       -0.0081206012
       -0.0044973550        0.0053493363       -0.0059655450
       -0.0412564724        0.0135279075       -0.0166026650
        0.0028660888       -0.0053494688        0.0005901312
       -0.0002868763       -0.0000392825       -0.0009530975
       -0.0000798500        0.0000666913        0.0000911925
        0.0000922125        0.0001164100        0.0000495225
       -0.0478857550       -0.0214662050       -0.0281111475
        0.0008157863        0.0068608750       -0.0003582163
       -0.0010536875       -0.0000374963        0.0000547413
        0.0033218424       -0.0022643213        0.0026081238
       -0.0006260150       -0.0007365350       -0.0004326350
       -0.0001368225        0.0002831213       -0.0002721638
        0.0003353812       -0.0015244638       -0.0006873862
        0.0002953388        0.0001157325       -0.0014351100
        0.0061750625        0.2143273250       -0.0029458187
        0.0025188187       -0.1334850025       -0.0002168725
        0.0018557488        0.0028661126        0.0013879801
        0.0114955863       -0.0412564637        0.0149966513
       -0.0018562186       -0.0044973525       -0.0015088600
        0.0001419151       -0.0002868812        0.0013360300
       -0.0000652262        0.0000211388       -0.0001437987
        0.0001010300        0.0000225175       -0.0001470287
       -0.0234391900       -0.0309873138       -0.0156392875
       -0.0010686574       -0.0037931675        0.0002902775
       -0.0004551675        0.0018648362        0.0019642713
        0.0042318500       -0.0036960787        0.0029516788
       -0.0002558237        0.0003368551       -0.0003197874
       -0.0000158163       -0.0000277049        0.0001103000
       -0.0000917225        0.0006873612        0.0006608350
       -0.0005491700       -0.0014351076       -0.0007125838
        0.0567909363       -0.0029458187        0.0898051725
       -0.0081206039        0.0002066225       -0.0231413538
       -0.0015088662       -0.0005902674        0.0009559287
       -0.0149945537        0.0166052001       -0.0357712725
       -0.0013881900       -0.0059655488        0.0009559212
        0.0013360312       -0.0009531063       -0.0007353388
        0.0000703176        0.0000308762        0.0002219826
        0.0001978275        0.0001600688       -0.0000151788
       -0.0280334125       -0.0153845937       -0.0342823750
       -0.0007153950        0.0053887125        0.0015249224
        0.0005429700        0.0014930812        0.0022342812
       -0.0028217100        0.0029408287       -0.0005885025
       -0.0005063288       -0.0005911438       -0.0006771888
       -0.0001985700        0.0003468488       -0.0004350275
       -0.0002765726        0.0002953249        0.0005492124
       -0.0001485476       -0.0003353927        0.0000917199
       -0.0283947850        0.0025188187       -0.0081206039
        0.1175468101       -0.0061785263        0.0567909362
       -0.0002868875        0.0000393187       -0.0009531051
        0.0028660950        0.0053493287        0.0005901263
       -0.0412564638       -0.0135242301       -0.0166026563
       -0.0044973513       -0.0053494625       -0.0059655463
        0.0000922062       -0.0001163701        0.0000495262
       -0.0000798338       -0.0000666438        0.0000911837
        0.0008157874       -0.0068608726       -0.0003582288
       -0.0478857425        0.0214696286       -0.0281111326
       -0.0001368200       -0.0002830776       -0.0002721688
       -0.0006260250        0.0007365687       -0.0004326350
        0.0033218650        0.0022641925        0.0026081387
       -0.0010536963        0.0000374800        0.0000547474
       -0.0002953200        0.0001157125        0.0014350375
       -0.0003353950       -0.0015244713        0.0006873624
       -0.0025297012       -0.1334850025        0.0002066225
       -0.0061785263        0.2143273525        0.0029394487
       -0.0001418775       -0.0002868875       -0.0013360138
        0.0018557488       -0.0044973625        0.0015085575
       -0.0114936587       -0.0412564788       -0.0149945600
       -0.0018562375        0.0028660925       -0.0013882025
       -0.0001010187        0.0000225100        0.0001470450
        0.0000652450        0.0000211225        0.0001438188
        0.0010684325       -0.0037931763       -0.0002904613
        0.0234429025       -0.0309873338        0.0156407462
        0.0000158425       -0.0000277251       -0.0001102825
        0.0002558524        0.0003368275        0.0003197962
       -0.0042320813       -0.0036960887       -0.0029516175
        0.0004551637        0.0018648375       -0.0019642813
       -0.0005491838        0.0014350400       -0.0007125850
       -0.0000917063       -0.0006873825        0.0006608375
       -0.0081206012       -0.0002168725       -0.0231413538
        0.0567909362        0.0029394487        0.0898051725
        0.0013360162        0.0009531563       -0.0007353275
       -0.0013881949        0.0059654325        0.0009559213
       -0.0149945475       -0.0166026712       -0.0357712638
       -0.0015088587        0.0005901350        0.0009559113
        0.0001978125       -0.0001600338       -0.0000151787
        0.0000703125       -0.0000308350        0.0002219838
       -0.0007154113       -0.0053887438        0.0015249113
       -0.0280334075        0.0153860424       -0.0342823738
       -0.0001985712       -0.0003468050       -0.0004350387
       -0.0005063350        0.0005911450       -0.0006771999
       -0.0028216963       -0.0029406837       -0.0005884938
        0.0005429675       -0.0014930687        0.0022342925
        0.0028660738       -0.0018562375        0.0013879663
       -0.0412564837       -0.0114936700        0.0149966288
       -0.0044973550        0.0018557488       -0.0015088662
       -0.0002868875       -0.0001418775        0.0013360162
        0.2143273424       -0.0061785237       -0.0029458300
       -0.1334849987       -0.0025297049       -0.0002168849
       -0.0015244486       -0.0003354000       -0.0006873875
        0.0001157275       -0.0002953011       -0.0014351149
        0.0018648276        0.0004551663        0.0019642700
       -0.0036960700       -0.0042320750        0.0029516762
        0.0003368375        0.0002558738       -0.0003197962
       -0.0000277174        0.0000158387        0.0001103062
       -0.0309873212        0.0234429075       -0.0156393062
       -0.0037931737        0.0010684388        0.0002902538
        0.0000211225        0.0000652513       -0.0001438037
        0.0000225037       -0.0001010049       -0.0001470463
       -0.0053494649       -0.0044973600        0.0059654326
       -0.0135242362       -0.0412564712        0.0166051962
        0.0053493363        0.0028661126       -0.0005902674
        0.0000393187       -0.0002868875        0.0009531563
       -0.0061785237        0.1175468124       -0.0567819424
        0.0025188064       -0.0283947824        0.0081214163
       -0.0003353849       -0.0001485437       -0.0000917087
        0.0002953401       -0.0002765674       -0.0005491750
        0.0000374639       -0.0010536974       -0.0000547699
        0.0022641800        0.0033218576       -0.0026081837
        0.0007365625       -0.0006260112        0.0004326401
       -0.0002830774       -0.0001368237        0.0002721975
        0.0214696288       -0.0478857412        0.0281176114
       -0.0068608750        0.0008157813        0.0003582613
       -0.0000666475       -0.0000798362       -0.0000911724
       -0.0001163749        0.0000922076       -0.0000495113
       -0.0005902813        0.0015085699        0.0009559175
        0.0166052012        0.0149966387       -0.0357712751
       -0.0059655450        0.0013879801        0.0009559287
       -0.0009531051       -0.0013360138       -0.0007353275
       -0.0029458300       -0.0567819424        0.0898051675
        0.0002066450        0.0081214063       -0.0231413575
        0.0006873750        0.0000917138        0.0006608563
       -0.0014351038        0.0005492237       -0.0007125738
        0.0014930787       -0.0005429450        0.0022342975
        0.0029408475        0.0028216149       -0.0005884988
       -0.0005911563        0.0005063637       -0.0006771963
        0.0003468413        0.0001985962       -0.0004350225
       -0.0153846013        0.0280400936       -0.0342823824
        0.0053887212        0.0007155350        0.0015249150
        0.0000308825       -0.0000702900        0.0002219949
        0.0001600650       -0.0001977887       -0.0000151725
       -0.0002868925        0.0001418950       -0.0013360137
       -0.0044973537       -0.0018562313        0.0015085562
       -0.0412564724        0.0114955863       -0.0149945537
        0.0028660950        0.0018557488       -0.0013881949
       -0.1334849987        0.0025188064        0.0002066450
        0.2143273375        0.0061750400        0.0029394450
        0.0001157401        0.0002953200        0.0014350500
       -0.0015244512        0.0003353838        0.0006873712
       -0.0000277174       -0.0000158112       -0.0001102700
        0.0003368513       -0.0002558374        0.0003198063
       -0.0036960850        0.0042318650       -0.0029516150
        0.0018648338       -0.0004551837       -0.0019642600
       -0.0037931637       -0.0010686688       -0.0002904524
       -0.0309873187       -0.0234392000        0.0156407351
        0.0000225238        0.0001010363        0.0001470463
        0.0000211150       -0.0000652212        0.0001438125
       -0.0000392937       -0.0002868988        0.0009531475
       -0.0053494750        0.0028660950       -0.0005902876
        0.0135279075       -0.0412564637        0.0166052001
        0.0053493287       -0.0044973625        0.0059654325
       -0.0025297049       -0.0283947824        0.0081214063
        0.0061750400        0.1175468225       -0.0567819525
       -0.0002953050       -0.0002765699       -0.0005491775
        0.0003353812       -0.0001485375       -0.0000917125
        0.0002831063       -0.0001368262        0.0002721850
       -0.0007365437       -0.0006260137        0.0004326263
       -0.0022643288        0.0033218425       -0.0026081999
       -0.0000374949       -0.0010537101       -0.0000547775
        0.0068608838        0.0008157787        0.0003582637
       -0.0214662000       -0.0478857463        0.0281176088
        0.0001164050        0.0000922138       -0.0000495100
        0.0000666813       -0.0000798499       -0.0000911663
        0.0009531538       -0.0013360225       -0.0007353375
        0.0059654338        0.0013879775        0.0009559113
       -0.0166026650        0.0149966513       -0.0357712725
        0.0005901263        0.0015085575        0.0009559213
       -0.0002168849        0.0081214163       -0.0231413575
        0.0029394450       -0.0567819525        0.0898051699
        0.0014350538        0.0005492126       -0.0007125762
       -0.0006873837        0.0000917113        0.0006608462
       -0.0003468099        0.0001986113       -0.0004350250
        0.0005911550        0.0005063863       -0.0006771950
       -0.0029406900        0.0028216175       -0.0005884975
       -0.0014930637       -0.0005429600        0.0022342963
       -0.0053887499        0.0007155325        0.0015249076
        0.0153860488        0.0280400926       -0.0342823849
       -0.0001600313       -0.0001977787       -0.0000151812
       -0.0000308400       -0.0000702875        0.0002219863
       -0.0044973725        0.0018557488        0.0015085651
       -0.0002868812       -0.0001418638       -0.0013360187
        0.0028660888       -0.0018562186       -0.0013881900
       -0.0412564638       -0.0114936587       -0.0149945475
       -0.0015244486       -0.0003353849        0.0006873750
        0.0001157401       -0.0002953050        0.0014350538
        0.2143273299       -0.0061785300        0.0029394601
       -0.1334849837       -0.0025297012        0.0002066412
        0.0003368376        0.0002558701        0.0003198164
       -0.0000277063        0.0000158575       -0.0001102737
        0.0018648375        0.0004551762       -0.0019642637
       -0.0036960724       -0.0042320713       -0.0029516037
        0.0000211251        0.0000652450        0.0001438163
        0.0000225125       -0.0001010088        0.0001470451
       -0.0309873138        0.0234429288        0.0156407400
       -0.0037931712        0.0010684576       -0.0002904475
        0.0053493262        0.0028660762        0.0005901300
        0.0000392950       -0.0002868888       -0.0009531175
       -0.0053494688       -0.0044973525       -0.0059655488
       -0.0135242301       -0.0412564788       -0.0166026712
       -0.0003354000       -0.0001485437        0.0000917138
        0.0002953200       -0.0002765699        0.0005492126
       -0.0061785300        0.1175468225        0.0567909375
        0.0025188100       -0.0283947838       -0.0081206037
        0.0007365638       -0.0006260237       -0.0004326350
       -0.0002830888       -0.0001368212       -0.0002721725
        0.0000374725       -0.0010536962        0.0000547363
        0.0022641763        0.0033218400        0.0026081337
       -0.0000666600       -0.0000798475        0.0000911663
       -0.0001163800        0.0000922125        0.0000495038
        0.0214696312       -0.0478857363       -0.0281111600
       -0.0068608863        0.0008157875       -0.0003582263
        0.0059654325       -0.0013882013        0.0009559150
        0.0009531550        0.0013360262       -0.0007353425
        0.0005901312       -0.0015088600        0.0009559212
       -0.0166026563       -0.0149945600       -0.0357712638
       -0.0006873875       -0.0000917087        0.0006608563
        0.0014350500       -0.0005491775       -0.0007125762
        0.0029394601        0.0567909375        0.0898051675
       -0.0002168775       -0.0081205950       -0.0231413512
        0.0005911413       -0.0005063275       -0.0006771850
       -0.0003467975       -0.0001985624       -0.0004350275
       -0.0014930763        0.0005429624        0.0022342775
       -0.0029406874       -0.0028217151       -0.0005884938
       -0.0000308362        0.0000703125        0.0002219875
       -0.0001600238        0.0001978137       -0.0000151812
        0.0153860562       -0.0280333975       -0.0342823812
       -0.0053887538       -0.0007153874        0.0015249237
       -0.0412564750        0.0114955712        0.0149966438
        0.0028660925        0.0018557587        0.0013879662
       -0.0002868763        0.0001419151        0.0013360312
       -0.0044973513       -0.0018562375       -0.0015088587
        0.0001157275        0.0002953401       -0.0014351038
       -0.0015244512        0.0003353812       -0.0006873837
       -0.1334849837        0.0025188100       -0.0002168775
        0.2143273275        0.0061750588       -0.0029458187
       -0.0036960800        0.0042318675        0.0029516850
        0.0018648450       -0.0004551563        0.0019642650
       -0.0000277176       -0.0000158113        0.0001102950
        0.0003368488       -0.0002558463       -0.0003197750
        0.0000225187        0.0001010287       -0.0001470425
        0.0000211200       -0.0000652238       -0.0001437975
       -0.0037931500       -0.0010686537        0.0002902588
       -0.0309873213       -0.0234391900       -0.0156392912
        0.0135279063       -0.0412564713       -0.0166026687
        0.0053493263       -0.0044973538       -0.0059655463
       -0.0000392825       -0.0002868812       -0.0009531063
       -0.0053494625        0.0028660925        0.0005901350
       -0.0002953011       -0.0002765674        0.0005492237
        0.0003353838       -0.0001485375        0.0000917113
       -0.0025297012       -0.0283947838       -0.0081205950
        0.0061750588        0.1175468100        0.0567909363
       -0.0022643150        0.0033218638        0.0026081288
       -0.0000374937       -0.0010536849        0.0000547487
        0.0002831163       -0.0001368238       -0.0002721701
       -0.0007365387       -0.0006260200       -0.0004326300
        0.0001164125        0.0000922000        0.0000495250
        0.0000666975       -0.0000798475        0.0000911776
        0.0068609112        0.0008157988       -0.0003582250
       -0.0214662025       -0.0478857225       -0.0281111588
        0.0166052062       -0.0149945538       -0.0357712825
       -0.0005902724       -0.0015088738        0.0009559125
       -0.0009530975        0.0013360300       -0.0007353388
       -0.0059655463       -0.0013882025        0.0009559113
       -0.0014351149       -0.0005491750       -0.0007125738
        0.0006873712       -0.0000917125        0.0006608462
        0.0002066412       -0.0081206037       -0.0231413512
       -0.0029458187        0.0567909363        0.0898051725
        0.0029408338       -0.0028217087       -0.0005885000
        0.0014930900        0.0005429688        0.0022342837
        0.0003468375       -0.0001985676       -0.0004350363
       -0.0005911600       -0.0005063362       -0.0006771863
        0.0001600675        0.0001978125       -0.0000151825
        0.0000308663        0.0000703000        0.0002219750
        0.0053887300       -0.0007153962        0.0015249162
       -0.0153846013       -0.0280333987       -0.0342823738
       -0.0478857562       -0.0234392050        0.0280400913
        0.0008157813        0.0010684475        0.0007155175
       -0.0000798500       -0.0000652262        0.0000703176
        0.0000922062       -0.0001010187        0.0001978125
        0.0018648276        0.0000374639        0.0014930787
       -0.0000277174        0.0002831063       -0.0003468099
        0.0003368376        0.0007365638        0.0005911413
       -0.0036960800       -0.0022643150        0.0029408338
        0.0494601849        0.0237157526       -0.0321845724
       -0.0005581212       -0.0000912224       -0.0012817900
       -0.0000014725       -0.0000226175        0.0000118213
       -0.0000171449       -0.0000147612        0.0000042412
       -0.0002589662       -0.0002334825        0.0000697376
        0.0000639850       -0.0000946788       -0.0001232712
       -0.0001888562        0.0002335000       -0.0002687949
        0.0000801563        0.0002553676        0.0000775150
       -0.0214662050       -0.0309873300        0.0153860476
       -0.0068608763       -0.0037931650        0.0053887211
        0.0000666913        0.0000211388        0.0000308762
       -0.0001163701        0.0000225100       -0.0001600338
        0.0004551663       -0.0010536974       -0.0005429450
       -0.0000158112       -0.0001368262        0.0001986113
        0.0002558701       -0.0006260237       -0.0005063275
        0.0042318675        0.0033218638       -0.0028217087
        0.0237157526        0.0332205225       -0.0177370825
        0.0000912387        0.0002283838        0.0000851687
       -0.0000226301        0.0000433887       -0.0000188351
        0.0000147801        0.0000431325        0.0000169037
       -0.0001779888       -0.0001888675        0.0001652288
       -0.0000815213        0.0000639825        0.0000494838
        0.0001780225       -0.0002589450        0.0003065250
       -0.0002644900        0.0000801713        0.0001610912
        0.0281176062        0.0156407324       -0.0342823875
        0.0003582700        0.0002902637        0.0015249063
        0.0000911925       -0.0001437987        0.0002219826
        0.0000495262        0.0001470450       -0.0000151787
        0.0019642700       -0.0000547699        0.0022342975
       -0.0001102700        0.0002721850       -0.0004350250
        0.0003198164       -0.0004326350       -0.0006771850
        0.0029516850        0.0026081288       -0.0005885000
       -0.0321845724       -0.0177370825        0.0329044525
       -0.0012817725       -0.0000851400       -0.0012436988
       -0.0000118200        0.0000188487        0.0000509075
       -0.0000042187        0.0000168862        0.0000663850
       -0.0003064950       -0.0002687850        0.0001427725
        0.0000494963       -0.0001232600       -0.0001954025
        0.0001652450       -0.0000697412        0.0001427675
       -0.0001610438       -0.0000775075        0.0001489600
        0.0008157950       -0.0010686689        0.0007155388
       -0.0478857476        0.0234429112        0.0280400912
        0.0000922125        0.0001010300        0.0001978275
       -0.0000798338        0.0000652450        0.0000703125
       -0.0036960700        0.0022641800        0.0029408475
        0.0003368513       -0.0007365437        0.0005911550
       -0.0000277063       -0.0002830888       -0.0003467975
        0.0018648450       -0.0000374937        0.0014930900
       -0.0005581212        0.0000912387       -0.0012817725
        0.0494601700       -0.0237120400       -0.0321845688
       -0.0000171363        0.0000147825        0.0000042363
       -0.0000014636        0.0000226337        0.0000118425
        0.0000801625       -0.0002553525        0.0000775238
       -0.0001888525       -0.0002334738       -0.0002687887
        0.0000639999        0.0000947038       -0.0001232588
       -0.0002589625        0.0002335000        0.0000697562
        0.0068608900       -0.0037931725       -0.0053887513
        0.0214696338       -0.0309873138       -0.0153845912
        0.0001164100        0.0000225175        0.0001600688
       -0.0000666438        0.0000211225       -0.0000308350
       -0.0042320750        0.0033218576        0.0028216149
       -0.0002558374       -0.0006260137        0.0005063863
        0.0000158575       -0.0001368212       -0.0001985624
       -0.0004551563       -0.0010536849        0.0005429688
       -0.0000912224        0.0002283838       -0.0000851400
       -0.0237120400        0.0332205150        0.0177387400
       -0.0000147450        0.0000431462       -0.0000168713
        0.0000226401        0.0000433912        0.0000188662
        0.0002645476        0.0000801700       -0.0001610412
       -0.0001779975       -0.0002589513       -0.0003065063
        0.0000815638        0.0000640038       -0.0000494763
        0.0001780250       -0.0001888500       -0.0001652100
        0.0003582637       -0.0002904601        0.0015249125
        0.0281176112       -0.0156392938       -0.0342823825
        0.0000495225       -0.0001470287       -0.0000151788
        0.0000911837        0.0001438188        0.0002219838
        0.0029516762       -0.0026081837       -0.0005884988
        0.0003198063        0.0004326263       -0.0006771950
       -0.0001102737       -0.0002721725       -0.0004350275
        0.0019642650        0.0000547487        0.0022342837
       -0.0012817900        0.0000851687       -0.0012436988
       -0.0321845688        0.0177387400        0.0329044600
       -0.0000042288       -0.0000168750        0.0000663699
       -0.0000118187       -0.0000188376        0.0000509212
       -0.0001610338        0.0000775099        0.0001489475
        0.0001652412        0.0000697437        0.0001427588
        0.0000495000        0.0001232738       -0.0001954025
       -0.0003065038        0.0002687913        0.0001427762
       -0.0000798575       -0.0000652301       -0.0000702975
        0.0000922062       -0.0001010139       -0.0001978026
       -0.0478857550       -0.0234391900       -0.0280334125
        0.0008157874        0.0010684325       -0.0007154113
        0.0003368375        0.0007365625       -0.0005911563
       -0.0036960850       -0.0022643288       -0.0029406900
        0.0018648375        0.0000374725       -0.0014930763
       -0.0000277176        0.0002831163        0.0003468375
       -0.0000014725       -0.0000226301       -0.0000118200
       -0.0000171363       -0.0000147450       -0.0000042288
        0.0494601851        0.0237157549        0.0321911462
       -0.0005581262       -0.0000912250        0.0012818199
       -0.0001888688        0.0002334912        0.0002687737
        0.0000801662        0.0002553625       -0.0000775250
       -0.0002589613       -0.0002334775       -0.0000697638
        0.0000639825       -0.0000946688        0.0001232737
        0.0000666824        0.0000211274       -0.0000308488
       -0.0001163688        0.0000225211        0.0001600562
       -0.0214662050       -0.0309873138       -0.0153845937
       -0.0068608726       -0.0037931763       -0.0053887438
        0.0002558738       -0.0006260112        0.0005063637
        0.0042318650        0.0033218425        0.0028216175
        0.0004551762       -0.0010536962        0.0005429624
       -0.0000158113       -0.0001368238       -0.0001985676
       -0.0000226175        0.0000433887        0.0000188487
        0.0000147825        0.0000431462       -0.0000168750
        0.0237157549        0.0332205251        0.0177387287
        0.0000912350        0.0002283787       -0.0000851414
        0.0001780175       -0.0002589701       -0.0003065075
       -0.0002644862        0.0000801712       -0.0001610488
       -0.0001779838       -0.0001888500       -0.0001652163
       -0.0000815263        0.0000639888       -0.0000494763
       -0.0000911763        0.0001438112        0.0002219763
       -0.0000495137       -0.0001470350       -0.0000151813
       -0.0281111475       -0.0156392875       -0.0342823750
       -0.0003582288       -0.0002904613        0.0015249113
       -0.0003197962        0.0004326401       -0.0006771963
       -0.0029516150       -0.0026081999       -0.0005884975
       -0.0019642637        0.0000547363        0.0022342775
        0.0001102950       -0.0002721701       -0.0004350363
        0.0000118213       -0.0000188351        0.0000509075
        0.0000042363       -0.0000168713        0.0000663699
        0.0321911462        0.0177387287        0.0329044600
        0.0012818138        0.0000851587       -0.0012436963
       -0.0001652187        0.0000697462        0.0001427551
        0.0001610825        0.0000775200        0.0001489475
        0.0003065300        0.0002687862        0.0001427600
       -0.0000494925        0.0001232713       -0.0001954012
        0.0000921988        0.0001010150       -0.0001977899
       -0.0000798462        0.0000652388       -0.0000702925
        0.0008157863       -0.0010686574       -0.0007153950
       -0.0478857425        0.0234429025       -0.0280334075
       -0.0000277174       -0.0002830774        0.0003468413
        0.0018648338       -0.0000374949       -0.0014930637
       -0.0036960724        0.0022641763       -0.0029406874
        0.0003368488       -0.0007365387       -0.0005911600
       -0.0000171449        0.0000147801       -0.0000042187
       -0.0000014636        0.0000226401       -0.0000118187
       -0.0005581262        0.0000912350        0.0012818138
        0.0494601724       -0.0237120587        0.0321911675
        0.0000639962        0.0000946950        0.0001232676
       -0.0002589574        0.0002334975       -0.0000697449
        0.0000801788       -0.0002553512       -0.0000775237
       -0.0001888638       -0.0002334737        0.0002687862
        0.0001163912        0.0000225025       -0.0001600425
       -0.0000666638        0.0000211162        0.0000308599
        0.0068608750       -0.0037931675        0.0053887125
        0.0214696286       -0.0309873338        0.0153860424
        0.0000158387       -0.0001368237        0.0001985962
       -0.0004551837       -0.0010537101       -0.0005429600
       -0.0042320713        0.0033218400       -0.0028217151
       -0.0002558463       -0.0006260200       -0.0005063362
       -0.0000147612        0.0000431325        0.0000168862
        0.0000226337        0.0000433912       -0.0000188376
       -0.0000912250        0.0002283787        0.0000851587
       -0.0237120587        0.0332205376       -0.0177370951
        0.0000815412        0.0000639662        0.0000494850
        0.0001780112       -0.0001888675        0.0001652300
        0.0002645500        0.0000801688        0.0001610775
       -0.0001780075       -0.0002589737        0.0003065249
       -0.0000495076        0.0001470512       -0.0000151763
       -0.0000911626       -0.0001437963        0.0002219887
       -0.0003582163        0.0002902775        0.0015249224
       -0.0281111326        0.0156407462       -0.0342823738
        0.0001103062        0.0002721975       -0.0004350225
       -0.0019642600       -0.0000547775        0.0022342963
       -0.0029516037        0.0026081337       -0.0005884938
       -0.0003197750       -0.0004326300       -0.0006771863
        0.0000042412        0.0000169037        0.0000663850
        0.0000118425        0.0000188662        0.0000509212
        0.0012818199       -0.0000851414       -0.0012436963
        0.0321911675       -0.0177370951        0.0329044376
       -0.0000494725       -0.0001232539       -0.0001953913
        0.0003065412       -0.0002687813        0.0001427762
        0.0001610987       -0.0000774925        0.0001489587
       -0.0001652125       -0.0000697300        0.0001427762
       -0.0006260275       -0.0002558525        0.0005063663
        0.0033218451       -0.0042320663        0.0028215950
       -0.0010536875       -0.0004551675        0.0005429700
       -0.0001368200        0.0000158425       -0.0001985712
       -0.0309873212        0.0214696288       -0.0153846013
       -0.0037931637        0.0068608838       -0.0053887499
        0.0000211251       -0.0000666600       -0.0000308362
        0.0000225187        0.0001164125        0.0001600675
       -0.0002589662       -0.0001779888       -0.0003064950
        0.0000801625        0.0002645476       -0.0001610338
       -0.0001888688        0.0001780175       -0.0001652187
        0.0000639962        0.0000815412       -0.0000494725
        0.0332205275       -0.0237120550        0.0177387338
        0.0002283837       -0.0000912100       -0.0000851575
        0.0000433874        0.0000226425        0.0000188450
        0.0000431375       -0.0000147425       -0.0000168775
       -0.0007365600        0.0003368324        0.0005911312
        0.0022641737       -0.0036960851        0.0029408275
       -0.0000374963        0.0018648362        0.0014930812
       -0.0002830776       -0.0000277251       -0.0003468050
        0.0234429075       -0.0478857412        0.0280400936
       -0.0010686688        0.0008157787        0.0007155325
        0.0000652450       -0.0000798475        0.0000703125
        0.0001010287        0.0000922000        0.0001978125
       -0.0002334825       -0.0001888675       -0.0002687850
       -0.0002553525        0.0000801700        0.0000775099
        0.0002334912       -0.0002589701        0.0000697462
        0.0000946950        0.0000639662       -0.0001232539
       -0.0237120550        0.0494601801       -0.0321845762
        0.0000912411       -0.0005581276       -0.0012817838
        0.0000226374       -0.0000014550        0.0000118175
        0.0000147687       -0.0000171338        0.0000042449
        0.0004326388        0.0003197938       -0.0006772062
       -0.0026082074        0.0029516650       -0.0005885075
        0.0000547413        0.0019642713        0.0022342812
       -0.0002721688       -0.0001102825       -0.0004350387
       -0.0156393062        0.0281176114       -0.0342823824
       -0.0002904524        0.0003582637        0.0015249076
        0.0001438163        0.0000911663        0.0002219875
       -0.0001470425        0.0000495250       -0.0000151825
        0.0000697376        0.0001652288        0.0001427725
        0.0000775238       -0.0001610412        0.0001489475
        0.0002687737       -0.0003065075        0.0001427551
        0.0001232676        0.0000494850       -0.0001953913
        0.0177387338       -0.0321845762        0.0329044674
        0.0000851612       -0.0012817924       -0.0012437162
       -0.0000188337       -0.0000118137        0.0000509063
       -0.0000168799       -0.0000042274        0.0000663688
       -0.0001368375       -0.0000158313        0.0001985813
       -0.0010536950        0.0004551674       -0.0005429676
        0.0033218424        0.0042318500       -0.0028217100
       -0.0006260250        0.0002558524       -0.0005063350
       -0.0037931737       -0.0068608750        0.0053887212
       -0.0309873187       -0.0214662000        0.0153860488
        0.0000225125       -0.0001163800       -0.0001600238
        0.0000211200        0.0000666975        0.0000308663
        0.0000639850       -0.0000815213        0.0000494963
       -0.0001888525       -0.0001779975        0.0001652412
        0.0000801662       -0.0002644862        0.0001610825
       -0.0002589574        0.0001780112        0.0003065412
        0.0002283837        0.0000912411        0.0000851612
        0.0332205300        0.0237157575       -0.0177370963
        0.0000431437        0.0000147763        0.0000168875
        0.0000433737       -0.0000226125       -0.0000188338
        0.0002831112       -0.0000277238       -0.0003468212
        0.0000374663        0.0018648312        0.0014930774
       -0.0022643213       -0.0036960787        0.0029408287
        0.0007365687        0.0003368275        0.0005911450
        0.0010684388        0.0008157813        0.0007155350
       -0.0234392000       -0.0478857463        0.0280400926
       -0.0001010088        0.0000922125        0.0001978137
       -0.0000652238       -0.0000798475        0.0000703000
       -0.0000946788        0.0000639825       -0.0001232600
       -0.0002334738       -0.0002589513        0.0000697437
        0.0002553625        0.0000801712        0.0000775200
        0.0002334975       -0.0001888675       -0.0002687813
       -0.0000912100       -0.0005581276       -0.0012817924
        0.0237157575        0.0494601825       -0.0321845825
       -0.0000147425       -0.0000171350        0.0000042325
       -0.0000226200       -0.0000014550        0.0000118288
        0.0002721588       -0.0001102875       -0.0004350412
       -0.0000547875        0.0019642612        0.0022342725
        0.0026081238        0.0029516788       -0.0005885025
       -0.0004326350        0.0003197962       -0.0006771999
        0.0002902538        0.0003582613        0.0015249150
        0.0156407351        0.0281176088       -0.0342823849
        0.0001470451        0.0000495038       -0.0000151812
       -0.0001437975        0.0000911776        0.0002219750
       -0.0001232712        0.0000494838       -0.0001954025
       -0.0002687887       -0.0003065063        0.0001427588
       -0.0000775250       -0.0001610488        0.0001489475
       -0.0000697449        0.0001652300        0.0001427762
       -0.0000851575       -0.0012817838       -0.0012437162
       -0.0177370963       -0.0321845825        0.0329044700
        0.0000168862       -0.0000042300        0.0000663613
        0.0000188363       -0.0000118150        0.0000509024
       -0.0010536925       -0.0004551738       -0.0005429563
       -0.0001368188        0.0000158562        0.0001985937
       -0.0006260150       -0.0002558237       -0.0005063288
        0.0033218650       -0.0042320813       -0.0028216963
        0.0000211225       -0.0000666475        0.0000308825
        0.0000225238        0.0001164050       -0.0001600313
       -0.0309873138        0.0214696312        0.0153860562
       -0.0037931500        0.0068609112        0.0053887300
       -0.0001888562        0.0001780225        0.0001652450
        0.0000639999        0.0000815638        0.0000495000
       -0.0002589613       -0.0001779838        0.0003065300
        0.0000801788        0.0002645500        0.0001610987
        0.0000433874        0.0000226374       -0.0000188337
        0.0000431437       -0.0000147425        0.0000168862
        0.0332205126       -0.0237120487       -0.0177370875
        0.0002283888       -0.0000911987        0.0000851687
       -0.0000374887        0.0018648387       -0.0014930699
       -0.0002830775       -0.0000276963        0.0003468425
       -0.0007365350        0.0003368551       -0.0005911438
        0.0022641925       -0.0036960887       -0.0029406837
        0.0000652513       -0.0000798362       -0.0000702900
        0.0001010363        0.0000922138       -0.0001977787
        0.0234429288       -0.0478857363       -0.0280333975
       -0.0010686537        0.0008157988       -0.0007153962
        0.0002335000       -0.0002589450       -0.0000697412
        0.0000947038        0.0000640038        0.0001232738
       -0.0002334775       -0.0001888500        0.0002687862
       -0.0002553512        0.0000801688       -0.0000774925
        0.0000226425       -0.0000014550       -0.0000118137
        0.0000147763       -0.0000171350       -0.0000042300
       -0.0237120487        0.0494601625        0.0321911575
        0.0000912425       -0.0005581137        0.0012818138
       -0.0000547850       -0.0019642813        0.0022342837
        0.0002721787        0.0001102887       -0.0004350363
       -0.0004326350       -0.0003197874       -0.0006771888
        0.0026081387       -0.0029516175       -0.0005884938
       -0.0001438037       -0.0000911724        0.0002219949
        0.0001470463       -0.0000495100       -0.0000151812
        0.0156407400       -0.0281111600       -0.0342823812
        0.0002902588       -0.0003582250        0.0015249162
       -0.0002687949        0.0003065250        0.0001427675
       -0.0001232588       -0.0000494763       -0.0001954025
       -0.0000697638       -0.0001652163        0.0001427600
       -0.0000775237        0.0001610775        0.0001489587
        0.0000188450        0.0000118175        0.0000509063
        0.0000168875        0.0000042325        0.0000663613
       -0.0177370875        0.0321911575        0.0329044600
       -0.0000851488        0.0012818201       -0.0012437037
        0.0033218387        0.0042318525        0.0028215963
       -0.0006260237        0.0002558612        0.0005063512
       -0.0001368225       -0.0000158163       -0.0001985700
       -0.0010536963        0.0004551637        0.0005429675
        0.0000225037       -0.0001163749        0.0001600650
        0.0000211150        0.0000666813       -0.0000308400
       -0.0037931712       -0.0068608863       -0.0053887538
       -0.0309873213       -0.0214662025       -0.0153846013
        0.0000801563       -0.0002644900       -0.0001610438
       -0.0002589625        0.0001780250       -0.0003065038
        0.0000639825       -0.0000815263       -0.0000494925
       -0.0001888638       -0.0001780075       -0.0001652125
        0.0000431375        0.0000147687       -0.0000168799
        0.0000433737       -0.0000226200        0.0000188363
        0.0002283888        0.0000912425       -0.0000851488
        0.0332205350        0.0237157587        0.0177387300
       -0.0022643225       -0.0036960888       -0.0029406962
        0.0007365725        0.0003368487       -0.0005911512
        0.0002831213       -0.0000277049        0.0003468488
        0.0000374800        0.0018648375       -0.0014930687
       -0.0001010049        0.0000922076       -0.0001977887
       -0.0000652212       -0.0000798499       -0.0000702875
        0.0010684576        0.0008157875       -0.0007153874
       -0.0234391900       -0.0478857225       -0.0280333987
        0.0002553676        0.0000801713       -0.0000775075
        0.0002335000       -0.0001888500        0.0002687913
       -0.0000946688        0.0000639888        0.0001232713
       -0.0002334737       -0.0002589737       -0.0000697300
       -0.0000147425       -0.0000171338       -0.0000042274
       -0.0000226125       -0.0000014550       -0.0000118150
       -0.0000911987       -0.0005581137        0.0012818201
        0.0237157587        0.0494601674        0.0321911625
       -0.0026081963       -0.0029516163       -0.0005885087
        0.0004326425       -0.0003197925       -0.0006771988
       -0.0002721638        0.0001103000       -0.0004350275
        0.0000547474       -0.0019642813        0.0022342925
       -0.0001470463       -0.0000495113       -0.0000151725
        0.0001438125       -0.0000911663        0.0002219863
       -0.0002904475       -0.0003582263        0.0015249237
       -0.0156392912       -0.0281111588       -0.0342823738
        0.0000775150        0.0001610912        0.0001489600
        0.0000697562       -0.0001652100        0.0001427762
        0.0001232737       -0.0000494763       -0.0001954012
        0.0002687862        0.0003065249        0.0001427762
       -0.0000168775        0.0000042449        0.0000663688
       -0.0000188338        0.0000118288        0.0000509024
        0.0000851687        0.0012818138       -0.0012437037
        0.0177387300        0.0321911625        0.0329044551
