   21   63
        0.3265592125       -0.0000279388        0.0001349625
       -0.1470418338        0.0068604363       -0.0444009913
       -0.1470418250       -0.0068865262        0.0445070637
        0.0119304438       -0.0021543912        0.0156428587
        0.0119304375        0.0021530813       -0.0156498288
       -0.0099106786       -0.0008384313       -0.0195033025
       -0.0099106775        0.0008363250        0.0195051088
       -0.0209912637        0.0040959137       -0.0343790401
       -0.0209912587       -0.0040979562        0.0343789088
        0.0001669937        0.0019884600        0.0008495275
        0.0001669913       -0.0019885749       -0.0008490775
        0.0003178651       -0.0038699400       -0.0012375587
        0.0003178625        0.0038695163        0.0012373950
        0.0014634350       -0.0006352450        0.0005409151
        0.0014634363        0.0006351450       -0.0005412249
        0.0005706788        0.0010091038       -0.0000998038
        0.0005706750       -0.0010091338        0.0000997676
        0.0017706625        0.0002567588       -0.0006384475
        0.0017706638       -0.0002569799        0.0006389287
       -0.0015556250       -0.0025958163        0.0042515050
       -0.0015556274        0.0025955237       -0.0042520625
       -0.0000279388        0.0956646825       -0.0388514712
        0.0091838287       -0.0572680599        0.0087063913
       -0.0092074238       -0.0572680600        0.0087063925
        0.0092445313       -0.0003826799        0.0180746587
       -0.0092459263       -0.0003826800        0.0180746549
       -0.0171421700        0.0075743987       -0.0255665125
        0.0171418912        0.0075744000       -0.0255665100
        0.0123763701        0.0001744887        0.0182132887
       -0.0123761350        0.0001744900        0.0182132887
        0.0009612888        0.0025277750        0.0014530475
       -0.0009613237        0.0025277738        0.0014530537
       -0.0024081612       -0.0054067850       -0.0035525525
        0.0024079437       -0.0054067863       -0.0035525538
       -0.0000778650        0.0029471362        0.0012800751
        0.0000777862        0.0029471350        0.0012800751
        0.0018733312        0.0020421175       -0.0009966350
       -0.0018732762        0.0020421174       -0.0009966374
       -0.0002528989        0.0003506637       -0.0006942912
        0.0002526613        0.0003506663       -0.0006942988
       -0.0020494137       -0.0003943400        0.0024696962
        0.0020491662       -0.0003943400        0.0024697012
        0.0001349625       -0.0388514712        0.4895596950
       -0.0771790076        0.0077735563       -0.1651755300
        0.0772882462        0.0077735537       -0.1651755263
       -0.0216911575        0.0074029187       -0.0408610575
        0.0216825562        0.0074029163       -0.0408610588
       -0.0226578362        0.0018200063       -0.0307252387
        0.0226590399        0.0018200012       -0.0307252400
       -0.0098935325        0.0052993425       -0.0078118426
        0.0098917688        0.0052993413       -0.0078118400
        0.0003000700        0.0001694362        0.0013669424
       -0.0003001725        0.0001694387        0.0013669450
       -0.0025136463       -0.0066996850       -0.0025150987
        0.0025132174       -0.0066996888       -0.0025150963
        0.0014687662        0.0018325274        0.0014646963
       -0.0014682650        0.0018325250        0.0014646950
       -0.0008735699       -0.0006098675        0.0023559124
        0.0008732050       -0.0006098675        0.0023559100
       -0.0013196350       -0.0017372187        0.0025985012
        0.0013189000       -0.0017372175        0.0025984949
        0.0041547688        0.0041213212       -0.0054809539
       -0.0041561562        0.0041213225       -0.0054809500
       -0.1470418338        0.0091838287       -0.0771790076
        0.5990641776       -0.0429950925       -0.0632930788
        0.0194955224       -0.0000993550        0.0084888487
       -0.1354295188       -0.0421628637        0.0554000086
       -0.0034353138       -0.0003353951        0.0045688599
       -0.0835731350       -0.0296977763       -0.0024207401
       -0.0015870388       -0.0026983413        0.0044333637
       -0.2246804338        0.1185954262        0.0570070312
       -0.0017207888       -0.0020842363        0.0029786837
       -0.0054142763       -0.0161106188       -0.0078639176
       -0.0005065338        0.0013152687       -0.0000914525
       -0.0053016500       -0.0153646801       -0.0046477562
       -0.0007906863        0.0016333837        0.0009070699
        0.0054176937        0.0284931350        0.0103782062
       -0.0003160425        0.0002427237       -0.0007782863
       -0.0056637200       -0.0020016813        0.0053272499
       -0.0001071288        0.0001331162       -0.0002728613
       -0.0192583014       -0.0163875638        0.0210986812
        0.0002407162        0.0002834363       -0.0001780438
        0.0095036462        0.0110276562       -0.0154223751
        0.0011056175       -0.0008599788        0.0016488200
        0.0068604363       -0.0572680599        0.0077735563
       -0.0429950925        0.5459571949        0.0119387075
        0.0000971350       -0.0101789974        0.0096787750
       -0.0473825099       -0.1169834286        0.0440772899
       -0.0017909687       -0.0003239612        0.0034011625
       -0.0240133225       -0.1996551200       -0.0385818250
        0.0008347050        0.0008522537       -0.0040818774
        0.1176350425       -0.1269876562       -0.0355610199
        0.0013244926        0.0009456901        0.0009728975
       -0.0025036537       -0.0140470437       -0.0079443150
        0.0004981251       -0.0005064112       -0.0007640700
        0.0049339513        0.0076398675        0.0065252676
        0.0005693912       -0.0008059337       -0.0001547412
       -0.0065199212       -0.0190160988       -0.0073170386
        0.0000792338       -0.0000512625        0.0001556339
       -0.0190584362       -0.0149543287        0.0224966600
        0.0000721526       -0.0000082962       -0.0001036962
        0.0122349999        0.0078001501       -0.0119708712
        0.0000097238       -0.0000828387       -0.0000025075
       -0.0013862624       -0.0021183337       -0.0016225037
        0.0006195675       -0.0002117087        0.0010536551
       -0.0444009913        0.0087063913       -0.1651755300
       -0.0632930788        0.0119387075        0.5006378400
       -0.0085012613        0.0096787725       -0.0451625375
        0.0669103487        0.0464676801       -0.1290336888
        0.0014932512       -0.0004605400       -0.0019039425
       -0.0013297863       -0.0422200850       -0.0870651601
       -0.0017605100       -0.0017999700        0.0028532262
        0.0497899600       -0.0340060000       -0.0615742213
       -0.0049694062       -0.0018053125        0.0034305687
        0.0059077537        0.0247570500        0.0082082825
       -0.0001197375        0.0000011325       -0.0009795788
       -0.0047273650       -0.0223248238       -0.0088758850
       -0.0008565787        0.0015412700        0.0015207049
       -0.0030673576       -0.0066676013       -0.0037085749
        0.0001500212        0.0001880812       -0.0005937500
       -0.0093264362       -0.0090691512        0.0071647575
        0.0001758150        0.0001309750       -0.0001911449
        0.0024679699        0.0037175950       -0.0052392863
        0.0001848225       -0.0000843837       -0.0003368388
        0.0159111988        0.0110920475       -0.0147869875
       -0.0005578350        0.0001885162        0.0008051374
       -0.1470418250       -0.0092074238        0.0772882462
        0.0194955224        0.0000971350       -0.0085012613
        0.5990641701        0.0431237462        0.0633951187
       -0.0034353050        0.0003352388       -0.0045694876
       -0.1354295176        0.0421815862       -0.0553480788
       -0.0015870338        0.0026982838       -0.0044339876
       -0.0835731276        0.0296704912        0.0024094550
       -0.0017207887        0.0020841524       -0.0029785438
       -0.2246804250       -0.1184572575       -0.0570681364
       -0.0005065338       -0.0013150038        0.0000909387
       -0.0054142750        0.0161112762        0.0078624037
       -0.0007906838       -0.0016334500       -0.0009070825
       -0.0053016488        0.0153632087        0.0046483424
       -0.0003160400       -0.0002427238        0.0007783012
        0.0054176962       -0.0284965688       -0.0103798925
       -0.0001071238       -0.0001330587        0.0002728950
       -0.0056637225        0.0020018374       -0.0053282537
        0.0002407211       -0.0002834300        0.0001780975
       -0.0192583001        0.0163830450       -0.0210983376
        0.0011056188        0.0008598762       -0.0016488588
        0.0095036525       -0.0110287188        0.0154194450
       -0.0068865262       -0.0572680600        0.0077735537
       -0.0000993550       -0.0101789974        0.0096787725
        0.0431237462        0.5459572000        0.0119387062
        0.0017906913       -0.0003239612        0.0034011587
        0.0474010250       -0.1169834299        0.0440772837
       -0.0008350187        0.0008522512       -0.0040818826
        0.0239916225       -0.1996551288       -0.0385818237
       -0.0013246812        0.0009456875        0.0009728912
       -0.1174875975       -0.1269876563       -0.0355610175
       -0.0004979800       -0.0005064175       -0.0007640751
        0.0025031425       -0.0140470413       -0.0079443163
       -0.0005694862       -0.0008059350       -0.0001547450
       -0.0049347638        0.0076398688        0.0065252625
       -0.0000793388       -0.0000512651        0.0001556338
        0.0065153124       -0.0190160988       -0.0073170438
       -0.0000722012       -0.0000082913       -0.0001036975
        0.0190584712       -0.0149543388        0.0224966551
       -0.0000097838       -0.0000828375       -0.0000025062
       -0.0122375288        0.0078001488       -0.0119708763
       -0.0006196537       -0.0002117125        0.0010536488
        0.0013857400       -0.0021183388       -0.0016224963
        0.0445070637        0.0087063925       -0.1651755263
        0.0084888487        0.0096787750       -0.0451625375
        0.0633951187        0.0119387062        0.5006378376
       -0.0014939413       -0.0004605413       -0.0019039364
       -0.0668640200        0.0464676813       -0.1290336926
        0.0017604000       -0.0017999650        0.0028532274
        0.0013176312       -0.0422200851       -0.0870651575
        0.0049690338       -0.0018053113        0.0034305674
       -0.0498438338       -0.0340059975       -0.0615742188
        0.0001199287        0.0000011337       -0.0009795788
       -0.0059086688        0.0247570524        0.0082082875
        0.0008564437        0.0015412762        0.0015207062
        0.0047270562       -0.0223248238       -0.0088758888
       -0.0001500113        0.0001880812       -0.0005937525
        0.0030660387       -0.0066676038       -0.0037085725
       -0.0001758088        0.0001309787       -0.0001911401
        0.0093249237       -0.0090691513        0.0071647587
       -0.0001848938       -0.0000843826       -0.0003368338
       -0.0024683938        0.0037175975       -0.0052392863
        0.0005577000        0.0001885125        0.0008051374
       -0.0159172650        0.0110920512       -0.0147869888
        0.0119304438        0.0092445313       -0.0216911575
       -0.1354295188       -0.0473825099        0.0669103487
       -0.0034353050        0.0017906913       -0.0014939413
        0.5754121325       -0.0249925363        0.0443328812
        0.0011540912        0.0001300550       -0.0011982650
       -0.0056284050       -0.0071063013        0.0067367575
        0.0001567125        0.0000768024       -0.0001166750
       -0.0147283550       -0.0160823688        0.0189524650
        0.0004196800        0.0003700801       -0.0002062213
        0.0002920387       -0.0008551625       -0.0008034701
        0.0000870563       -0.0002782525       -0.0000927287
       -0.0000792012        0.0003728037        0.0003421562
        0.0000577025       -0.0001775750       -0.0000136838
        0.0010784500        0.0016237637       -0.0001865575
        0.0000146400       -0.0000153925        0.0000519238
       -0.0594679275       -0.0622791962       -0.0265369425
        0.0000426475        0.0000023312        0.0000634263
       -0.2571777863        0.1306275100        0.0393353825
        0.0000021625       -0.0001178037        0.0001153825
       -0.1144121737        0.0148798787       -0.1239777163
       -0.0002875900        0.0002394749       -0.0004422213
       -0.0021543912       -0.0003826799        0.0074029187
       -0.0421628637       -0.1169834286        0.0464676801
        0.0003352388       -0.0003239612       -0.0004605413
       -0.0249925363        0.5938681549        0.0357319425
       -0.0001300763       -0.0001323163       -0.0000844950
       -0.0225786975       -0.0218114187        0.0208769237
        0.0001458663        0.0001914825        0.0001035775
        0.0103371738        0.0086008050       -0.0119762775
        0.0000471701       -0.0002214262       -0.0000468238
       -0.0020993775       -0.0054594538       -0.0018248713
        0.0000530463        0.0002910963        0.0000993351
        0.0005572613        0.0010057551        0.0007649625
       -0.0000508525       -0.0001176337       -0.0000504475
       -0.0002947262        0.0018176600        0.0011807151
       -0.0001810012        0.0000285738       -0.0002417274
       -0.0611432700       -0.2896737000       -0.1037209650
       -0.0000555987       -0.0000036987        0.0000049926
        0.1283390375       -0.1223477650       -0.0247589649
       -0.0000410925        0.0000667801       -0.0000341725
        0.0161272563       -0.0484297275        0.0305425562
        0.0000107364        0.0000155163       -0.0000310300
        0.0156428587        0.0180746587       -0.0408610575
        0.0554000086        0.0440772899       -0.1290336888
       -0.0045694876        0.0034011587       -0.0019039364
        0.0443328812        0.0357319425        0.5724976901
        0.0011981886       -0.0000844913       -0.0015189651
       -0.0040659550       -0.0046996826        0.0102528386
       -0.0000832389        0.0003090412       -0.0000006488
        0.0046719700        0.0050286137       -0.0041260013
        0.0002492187        0.0001385512       -0.0001103089
       -0.0014771901       -0.0040337638       -0.0006021477
        0.0001824500       -0.0001887426        0.0000974050
       -0.0001311851        0.0003248712       -0.0001511075
        0.0000696136       -0.0001752375       -0.0000102314
       -0.0004869501       -0.0004309788       -0.0000281238
       -0.0000188901       -0.0000524238       -0.0000444788
       -0.0246308326       -0.1005109113       -0.0850027551
        0.0000057787       -0.0000202714        0.0000807012
        0.0409519436       -0.0256978163       -0.0500933776
       -0.0000546651       -0.0000248350        0.0000519624
       -0.1267651950        0.0285204149       -0.2689847739
       -0.0003458126        0.0002670900       -0.0005090575
        0.0119304375       -0.0092459263        0.0216825562
       -0.0034353138       -0.0017909687        0.0014932512
       -0.1354295176        0.0474010250       -0.0668640200
        0.0011540912       -0.0001300763        0.0011981886
        0.5754121401        0.0250665412       -0.0442495613
        0.0001567037       -0.0000767775        0.0001168512
       -0.0056284075        0.0071063825       -0.0067376538
        0.0004196701       -0.0003700426        0.0002062600
       -0.0147283575        0.0160783300       -0.0189522401
        0.0000870550        0.0002782387        0.0000926737
        0.0002920350        0.0008549787        0.0008033975
        0.0000577013        0.0001775887        0.0000136875
       -0.0000792026       -0.0003723363       -0.0003421513
        0.0000146338        0.0000154400       -0.0000518938
        0.0010784488       -0.0016240026        0.0001865150
        0.0000426500       -0.0000022862       -0.0000634112
       -0.0594679338        0.0622278024        0.0265291825
        0.0000021599        0.0001178137       -0.0001153375
       -0.2571777913       -0.1304995800       -0.0394152188
       -0.0002875962       -0.0002394976        0.0004422199
       -0.1144121799       -0.0149055125        0.1240990050
        0.0021530813       -0.0003826800        0.0074029163
       -0.0003353951       -0.0003239612       -0.0004605400
        0.0421815862       -0.1169834299        0.0464676813
        0.0001300550       -0.0001323163       -0.0000844913
        0.0250665412        0.5938681525        0.0357319399
       -0.0001457462        0.0001914850        0.0001035774
        0.0225792174       -0.0218114225        0.0208769274
       -0.0000472237       -0.0002214225       -0.0000468175
       -0.0103394287        0.0086008075       -0.0119762726
       -0.0000531188        0.0002910937        0.0000993324
        0.0020989962       -0.0054594488       -0.0018248637
        0.0000508763       -0.0001176350       -0.0000504463
       -0.0005571075        0.0010057538        0.0007649612
        0.0001810425        0.0000285750       -0.0002417274
        0.0002949063        0.0018176588        0.0011807200
        0.0000555950       -0.0000036925        0.0000049975
        0.0610809087       -0.2896736988       -0.1037209675
        0.0000411174        0.0000667812       -0.0000341713
       -0.1282029038       -0.1223477625       -0.0247589688
       -0.0000107262        0.0000155162       -0.0000310312
       -0.0161481112       -0.0484297288        0.0305425587
       -0.0156498288        0.0180746549       -0.0408610588
        0.0045688599        0.0034011625       -0.0019039425
       -0.0553480788        0.0440772837       -0.1290336926
       -0.0011982650       -0.0000844950       -0.0015189651
       -0.0442495613        0.0357319399        0.5724976951
        0.0000833687        0.0003090387       -0.0000006514
        0.0040651849       -0.0046996875        0.0102528299
       -0.0002492362        0.0001385499       -0.0001103164
       -0.0046716500        0.0050286150       -0.0041260014
       -0.0001824326       -0.0001887451        0.0000973999
        0.0014769637       -0.0040337626       -0.0006021488
       -0.0000695963       -0.0001752388       -0.0000102325
        0.0001312749        0.0003248699       -0.0001511101
        0.0000188912       -0.0000524238       -0.0000444800
        0.0004869387       -0.0004309801       -0.0000281275
       -0.0000057700       -0.0000202763        0.0000807024
        0.0246200599       -0.1005109139       -0.0850027551
        0.0000546649       -0.0000248389        0.0000519650
       -0.0410220976       -0.0256978126       -0.0500933839
        0.0003458062        0.0002670862       -0.0005090639
        0.1268778500        0.0285204112       -0.2689847701
       -0.0099106786       -0.0171421700       -0.0226578362
       -0.0835731350       -0.0240133225       -0.0013297863
       -0.0015870338       -0.0008350187        0.0017604000
       -0.0056284050       -0.0225786975       -0.0040659550
        0.0001567037       -0.0001457462        0.0000833687
        0.6050536375       -0.0237647924       -0.0105509775
       -0.0004090113        0.0004653262       -0.0005763538
        0.0073740351        0.0251984737        0.0098457750
        0.0002463913        0.0004548288        0.0003118162
       -0.1274691862       -0.0800824375        0.1081939038
        0.0002998051       -0.0003881862        0.0001469688
       -0.1366459075        0.0185243775       -0.1372855949
        0.0002911187       -0.0002077687        0.0000355924
       -0.2472346150        0.1272925500        0.0563248025
        0.0000962400       -0.0001503913        0.0001530201
       -0.0020627024       -0.0023545362        0.0019538425
        0.0001286612        0.0000250850       -0.0000120524
        0.0007369849       -0.0006395162       -0.0011783738
       -0.0000220238       -0.0000222387        0.0000183238
        0.0001678101        0.0004228262       -0.0009361625
       -0.0000082650        0.0000627650       -0.0000389562
       -0.0008384313        0.0075743987        0.0018200063
       -0.0296977763       -0.1996551200       -0.0422200850
        0.0026982838        0.0008522512       -0.0017999650
       -0.0071063013       -0.0218114187       -0.0046996826
       -0.0000767775        0.0001914850        0.0003090387
       -0.0237647924        0.5214327025       -0.0419079725
       -0.0004654163       -0.0004519438        0.0001954574
       -0.0069636362       -0.0172576288       -0.0060287313
       -0.0007733087       -0.0002051188       -0.0005156726
       -0.0798614600       -0.1208965237        0.1049636887
       -0.0000714387        0.0000147200       -0.0001173838
        0.0171124450       -0.0479021101        0.0241864300
       -0.0000931363        0.0001869188        0.0000496837
        0.1298513938       -0.1230045375       -0.0341511812
        0.0000084513       -0.0001411738       -0.0000739499
       -0.0014946313       -0.0007513225        0.0019149849
        0.0000270163       -0.0000838801        0.0000366750
        0.0013582349        0.0017586362       -0.0011616975
       -0.0000650425       -0.0000125475       -0.0000498700
        0.0002902938        0.0002914875       -0.0008280375
        0.0000480063       -0.0001312975        0.0000666537
       -0.0195033025       -0.0255665125       -0.0307252387
       -0.0024207401       -0.0385818250       -0.0870651601
       -0.0044339876       -0.0040818826        0.0028532274
        0.0067367575        0.0208769237        0.0102528386
        0.0001168512        0.0001035774       -0.0000006514
       -0.0105509775       -0.0419079725        0.5947906101
        0.0005763437        0.0001954537       -0.0007491463
       -0.0021238588       -0.0089234413       -0.0009521300
        0.0007184624       -0.0000090888       -0.0006190776
        0.1076778300        0.1026319824       -0.1817764576
        0.0000503187       -0.0000112500        0.0000328412
       -0.1366036088        0.0264432237       -0.2446778225
        0.0002587225       -0.0002683750       -0.0001571201
        0.0567693162       -0.0348117901       -0.0588374163
        0.0000513662        0.0002359474        0.0000376212
        0.0036944350        0.0036873388       -0.0030767526
       -0.0000906488        0.0000203475       -0.0000151788
       -0.0004600876        0.0000700875        0.0001885324
        0.0000986362        0.0000311925        0.0001415962
       -0.0003909275       -0.0002113838        0.0004231462
        0.0000262538        0.0000618912       -0.0000690188
       -0.0099106775        0.0171418912        0.0226590399
       -0.0015870388        0.0008347050       -0.0017605100
       -0.0835731276        0.0239916225        0.0013176312
        0.0001567125        0.0001458663       -0.0000832389
       -0.0056284075        0.0225792174        0.0040651849
       -0.0004090113       -0.0004654163        0.0005763437
        0.6050536351        0.0238972587        0.0107489524
        0.0002463862       -0.0004548875       -0.0003119825
        0.0073740400       -0.0252013400       -0.0098468789
        0.0002998050        0.0003881812       -0.0001470526
       -0.1274691863        0.0801215787       -0.1081091150
        0.0002911175        0.0002077749       -0.0000355750
       -0.1366459076       -0.0185608613        0.1374601149
        0.0000962374        0.0001504187       -0.0001530012
       -0.2472346112       -0.1271566700       -0.0563784513
        0.0001286649       -0.0000250013        0.0000120937
       -0.0020627013        0.0023543174       -0.0019539850
       -0.0000220226        0.0000222413       -0.0000182988
        0.0007369862        0.0006401738        0.0011782837
       -0.0000082638       -0.0000627788        0.0000389774
        0.0001678125       -0.0004227563        0.0009362187
        0.0008363250        0.0075744000        0.0018200012
       -0.0026983413        0.0008522537       -0.0017999700
        0.0296704912       -0.1996551288       -0.0422200851
        0.0000768024        0.0001914825        0.0003090412
        0.0071063825       -0.0218114225       -0.0046996875
        0.0004653262       -0.0004519438        0.0001954537
        0.0238972587        0.5214327051       -0.0419079713
        0.0007734638       -0.0002051200       -0.0005156788
        0.0069598750       -0.0172576263       -0.0060287338
        0.0000714250        0.0000147175       -0.0001173851
        0.0798975324       -0.1208965200        0.1049636900
        0.0000931312        0.0001869137        0.0000496787
       -0.0171445988       -0.0479021075        0.0241864274
       -0.0000084776       -0.0001411751       -0.0000739500
       -0.1297073050       -0.1230045413       -0.0341511813
       -0.0000269888       -0.0000838775        0.0000366762
        0.0014942375       -0.0007513263        0.0019149800
        0.0000650349       -0.0000125525       -0.0000498663
       -0.0013582976        0.0017586375       -0.0011617026
       -0.0000479625       -0.0001313001        0.0000666549
       -0.0002898037        0.0002914862       -0.0008280325
        0.0195051088       -0.0255665100       -0.0307252400
        0.0044333637       -0.0040818774        0.0028532262
        0.0024094550       -0.0385818237       -0.0870651575
       -0.0001166750        0.0001035775       -0.0000006488
       -0.0067376538        0.0208769274        0.0102528299
       -0.0005763538        0.0001954574       -0.0007491463
        0.0107489524       -0.0419079713        0.5947906075
       -0.0007184224       -0.0000090888       -0.0006190776
        0.0021238288       -0.0089234425       -0.0009521251
       -0.0000502838       -0.0000112525        0.0000328412
       -0.1075929863        0.1026319887       -0.1817764550
       -0.0002587263       -0.0002683763       -0.0001571137
        0.1367721962        0.0264432300       -0.2446778225
       -0.0000513676        0.0002359537        0.0000376212
       -0.0568150062       -0.0348117900       -0.0588374149
        0.0000906613        0.0000203500       -0.0000151738
       -0.0036946013        0.0036873387       -0.0030767537
       -0.0000986088        0.0000311925        0.0001416037
        0.0004602562        0.0000700913        0.0001885262
       -0.0000262074        0.0000618912       -0.0000690176
        0.0003911438       -0.0002113838        0.0004231500
       -0.0209912637        0.0123763701       -0.0098935325
       -0.2246804338        0.1176350425        0.0497899600
       -0.0017207887       -0.0013246812        0.0049690338
       -0.0147283550        0.0103371738        0.0046719700
        0.0004196701       -0.0000472237       -0.0002492362
        0.0073740351       -0.0069636362       -0.0021238588
        0.0002463862        0.0007734638       -0.0007184224
        0.2509561649       -0.1285235062       -0.0493099425
        0.0009996663        0.0002489088       -0.0002881112
        0.0004159388        0.0005814451        0.0001251675
        0.0006588388       -0.0005998437        0.0004103163
        0.0003716413        0.0010070263        0.0006197276
        0.0003157162       -0.0004900312        0.0000685163
        0.0006361000       -0.0023878425       -0.0007480524
        0.0001153063       -0.0001297212        0.0002548239
        0.0003717550        0.0000208101       -0.0007622538
        0.0000509051       -0.0001913675        0.0000964376
       -0.0014323600       -0.0021109837        0.0026405425
        0.0000586613       -0.0000544186        0.0002315988
        0.0005778013       -0.0001155250        0.0004083901
       -0.0000138912        0.0000996162       -0.0002422212
        0.0040959137        0.0001744887        0.0052993425
        0.1185954262       -0.1269876562       -0.0340060000
        0.0020841524        0.0009456875       -0.0018053113
       -0.0160823688        0.0086008050        0.0050286137
       -0.0003700426       -0.0002214225        0.0001385499
        0.0251984737       -0.0172576288       -0.0089234413
       -0.0004548875       -0.0002051200       -0.0000090888
       -0.1285235062        0.1383578901        0.0350485537
       -0.0002489463       -0.0006639300        0.0003625961
        0.0000973824        0.0011069012        0.0009387836
       -0.0001300362        0.0000937775       -0.0008937037
       -0.0003183688        0.0009240337       -0.0002204425
       -0.0000377000        0.0001728525        0.0002065612
       -0.0018423663       -0.0055915676       -0.0024121925
       -0.0001421600        0.0000128237       -0.0002053862
        0.0003381000        0.0010092925       -0.0005540000
       -0.0000303851        0.0001099524       -0.0000259150
       -0.0027801813       -0.0009365963        0.0027055675
       -0.0000810351        0.0000621950       -0.0001116776
        0.0007560175        0.0003231587       -0.0006668613
        0.0000162650       -0.0000302500        0.0000848250
       -0.0343790401        0.0182132887       -0.0078118426
        0.0570070312       -0.0355610199       -0.0615742213
       -0.0029785438        0.0009728912        0.0034305674
        0.0189524650       -0.0119762775       -0.0041260013
        0.0002062600       -0.0000468175       -0.0001103164
        0.0098457750       -0.0060287313       -0.0009521300
       -0.0003119825       -0.0005156788       -0.0006190776
       -0.0493099425        0.0350485537        0.0742292801
        0.0002880837        0.0003625912       -0.0003662800
       -0.0006685550        0.0001238137        0.0003396286
       -0.0000186688       -0.0008025288       -0.0011403388
        0.0002014412        0.0004258774        0.0001221613
        0.0001337212       -0.0000275913        0.0002190824
       -0.0007391825       -0.0025794601       -0.0001984000
       -0.0000378112        0.0000901338        0.0001096675
       -0.0008868238        0.0001923213        0.0008554162
        0.0000128550       -0.0001165913        0.0000889013
        0.0030105100        0.0025600012       -0.0027696688
        0.0001265438        0.0000835800        0.0000884524
       -0.0005852712       -0.0004346488        0.0003613474
        0.0000768750       -0.0000036214       -0.0001775963
       -0.0209912587       -0.0123761350        0.0098917688
       -0.0017207888        0.0013244926       -0.0049694062
       -0.2246804250       -0.1174875975       -0.0498438338
        0.0004196800        0.0000471701        0.0002492187
       -0.0147283575       -0.0103394287       -0.0046716500
        0.0002463913       -0.0007733087        0.0007184624
        0.0073740400        0.0069598750        0.0021238288
        0.0009996663       -0.0002489463        0.0002880837
        0.2509561550        0.1286644987        0.0492651500
        0.0006588425        0.0005998863       -0.0004103901
        0.0004159462       -0.0005811775       -0.0001251838
        0.0003157263        0.0004900375       -0.0000685350
        0.0003716475       -0.0010067649       -0.0006196613
        0.0001153113        0.0001296937       -0.0002548237
        0.0006361051        0.0023875013        0.0007479088
        0.0000509125        0.0001913625       -0.0000964363
        0.0003717587       -0.0000208375        0.0007623813
        0.0000586675        0.0000544163       -0.0002315713
       -0.0014323562        0.0021106563       -0.0026409138
       -0.0000138900       -0.0000996338        0.0002422225
        0.0005778126        0.0001155787       -0.0004084875
       -0.0040979562        0.0001744900        0.0052993413
       -0.0020842363        0.0009456901       -0.0018053125
       -0.1184572575       -0.1269876563       -0.0340059975
        0.0003700801       -0.0002214262        0.0001385512
        0.0160783300        0.0086008075        0.0050286150
        0.0004548288       -0.0002051188       -0.0000090888
       -0.0252013400       -0.0172576263       -0.0089234425
        0.0002489088       -0.0006639300        0.0003625912
        0.1286644987        0.1383578875        0.0350485588
        0.0001302038        0.0000937762       -0.0008937038
       -0.0000974637        0.0011069012        0.0009387875
        0.0000376275        0.0001728549        0.0002065638
        0.0003183462        0.0009240362       -0.0002204388
        0.0001421475        0.0000128300       -0.0002053875
        0.0018418388       -0.0055915638       -0.0024121899
        0.0000303925        0.0001099576       -0.0000259113
       -0.0003376513        0.0010092900       -0.0005540024
        0.0000810262        0.0000621938       -0.0001116725
        0.0027798000       -0.0009365875        0.0027055625
       -0.0000162512       -0.0000302513        0.0000848237
       -0.0007558912        0.0003231587       -0.0006668575
        0.0343789088        0.0182132887       -0.0078118400
        0.0029786837        0.0009728975        0.0034305687
       -0.0570681364       -0.0355610175       -0.0615742188
       -0.0002062213       -0.0000468238       -0.0001103089
       -0.0189522401       -0.0119762726       -0.0041260014
        0.0003118162       -0.0005156726       -0.0006190776
       -0.0098468789       -0.0060287338       -0.0009521251
       -0.0002881112        0.0003625961       -0.0003662800
        0.0492651500        0.0350485588        0.0742292751
        0.0000186699       -0.0008025313       -0.0011403439
        0.0006685450        0.0001238124        0.0003396325
       -0.0001337288       -0.0000275875        0.0002190850
       -0.0002014776        0.0004258788        0.0001221649
        0.0000378075        0.0000901387        0.0001096675
        0.0007389362       -0.0025794575       -0.0001983938
       -0.0000128375       -0.0001165875        0.0000889062
        0.0008866874        0.0001923199        0.0008554175
       -0.0001265326        0.0000835800        0.0000884612
       -0.0030108513        0.0025600038       -0.0027696676
       -0.0000768437       -0.0000036201       -0.0001775963
        0.0005857112       -0.0004346438        0.0003613537
        0.0001669937        0.0009612888        0.0003000700
       -0.0054142763       -0.0025036537        0.0059077537
       -0.0005065338       -0.0004979800        0.0001199287
        0.0002920387       -0.0020993775       -0.0014771901
        0.0000870550       -0.0000531188       -0.0001824326
       -0.1274691862       -0.0798614600        0.1076778300
        0.0002998050        0.0000714250       -0.0000502838
        0.0004159388        0.0000973824       -0.0006685550
        0.0006588425        0.0001302038        0.0000186699
        0.1332904125        0.0882631738       -0.1172354639
       -0.0000536937        0.0000805712       -0.0000152112
        0.0103702163        0.0104559625       -0.0129882950
       -0.0000086338       -0.0000145238       -0.0000199176
       -0.0126434951       -0.0150159801        0.0179630362
       -0.0000190388        0.0001212387        0.0000519025
        0.0000145113       -0.0005458387        0.0005904762
       -0.0001209938        0.0000697000       -0.0000579237
        0.0005289374        0.0002162513       -0.0001961100
        0.0000498500        0.0000411151        0.0000781112
        0.0000875263        0.0000769350        0.0002609762
       -0.0000254249        0.0000431212        0.0000107200
        0.0019884600        0.0025277750        0.0001694362
       -0.0161106188       -0.0140470437        0.0247570500
       -0.0013150038       -0.0005064175        0.0000011337
       -0.0008551625       -0.0054594538       -0.0040337638
        0.0002782387        0.0002910937       -0.0001887451
       -0.0800824375       -0.1208965237        0.1026319824
        0.0003881812        0.0000147175       -0.0000112525
        0.0005814451        0.0011069012        0.0001238137
        0.0005998863        0.0000937762       -0.0008025313
        0.0882631738        0.1304887425       -0.1114453551
       -0.0000805725       -0.0000108238        0.0000055875
       -0.0014514687       -0.0020664988        0.0007894500
       -0.0000259863        0.0000003288       -0.0000472988
        0.0091107675        0.0090628824       -0.0129122350
        0.0000013413        0.0001396100        0.0000986763
       -0.0015060712       -0.0010242637        0.0011687825
       -0.0000198825       -0.0000301237       -0.0000066800
       -0.0001207788        0.0000954337       -0.0000477326
        0.0001201074       -0.0000527550        0.0001074424
        0.0003071063        0.0002584662       -0.0002443176
       -0.0000343575        0.0000136312       -0.0000372638
        0.0008495275        0.0014530475        0.0013669424
       -0.0078639176       -0.0079443150        0.0082082825
        0.0000909387       -0.0007640751       -0.0009795788
       -0.0008034701       -0.0018248713       -0.0006021477
        0.0000926737        0.0000993324        0.0000973999
        0.1081939038        0.1049636887       -0.1817764576
       -0.0001470526       -0.0001173851        0.0000328412
        0.0001251675        0.0009387836        0.0003396286
       -0.0004103901       -0.0008937038       -0.0011403439
       -0.1172354639       -0.1114453551        0.1952627201
        0.0000152075        0.0000055899       -0.0000113438
        0.0156249637        0.0129634674       -0.0167200225
       -0.0000153339        0.0000360824        0.0000282111
        0.0018446037        0.0034171711       -0.0047781488
        0.0000032900       -0.0000683075       -0.0000443600
       -0.0002892400       -0.0004815425        0.0004823200
       -0.0000044663        0.0000399949        0.0000266825
       -0.0000866589       -0.0000564438       -0.0001042713
       -0.0000204589        0.0000238462        0.0000106924
        0.0001107387       -0.0002261301        0.0002806174
        0.0000085724       -0.0000380376        0.0000199899
        0.0001669913       -0.0009613237       -0.0003001725
       -0.0005065338        0.0004981251       -0.0001197375
       -0.0054142750        0.0025031425       -0.0059086688
        0.0000870563        0.0000530463        0.0001824500
        0.0002920350        0.0020989962        0.0014769637
        0.0002998051       -0.0000714387        0.0000503187
       -0.1274691863        0.0798975324       -0.1075929863
        0.0006588388       -0.0001300362       -0.0000186688
        0.0004159462       -0.0000974637        0.0006685450
       -0.0000536937       -0.0000805725        0.0000152075
        0.1332904100       -0.0882244949        0.1173211476
       -0.0000086263        0.0000145263        0.0000199250
        0.0103702162       -0.0104565162        0.0129858962
       -0.0000190375       -0.0001212187       -0.0000518924
       -0.0126434937        0.0150133550       -0.0179628237
       -0.0001209875       -0.0000697099        0.0000579337
        0.0000145113        0.0005458588       -0.0005905024
        0.0000498525       -0.0000411175       -0.0000781050
        0.0005289412       -0.0002161962        0.0001961112
       -0.0000254262       -0.0000431250       -0.0000107225
        0.0000875301       -0.0000769425       -0.0002609750
       -0.0019885749        0.0025277738        0.0001694387
        0.0013152687       -0.0005064112        0.0000011325
        0.0161112762       -0.0140470413        0.0247570524
       -0.0002782525        0.0002910963       -0.0001887426
        0.0008549787       -0.0054594488       -0.0040337626
       -0.0003881862        0.0000147200       -0.0000112500
        0.0801215787       -0.1208965200        0.1026319887
       -0.0005998437        0.0000937775       -0.0008025288
       -0.0005811775        0.0011069012        0.0001238124
        0.0000805712       -0.0000108238        0.0000055899
       -0.0882244949        0.1304887375       -0.1114453512
        0.0000260012        0.0000003313       -0.0000472950
        0.0014518387       -0.0020664950        0.0007894512
       -0.0000013513        0.0001396112        0.0000986763
       -0.0091119913        0.0090628824       -0.0129122262
        0.0000198951       -0.0000301162       -0.0000066738
        0.0015059912       -0.0010242638        0.0011687838
       -0.0001201138       -0.0000527513        0.0001074437
        0.0001207513        0.0000954375       -0.0000477326
        0.0000343800        0.0000136350       -0.0000372600
       -0.0003070275        0.0002584700       -0.0002443126
       -0.0008490775        0.0014530537        0.0013669450
       -0.0000914525       -0.0007640700       -0.0009795788
        0.0078624037       -0.0079443163        0.0082082875
       -0.0000927287        0.0000993351        0.0000974050
        0.0008033975       -0.0018248637       -0.0006021488
        0.0001469688       -0.0001173838        0.0000328412
       -0.1081091150        0.1049636900       -0.1817764550
        0.0004103163       -0.0008937037       -0.0011403388
       -0.0001251838        0.0009387875        0.0003396325
       -0.0000152112        0.0000055875       -0.0000113438
        0.1173211476       -0.1114453512        0.1952627150
        0.0000153400        0.0000360824        0.0000282125
       -0.0156282075        0.0129634725       -0.0167200175
       -0.0000033013       -0.0000683013       -0.0000443575
       -0.0018439263        0.0034171725       -0.0047781462
        0.0000044738        0.0000400026        0.0000266812
        0.0002892025       -0.0004815463        0.0004823175
        0.0000204524        0.0000238474        0.0000106950
        0.0000867137       -0.0000564387       -0.0001042688
       -0.0000085600       -0.0000380375        0.0000199937
       -0.0001106763       -0.0002261263        0.0002806188
        0.0003178651       -0.0024081612       -0.0025136463
       -0.0053016500        0.0049339513       -0.0047273650
       -0.0007906838       -0.0005694862        0.0008564437
       -0.0000792012        0.0005572613       -0.0001311851
        0.0000577013        0.0000508763       -0.0000695963
       -0.1366459075        0.0171124450       -0.1366036088
        0.0002911175        0.0000931312       -0.0002587263
        0.0003716413       -0.0003183688        0.0002014412
        0.0003157263        0.0000376275       -0.0001337288
        0.0103702163       -0.0014514687        0.0156249637
       -0.0000086263        0.0000260012        0.0000153400
        0.1438357725       -0.0182342038        0.1498823013
        0.0000508788       -0.0000981675       -0.0000667638
       -0.0130071600        0.0007780087       -0.0225450162
       -0.0000328937        0.0000728362        0.0000362175
        0.0001898500        0.0000670737        0.0002528513
       -0.0000271763       -0.0000269200        0.0000087100
        0.0000268449       -0.0000445662       -0.0001100925
        0.0000205575       -0.0000156999        0.0000504049
        0.0000506575       -0.0005983750        0.0004317937
       -0.0000047925        0.0000057324       -0.0000415162
       -0.0038699400       -0.0054067850       -0.0066996850
       -0.0153646801        0.0076398675       -0.0223248238
       -0.0016334500       -0.0008059350        0.0015412762
        0.0003728037        0.0010057551        0.0003248712
        0.0001775887       -0.0001176350       -0.0001752388
        0.0185243775       -0.0479021101        0.0264432237
        0.0002077749        0.0001869137       -0.0002683763
        0.0010070263        0.0009240337        0.0004258774
        0.0004900375        0.0001728549       -0.0000275875
        0.0104559625       -0.0020664988        0.0129634674
        0.0000145263        0.0000003313        0.0000360824
       -0.0182342038        0.0486813551       -0.0274243401
        0.0000981724       -0.0001100513       -0.0000694713
        0.0079757825       -0.0020346089        0.0148550000
       -0.0000251388        0.0000723075        0.0000427437
        0.0003627562        0.0002088338       -0.0000363389
       -0.0000564525        0.0000647800       -0.0000212825
       -0.0000252238       -0.0000629175        0.0000431187
        0.0000309775        0.0000101375        0.0000679449
       -0.0005188825       -0.0005544013        0.0002753362
       -0.0000250562        0.0000925512       -0.0000554325
       -0.0012375587       -0.0035525525       -0.0025150987
       -0.0046477562        0.0065252676       -0.0088758850
       -0.0009070825       -0.0001547450        0.0015207062
        0.0003421562        0.0007649625       -0.0001511075
        0.0000136875       -0.0000504463       -0.0000102325
       -0.1372855949        0.0241864300       -0.2446778225
       -0.0000355750        0.0000496787       -0.0001571137
        0.0006197276       -0.0002204425        0.0001221613
       -0.0000685350        0.0002065638        0.0002190850
       -0.0129882950        0.0007894500       -0.0167200225
        0.0000199250       -0.0000472950        0.0000282125
        0.1498823013       -0.0274243401        0.2629181100
        0.0000667650       -0.0000694687       -0.0000518626
        0.0058852038       -0.0009643401        0.0075962763
        0.0000231400       -0.0000455763        0.0000019101
        0.0002121988       -0.0001311762        0.0001352012
        0.0000370275       -0.0000120087        0.0000243489
        0.0000787687       -0.0000427812        0.0000334762
       -0.0000311299       -0.0000014212       -0.0000189250
        0.0001916713        0.0000919776        0.0006401625
       -0.0000031049        0.0000270000       -0.0000610050
        0.0003178625        0.0024079437        0.0025132174
       -0.0007906863        0.0005693912       -0.0008565787
       -0.0053016488       -0.0049347638        0.0047270562
        0.0000577025       -0.0000508525        0.0000696136
       -0.0000792026       -0.0005571075        0.0001312749
        0.0002911187       -0.0000931363        0.0002587225
       -0.1366459076       -0.0171445988        0.1367721962
        0.0003157162       -0.0000377000        0.0001337212
        0.0003716475        0.0003183462       -0.0002014776
       -0.0000086338       -0.0000259863       -0.0000153339
        0.0103702162        0.0014518387       -0.0156282075
        0.0000508788        0.0000981724        0.0000667650
        0.1438357751        0.0182042075       -0.1497133913
       -0.0000328963       -0.0000728338       -0.0000362175
       -0.0130071613       -0.0007785675        0.0225429225
       -0.0000271775        0.0000269175       -0.0000087088
        0.0001898474       -0.0000670875       -0.0002528300
        0.0000205586        0.0000157037       -0.0000504100
        0.0000268412        0.0000445375        0.0001100636
       -0.0000047975       -0.0000057363        0.0000415186
        0.0000506562        0.0005984687       -0.0004317713
        0.0038695163       -0.0054067863       -0.0066996888
        0.0016333837       -0.0008059337        0.0015412700
        0.0153632087        0.0076398688       -0.0223248238
       -0.0001775750       -0.0001176337       -0.0001752375
       -0.0003723363        0.0010057538        0.0003248699
       -0.0002077687        0.0001869188       -0.0002683750
       -0.0185608613       -0.0479021075        0.0264432300
       -0.0004900312        0.0001728525       -0.0000275913
       -0.0010067649        0.0009240362        0.0004258788
       -0.0000145238        0.0000003288        0.0000360824
       -0.0104565162       -0.0020664950        0.0129634725
       -0.0000981675       -0.0001100513       -0.0000694687
        0.0182042075        0.0486813525       -0.0274243401
        0.0000251362        0.0000723075        0.0000427450
       -0.0079753912       -0.0020346100        0.0148550026
        0.0000564600        0.0000647851       -0.0000212813
       -0.0003626975        0.0002088325       -0.0000363387
       -0.0000309776        0.0000101400        0.0000679500
        0.0000252525       -0.0000629175        0.0000431213
        0.0000250713        0.0000925549       -0.0000554351
        0.0005190113       -0.0005543963        0.0002753387
        0.0012373950       -0.0035525538       -0.0025150963
        0.0009070699       -0.0001547412        0.0015207049
        0.0046483424        0.0065252625       -0.0088758888
       -0.0000136838       -0.0000504475       -0.0000102314
       -0.0003421513        0.0007649612       -0.0001511101
        0.0000355924        0.0000496837       -0.0001571201
        0.1374601149        0.0241864274       -0.2446778225
        0.0000685163        0.0002065612        0.0002190824
       -0.0006196613       -0.0002204388        0.0001221649
       -0.0000199176       -0.0000472988        0.0000282111
        0.0129858962        0.0007894512       -0.0167200175
       -0.0000667638       -0.0000694713       -0.0000518626
       -0.1497133913       -0.0274243401        0.2629181101
       -0.0000231401       -0.0000455800        0.0000019075
       -0.0058864788       -0.0009643426        0.0075962812
       -0.0000370301       -0.0000120050        0.0000243524
       -0.0002121875       -0.0001311788        0.0001351987
        0.0000311387       -0.0000014226       -0.0000189213
       -0.0000787826       -0.0000427763        0.0000334699
        0.0000031125        0.0000270012       -0.0000610051
       -0.0001916050        0.0000919774        0.0006401625
        0.0014634350       -0.0000778650        0.0014687662
        0.0054176937       -0.0065199212       -0.0030673576
       -0.0003160400       -0.0000793388       -0.0001500113
        0.0010784500       -0.0002947262       -0.0004869501
        0.0000146338        0.0001810425        0.0000188912
       -0.2472346150        0.1298513938        0.0567693162
        0.0000962374       -0.0000084776       -0.0000513676
        0.0006361000       -0.0018423663       -0.0007391825
        0.0001153113        0.0001421475        0.0000378075
       -0.0126434951        0.0091107675        0.0018446037
       -0.0000190375       -0.0000013513       -0.0000033013
       -0.0130071600        0.0079757825        0.0058852038
       -0.0000328963        0.0000251362       -0.0000231401
        0.2640594725       -0.1385218963       -0.0615146625
        0.0000109838        0.0000259099        0.0000242475
        0.0001883087       -0.0000307237       -0.0000570838
        0.0000144612       -0.0000448475        0.0000350651
        0.0001469987        0.0002121263       -0.0001501976
        0.0000335950       -0.0000280188        0.0000078387
       -0.0000320287        0.0001005200        0.0001024474
        0.0000102913       -0.0000355637        0.0000043600
       -0.0006352450        0.0029471362        0.0018325274
        0.0284931350       -0.0190160988       -0.0066676013
       -0.0002427238       -0.0000512651        0.0001880812
        0.0016237637        0.0018176600       -0.0004309788
        0.0000154400        0.0000285750       -0.0000524238
        0.1272925500       -0.1230045375       -0.0348117901
        0.0001504187       -0.0001411751        0.0002359537
       -0.0023878425       -0.0055915676       -0.0025794601
        0.0001296937        0.0000128300        0.0000901387
       -0.0150159801        0.0090628824        0.0034171711
       -0.0001212187        0.0001396112       -0.0000683013
        0.0007780087       -0.0020346089       -0.0009643401
       -0.0000728338        0.0000723075       -0.0000455800
       -0.1385218963        0.1353693301        0.0393985925
       -0.0000259050        0.0000339111       -0.0000546863
       -0.0002376950        0.0005508587        0.0000349574
       -0.0000014363        0.0000239299       -0.0000093563
       -0.0010440151       -0.0001741413        0.0004432025
        0.0000123987       -0.0000033201       -0.0000122363
       -0.0000395275       -0.0000488363        0.0000522936
       -0.0000115100        0.0000058225       -0.0000117938
        0.0005409151        0.0012800751        0.0014646963
        0.0103782062       -0.0073170386       -0.0037085749
        0.0007783012        0.0001556338       -0.0005937525
       -0.0001865575        0.0011807151       -0.0000281238
       -0.0000518938       -0.0002417274       -0.0000444800
        0.0563248025       -0.0341511812       -0.0588374163
       -0.0001530012       -0.0000739500        0.0000376212
       -0.0007480524       -0.0024121925       -0.0001984000
       -0.0002548237       -0.0002053875        0.0001096675
        0.0179630362       -0.0129122350       -0.0047781488
       -0.0000518924        0.0000986763       -0.0000443575
       -0.0225450162        0.0148550000        0.0075962763
       -0.0000362175        0.0000427450        0.0000019075
       -0.0615146625        0.0393985925        0.0588002599
       -0.0000242436       -0.0000546875       -0.0000589225
       -0.0000241699        0.0000670476       -0.0001510050
       -0.0000201475        0.0001137138       -0.0000859312
       -0.0002130525        0.0000501276        0.0005277025
       -0.0000480362        0.0000351275       -0.0000366200
       -0.0001452974        0.0000313775       -0.0000082313
       -0.0000159199        0.0000423738        0.0000360650
        0.0014634363        0.0000777862       -0.0014682650
       -0.0003160425        0.0000792338        0.0001500212
        0.0054176962        0.0065153124        0.0030660387
        0.0000146400       -0.0001810012       -0.0000188901
        0.0010784488        0.0002949063        0.0004869387
        0.0000962400        0.0000084513        0.0000513662
       -0.2472346112       -0.1297073050       -0.0568150062
        0.0001153063       -0.0001421600       -0.0000378112
        0.0006361051        0.0018418388        0.0007389362
       -0.0000190388        0.0000013413        0.0000032900
       -0.0126434937       -0.0091119913       -0.0018439263
       -0.0000328937       -0.0000251388        0.0000231400
       -0.0130071613       -0.0079753912       -0.0058864788
        0.0000109838       -0.0000259050       -0.0000242436
        0.2640594700        0.1386595575        0.0614727088
        0.0000144613        0.0000448701       -0.0000350551
        0.0001883112        0.0000307675        0.0000570763
        0.0000335999        0.0000280200       -0.0000078388
        0.0001470000       -0.0002120262        0.0001502237
        0.0000102888        0.0000355551       -0.0000043612
       -0.0000320287       -0.0001005575       -0.0001024162
        0.0006351450        0.0029471350        0.0018325250
        0.0002427237       -0.0000512625        0.0001880812
       -0.0284965688       -0.0190160988       -0.0066676038
       -0.0000153925        0.0000285738       -0.0000524238
       -0.0016240026        0.0018176588       -0.0004309801
       -0.0001503913       -0.0001411738        0.0002359474
       -0.1271566700       -0.1230045413       -0.0348117900
       -0.0001297212        0.0000128237        0.0000901338
        0.0023875013       -0.0055915638       -0.0025794575
        0.0001212387        0.0001396100       -0.0000683075
        0.0150133550        0.0090628824        0.0034171725
        0.0000728362        0.0000723075       -0.0000455763
       -0.0007785675       -0.0020346100       -0.0009643426
        0.0000259099        0.0000339111       -0.0000546875
        0.1386595575        0.1353693325        0.0393985925
        0.0000014676        0.0000239313       -0.0000093563
        0.0002376575        0.0005508524        0.0000349551
       -0.0000123901       -0.0000033263       -0.0000122338
        0.0010441525       -0.0001741387        0.0004432000
        0.0000115263        0.0000058212       -0.0000118001
        0.0000395575       -0.0000488350        0.0000522950
       -0.0005412249        0.0012800751        0.0014646950
       -0.0007782863        0.0001556339       -0.0005937500
       -0.0103798925       -0.0073170438       -0.0037085725
        0.0000519238       -0.0002417274       -0.0000444788
        0.0001865150        0.0011807200       -0.0000281275
        0.0001530201       -0.0000739499        0.0000376212
       -0.0563784513       -0.0341511813       -0.0588374149
        0.0002548239       -0.0002053862        0.0001096675
        0.0007479088       -0.0024121899       -0.0001983938
        0.0000519025        0.0000986763       -0.0000443600
       -0.0179628237       -0.0129122262       -0.0047781462
        0.0000362175        0.0000427437        0.0000019101
        0.0225429225        0.0148550026        0.0075962812
        0.0000242475       -0.0000546863       -0.0000589225
        0.0614727088        0.0393985925        0.0588002599
        0.0000201425        0.0001137138       -0.0000859312
        0.0000241350        0.0000670450       -0.0001510074
        0.0000480524        0.0000351287       -0.0000366162
        0.0002130813        0.0000501301        0.0005276975
        0.0000159288        0.0000423725        0.0000360662
        0.0001452813        0.0000313750       -0.0000082325
        0.0005706788        0.0018733312       -0.0008735699
       -0.0056637200       -0.0190584362       -0.0093264362
       -0.0001071238       -0.0000722012       -0.0001758088
       -0.0594679275       -0.0611432700       -0.0246308326
        0.0000426500        0.0000555950       -0.0000057700
       -0.0020627024       -0.0014946313        0.0036944350
        0.0001286649       -0.0000269888        0.0000906613
        0.0003717550        0.0003381000       -0.0008868238
        0.0000509125        0.0000303925       -0.0000128375
        0.0000145113       -0.0015060712       -0.0002892400
       -0.0001209875        0.0000198951        0.0000044738
        0.0001898500        0.0003627562        0.0002121988
       -0.0000271775        0.0000564600       -0.0000370301
        0.0001883087       -0.0002376950       -0.0000241699
        0.0000144613        0.0000014676        0.0000201425
        0.0623560250        0.0694955776        0.0256348762
       -0.0000311213        0.0000160188       -0.0000120136
        0.0075591512        0.0254902638        0.0108205388
        0.0000031212       -0.0000058950       -0.0000037250
       -0.0039930524       -0.0142457075       -0.0042090188
       -0.0000165587       -0.0000098125        0.0000010512
        0.0010091038        0.0020421175       -0.0006098675
       -0.0020016813       -0.0149543287       -0.0090691512
       -0.0001330587       -0.0000082913        0.0001309787
       -0.0622791962       -0.2896737000       -0.1005109113
       -0.0000022862       -0.0000036925       -0.0000202763
       -0.0023545362       -0.0007513225        0.0036873388
       -0.0000250013       -0.0000838775        0.0000203500
        0.0000208101        0.0010092925        0.0001923213
        0.0001913625        0.0001099576       -0.0001165875
       -0.0005458387       -0.0010242637       -0.0004815425
       -0.0000697099       -0.0000301162        0.0000400026
        0.0000670737        0.0002088338       -0.0001311762
        0.0000269175        0.0000647851       -0.0000120050
       -0.0000307237        0.0005508587        0.0000670476
        0.0000448701        0.0000239313        0.0001137138
        0.0694955776        0.3102746849        0.1091143200
       -0.0000160137        0.0000293200       -0.0000057850
       -0.0054034538       -0.0133205663       -0.0053319425
        0.0000264350       -0.0000015861        0.0000346725
        0.0019268101        0.0055358563        0.0029209675
        0.0000015150        0.0000021475       -0.0000020212
       -0.0000998038       -0.0009966350        0.0023559124
        0.0053272499        0.0224966600        0.0071647575
        0.0002728950       -0.0001036975       -0.0001911401
       -0.0265369425       -0.1037209650       -0.0850027551
       -0.0000634112        0.0000049975        0.0000807024
        0.0019538425        0.0019149849       -0.0030767526
        0.0000120937        0.0000366762       -0.0000151738
       -0.0007622538       -0.0005540000        0.0008554162
       -0.0000964363       -0.0000259113        0.0000889062
        0.0005904762        0.0011687825        0.0004823200
        0.0000579337       -0.0000066738        0.0000266812
        0.0002528513       -0.0000363389        0.0001352012
       -0.0000087088       -0.0000212813        0.0000243524
       -0.0000570838        0.0000349574       -0.0001510050
       -0.0000350551       -0.0000093563       -0.0000859312
        0.0256348762        0.1091143200        0.0887097801
        0.0000120200       -0.0000057875       -0.0000044287
       -0.0017126901       -0.0034415351       -0.0025714900
       -0.0000062526       -0.0000003688       -0.0000145713
       -0.0047588463       -0.0258166801       -0.0088463300
        0.0000157925       -0.0000145563        0.0000354649
        0.0005706750       -0.0018732762        0.0008732050
       -0.0001071288        0.0000721526        0.0001758150
       -0.0056637225        0.0190584712        0.0093249237
        0.0000426475       -0.0000555987        0.0000057787
       -0.0594679338        0.0610809087        0.0246200599
        0.0001286612        0.0000270163       -0.0000906488
       -0.0020627013        0.0014942375       -0.0036946013
        0.0000509051       -0.0000303851        0.0000128550
        0.0003717587       -0.0003376513        0.0008866874
       -0.0001209938       -0.0000198825       -0.0000044663
        0.0000145113        0.0015059912        0.0002892025
       -0.0000271763       -0.0000564525        0.0000370275
        0.0001898474       -0.0003626975       -0.0002121875
        0.0000144612       -0.0000014363       -0.0000201475
        0.0001883112        0.0002376575        0.0000241350
       -0.0000311213       -0.0000160137        0.0000120200
        0.0623560275       -0.0695439351       -0.0256412238
        0.0000031224        0.0000059038        0.0000037362
        0.0075591488       -0.0254926412       -0.0108218913
       -0.0000165613        0.0000098075       -0.0000010463
       -0.0039930512        0.0142442487        0.0042094812
       -0.0010091338        0.0020421174       -0.0006098675
        0.0001331162       -0.0000082962        0.0001309750
        0.0020018374       -0.0149543388       -0.0090691513
        0.0000023312       -0.0000036987       -0.0000202714
        0.0622278024       -0.2896736988       -0.1005109139
        0.0000250850       -0.0000838801        0.0000203475
        0.0023543174       -0.0007513263        0.0036873387
       -0.0001913675        0.0001099524       -0.0001165913
       -0.0000208375        0.0010092900        0.0001923199
        0.0000697000       -0.0000301237        0.0000399949
        0.0005458588       -0.0010242638       -0.0004815463
       -0.0000269200        0.0000647800       -0.0000120087
       -0.0000670875        0.0002088325       -0.0001311788
       -0.0000448475        0.0000239299        0.0001137138
        0.0000307675        0.0005508524        0.0000670450
        0.0000160188        0.0000293200       -0.0000057875
       -0.0695439351        0.3102746901        0.1091143138
       -0.0000264252       -0.0000015925        0.0000346737
        0.0054024462       -0.0133205675       -0.0053319489
       -0.0000015012        0.0000021437       -0.0000020250
       -0.0019266125        0.0055358550        0.0029209675
        0.0000997676       -0.0009966374        0.0023559100
       -0.0002728613       -0.0001036962       -0.0001911449
       -0.0053282537        0.0224966551        0.0071647587
        0.0000634263        0.0000049926        0.0000807012
        0.0265291825       -0.1037209675       -0.0850027551
       -0.0000120524        0.0000366750       -0.0000151788
       -0.0019539850        0.0019149800       -0.0030767537
        0.0000964376       -0.0000259150        0.0000889013
        0.0007623813       -0.0005540024        0.0008554175
       -0.0000579237       -0.0000066800        0.0000266825
       -0.0005905024        0.0011687838        0.0004823175
        0.0000087100       -0.0000212825        0.0000243489
       -0.0002528300       -0.0000363387        0.0001351987
        0.0000350651       -0.0000093563       -0.0000859312
        0.0000570763        0.0000349551       -0.0001510074
       -0.0000120136       -0.0000057850       -0.0000044287
       -0.0256412238        0.1091143138        0.0887097849
        0.0000062676       -0.0000003750       -0.0000145688
        0.0017128200       -0.0034415362       -0.0025714925
       -0.0000157812       -0.0000145637        0.0000354638
        0.0047586401       -0.0258166862       -0.0088463324
        0.0017706625       -0.0002528989       -0.0013196350
       -0.0192583014        0.0122349999        0.0024679699
        0.0002407211       -0.0000097838       -0.0001848938
       -0.2571777863        0.1283390375        0.0409519436
        0.0000021599        0.0000411174        0.0000546649
        0.0007369849        0.0013582349       -0.0004600876
       -0.0000220226        0.0000650349       -0.0000986088
       -0.0014323600       -0.0027801813        0.0030105100
        0.0000586675        0.0000810262       -0.0001265326
        0.0005289374       -0.0001207788       -0.0000866589
        0.0000498525       -0.0001201138        0.0000204524
        0.0000268449       -0.0000252238        0.0000787687
        0.0000205586       -0.0000309776        0.0000311387
        0.0001469987       -0.0010440151       -0.0002130525
        0.0000335999       -0.0000123901        0.0000480524
        0.0075591512       -0.0054034538       -0.0017126901
        0.0000031224       -0.0000264252        0.0000062676
        0.2781429701       -0.1386613601       -0.0467670075
        0.0000047037       -0.0000082825        0.0000224149
       -0.0114436200        0.0065250649        0.0041933124
        0.0000083374       -0.0000156338        0.0000150424
        0.0002567588        0.0003506637       -0.0017372187
       -0.0163875638        0.0078001501        0.0037175950
       -0.0002834300       -0.0000828375       -0.0000843826
        0.1306275100       -0.1223477650       -0.0256978163
        0.0001178137        0.0000667812       -0.0000248389
       -0.0006395162        0.0017586362        0.0000700875
        0.0000222413       -0.0000125525        0.0000311925
       -0.0021109837       -0.0009365963        0.0025600012
        0.0000544163        0.0000621938        0.0000835800
        0.0002162513        0.0000954337       -0.0000564438
       -0.0000411175       -0.0000527513        0.0000238474
       -0.0000445662       -0.0000629175       -0.0000427812
        0.0000157037        0.0000101400       -0.0000014226
        0.0002121263       -0.0001741413        0.0000501276
        0.0000280200       -0.0000033263        0.0000351287
        0.0254902638       -0.0133205663       -0.0034415351
        0.0000059038       -0.0000015925       -0.0000003750
       -0.1386613601        0.1291616975        0.0255380475
        0.0000082925       -0.0000265513        0.0000048625
        0.0012725338       -0.0022882237       -0.0010238376
       -0.0000272487        0.0000047437       -0.0000241037
       -0.0006384475       -0.0006942912        0.0025985012
        0.0210986812       -0.0119708712       -0.0052392863
        0.0001780975       -0.0000025062       -0.0003368338
        0.0393353825       -0.0247589649       -0.0500933776
       -0.0001153375       -0.0000341713        0.0000519650
       -0.0011783738       -0.0011616975        0.0001885324
       -0.0000182988       -0.0000498663        0.0001416037
        0.0026405425        0.0027055675       -0.0027696688
       -0.0002315713       -0.0001116725        0.0000884612
       -0.0001961100       -0.0000477326       -0.0001042713
       -0.0000781050        0.0001074437        0.0000106950
       -0.0001100925        0.0000431187        0.0000334762
       -0.0000504100        0.0000679500       -0.0000189213
       -0.0001501976        0.0004432025        0.0005277025
       -0.0000078388       -0.0000122338       -0.0000366162
        0.0108205388       -0.0053319425       -0.0025714900
        0.0000037362        0.0000346737       -0.0000145688
       -0.0467670075        0.0255380475        0.0513879876
       -0.0000224150        0.0000048675       -0.0000620125
       -0.0245832062        0.0152214574        0.0061751087
       -0.0000017175       -0.0000116501        0.0000423763
        0.0017706638        0.0002526613        0.0013189000
        0.0002407162        0.0000097238        0.0001848225
       -0.0192583001       -0.0122375288       -0.0024683938
        0.0000021625       -0.0000410925       -0.0000546651
       -0.2571777913       -0.1282029038       -0.0410220976
       -0.0000220238       -0.0000650425        0.0000986362
        0.0007369862       -0.0013582976        0.0004602562
        0.0000586613       -0.0000810351        0.0001265438
       -0.0014323562        0.0027798000       -0.0030108513
        0.0000498500        0.0001201074       -0.0000204589
        0.0005289412        0.0001207513        0.0000867137
        0.0000205575        0.0000309775       -0.0000311299
        0.0000268412        0.0000252525       -0.0000787826
        0.0000335950        0.0000123987       -0.0000480362
        0.0001470000        0.0010441525        0.0002130813
        0.0000031212        0.0000264350       -0.0000062526
        0.0075591488        0.0054024462        0.0017128200
        0.0000047037        0.0000082925       -0.0000224150
        0.2781429725        0.1387927138        0.0467018999
        0.0000083338        0.0000156312       -0.0000150450
       -0.0114436175       -0.0065247525       -0.0041940137
       -0.0002569799        0.0003506663       -0.0017372175
        0.0002834363       -0.0000828387       -0.0000843837
        0.0163830450        0.0078001488        0.0037175975
       -0.0001178037        0.0000667801       -0.0000248350
       -0.1304995800       -0.1223477625       -0.0256978126
       -0.0000222387       -0.0000125475        0.0000311925
        0.0006401738        0.0017586375        0.0000700913
       -0.0000544186        0.0000621950        0.0000835800
        0.0021106563       -0.0009365875        0.0025600038
        0.0000411151       -0.0000527550        0.0000238462
       -0.0002161962        0.0000954375       -0.0000564387
       -0.0000156999        0.0000101375       -0.0000014212
        0.0000445375       -0.0000629175       -0.0000427763
       -0.0000280188       -0.0000033201        0.0000351275
       -0.0002120262       -0.0001741387        0.0000501301
       -0.0000058950       -0.0000015861       -0.0000003688
       -0.0254926412       -0.0133205675       -0.0034415362
       -0.0000082825       -0.0000265513        0.0000048675
        0.1387927138        0.1291616950        0.0255380488
        0.0000272626        0.0000047400       -0.0000241025
       -0.0012730199       -0.0022882212       -0.0010238350
        0.0006389287       -0.0006942988        0.0025984949
       -0.0001780438       -0.0000025075       -0.0003368388
       -0.0210983376       -0.0119708763       -0.0052392863
        0.0001153825       -0.0000341725        0.0000519624
       -0.0394152188       -0.0247589688       -0.0500933839
        0.0000183238       -0.0000498700        0.0001415962
        0.0011782837       -0.0011617026        0.0001885262
        0.0002315988       -0.0001116776        0.0000884524
       -0.0026409138        0.0027055625       -0.0027696676
        0.0000781112        0.0001074424        0.0000106924
        0.0001961112       -0.0000477326       -0.0001042688
        0.0000504049        0.0000679449       -0.0000189250
        0.0001100636        0.0000431213        0.0000334699
        0.0000078387       -0.0000122363       -0.0000366200
        0.0001502237        0.0004432000        0.0005276975
       -0.0000037250        0.0000346725       -0.0000145713
       -0.0108218913       -0.0053319489       -0.0025714925
        0.0000224149        0.0000048625       -0.0000620125
        0.0467018999        0.0255380488        0.0513879951
        0.0000017338       -0.0000116563        0.0000423724
        0.0245812900        0.0152214524        0.0061751074
       -0.0015556250       -0.0020494137        0.0041547688
        0.0095036462       -0.0013862624        0.0159111988
        0.0011056188       -0.0006196537        0.0005577000
       -0.1144121737        0.0161272563       -0.1267651950
       -0.0002875962       -0.0000107262        0.0003458062
        0.0001678101        0.0002902938       -0.0003909275
       -0.0000082638       -0.0000479625       -0.0000262074
        0.0005778013        0.0007560175       -0.0005852712
       -0.0000138900       -0.0000162512       -0.0000768437
        0.0000875263        0.0003071063        0.0001107387
       -0.0000254262        0.0000343800       -0.0000085600
        0.0000506575       -0.0005188825        0.0001916713
       -0.0000047975        0.0000250713        0.0000031125
       -0.0000320287       -0.0000395275       -0.0001452974
        0.0000102888        0.0000115263        0.0000159288
       -0.0039930524        0.0019268101       -0.0047588463
       -0.0000165613       -0.0000015012       -0.0000157812
       -0.0114436200        0.0012725338       -0.0245832062
        0.0000083338        0.0000272626        0.0000017338
        0.1201991324       -0.0160412925        0.1360471250
        0.0000832688       -0.0000674088        0.0001185250
       -0.0025958163       -0.0003943400        0.0041213212
        0.0110276562       -0.0021183337        0.0110920475
        0.0008598762       -0.0002117125        0.0001885125
        0.0148798787       -0.0484297275        0.0285204149
       -0.0002394976        0.0000155162        0.0002670862
        0.0004228262        0.0002914875       -0.0002113838
       -0.0000627788       -0.0001313001        0.0000618912
       -0.0001155250        0.0003231587       -0.0004346488
       -0.0000996338       -0.0000302513       -0.0000036201
        0.0000769350        0.0002584662       -0.0002261301
       -0.0000431250        0.0000136350       -0.0000380375
       -0.0005983750       -0.0005544013        0.0000919776
       -0.0000057363        0.0000925549        0.0000270012
        0.0001005200       -0.0000488363        0.0000313775
        0.0000355551        0.0000058212        0.0000423725
       -0.0142457075        0.0055358563       -0.0258166801
        0.0000098075        0.0000021437       -0.0000145637
        0.0065250649       -0.0022882237        0.0152214574
        0.0000156312        0.0000047400       -0.0000116563
       -0.0160412925        0.0477245950       -0.0330985088
        0.0000674037       -0.0000615975        0.0000969350
        0.0042515050        0.0024696962       -0.0054809539
       -0.0154223751       -0.0016225037       -0.0147869875
       -0.0016488588        0.0010536488        0.0008051374
       -0.1239777163        0.0305425562       -0.2689847739
        0.0004422199       -0.0000310312       -0.0005090639
       -0.0009361625       -0.0008280375        0.0004231462
        0.0000389774        0.0000666549       -0.0000690176
        0.0004083901       -0.0006668613        0.0003613474
        0.0002422225        0.0000848237       -0.0001775963
        0.0002609762       -0.0002443176        0.0002806174
       -0.0000107225       -0.0000372600        0.0000199937
        0.0004317937        0.0002753362        0.0006401625
        0.0000415186       -0.0000554351       -0.0000610051
        0.0001024474        0.0000522936       -0.0000082313
       -0.0000043612       -0.0000118001        0.0000360662
       -0.0042090188        0.0029209675       -0.0088463300
       -0.0000010463       -0.0000020250        0.0000354638
        0.0041933124       -0.0010238376        0.0061751087
       -0.0000150450       -0.0000241025        0.0000423724
        0.1360471250       -0.0330985088        0.2902945326
       -0.0001185138        0.0000969362       -0.0001886926
       -0.0015556274        0.0020491662       -0.0041561562
        0.0011056175        0.0006195675       -0.0005578350
        0.0095036525        0.0013857400       -0.0159172650
       -0.0002875900        0.0000107364       -0.0003458126
       -0.1144121799       -0.0161481112        0.1268778500
       -0.0000082650        0.0000480063        0.0000262538
        0.0001678125       -0.0002898037        0.0003911438
       -0.0000138912        0.0000162650        0.0000768750
        0.0005778126       -0.0007558912        0.0005857112
       -0.0000254249       -0.0000343575        0.0000085724
        0.0000875301       -0.0003070275       -0.0001106763
       -0.0000047925       -0.0000250562       -0.0000031049
        0.0000506562        0.0005190113       -0.0001916050
        0.0000102913       -0.0000115100       -0.0000159199
       -0.0000320287        0.0000395575        0.0001452813
       -0.0000165587        0.0000015150        0.0000157925
       -0.0039930512       -0.0019266125        0.0047586401
        0.0000083374       -0.0000272487       -0.0000017175
       -0.0114436175       -0.0012730199        0.0245812900
        0.0000832688        0.0000674037       -0.0001185138
        0.1201991275        0.0160210075       -0.1359298462
        0.0025955237       -0.0003943400        0.0041213225
       -0.0008599788       -0.0002117087        0.0001885162
       -0.0110287188       -0.0021183388        0.0110920512
        0.0002394749        0.0000155163        0.0002670900
       -0.0149055125       -0.0484297288        0.0285204112
        0.0000627650       -0.0001312975        0.0000618912
       -0.0004227563        0.0002914862       -0.0002113838
        0.0000996162       -0.0000302500       -0.0000036214
        0.0001155787        0.0003231587       -0.0004346438
        0.0000431212        0.0000136312       -0.0000380376
       -0.0000769425        0.0002584700       -0.0002261263
        0.0000057324        0.0000925512        0.0000270000
        0.0005984687       -0.0005543963        0.0000919774
       -0.0000355637        0.0000058225        0.0000423738
       -0.0001005575       -0.0000488350        0.0000313750
       -0.0000098125        0.0000021475       -0.0000145563
        0.0142442487        0.0055358550       -0.0258166862
       -0.0000156338        0.0000047437       -0.0000116501
       -0.0065247525       -0.0022882212        0.0152214524
       -0.0000674088       -0.0000615975        0.0000969362
        0.0160210075        0.0477245950       -0.0330985075
       -0.0042520625        0.0024697012       -0.0054809500
        0.0016488200        0.0010536551        0.0008051374
        0.0154194450       -0.0016224963       -0.0147869888
       -0.0004422213       -0.0000310300       -0.0005090575
        0.1240990050        0.0305425587       -0.2689847701
       -0.0000389562        0.0000666537       -0.0000690188
        0.0009362187       -0.0008280325        0.0004231500
       -0.0002422212        0.0000848250       -0.0001775963
       -0.0004084875       -0.0006668575        0.0003613537
        0.0000107200       -0.0000372638        0.0000199899
       -0.0002609750       -0.0002443126        0.0002806188
       -0.0000415162       -0.0000554325       -0.0000610050
       -0.0004317713        0.0002753387        0.0006401625
        0.0000043600       -0.0000117938        0.0000360650
       -0.0001024162        0.0000522950       -0.0000082325
        0.0000010512       -0.0000020212        0.0000354649
        0.0042094812        0.0029209675       -0.0088463324
        0.0000150424       -0.0000241037        0.0000423763
       -0.0041940137       -0.0010238350        0.0061751074
        0.0001185250        0.0000969350       -0.0001886926
       -0.1359298462       -0.0330985075        0.2902945300
