   12   36
        0.7973880351        0.1092073562       -0.0001113763
       -0.2573057125       -0.2535432713       -0.0000222113
       -0.2339976400        0.1450365000       -0.0000143163
        0.0149543875       -0.0276912676       -0.0000009351
       -0.0050429401        0.0360894475       -0.0000030062
       -0.3105403837       -0.0036911563       -0.0000717714
       -0.0023855662        0.0000935988       -0.0000000700
       -0.0005999875       -0.0016520175        0.0000001024
       -0.0017047250        0.0013415175       -0.0000002813
        0.0002202625       -0.0003664026       -0.0000000639
       -0.0009856713       -0.0045121401       -0.0000008037
        0.0000085737        0.0000012386        0.0000000649
        0.1092073562        0.9433700450       -0.0001508338
       -0.2439942600       -0.5296453713       -0.0000943012
        0.1166867788       -0.3477435062       -0.0000529813
        0.0154974463       -0.0173222313       -0.0000013538
        0.0166064212        0.0089108775       -0.0000002137
        0.0066971138       -0.0544104912        0.0000051200
        0.0000935776        0.0252582100       -0.0000003012
       -0.0146892775       -0.0141899912       -0.0000000188
        0.0166543062       -0.0101358587       -0.0000005275
        0.0018399900       -0.0006629462       -0.0000000813
       -0.0237648563       -0.0012552150       -0.0000006700
       -0.0005584725       -0.0021718387       -0.0000000625
       -0.0001113763       -0.0001508338        0.1780940300
       -0.0000241950       -0.0000942900       -0.0656798049
       -0.0000167937       -0.0000540738       -0.0432467350
       -0.0000011688       -0.0000010225       -0.0099982375
        0.0000001687       -0.0000020050        0.0008460800
       -0.0000569800        0.0000003487       -0.0601772476
       -0.0000001550       -0.0000003337        0.0002295475
       -0.0000000350       -0.0000001375       -0.0002678851
       -0.0000003025       -0.0000000938       -0.0001550200
       -0.0000000113        0.0000000175       -0.0000534251
       -0.0000006063       -0.0000001987        0.0003006900
       -0.0000000525       -0.0000000214        0.0001131100
       -0.2573057125       -0.2439942600       -0.0000241950
        0.2471111924        0.2864141013       -0.0000253849
        0.0441151001       -0.0032995361        0.0000010725
       -0.0001358649        0.0061556875       -0.0000001600
       -0.0057732412       -0.0053637149        0.0000003089
       -0.0180319699       -0.0436805337       -0.0000020599
       -0.0006000849       -0.0146893574       -0.0000001098
        0.0058698176        0.0080765427       -0.0000002350
       -0.0190044787        0.0020475713       -0.0000005224
       -0.0034597350        0.0016157163        0.0000000912
        0.0078299088        0.0054183987       -0.0000006499
       -0.0006113662        0.0015855125       -0.0000001137
       -0.2535432713       -0.5296453713       -0.0000942900
        0.2864141013        0.6326587675       -0.0001015937
       -0.0160872462       -0.0896708375       -0.0000054126
        0.0056628513       -0.0034637662       -0.0000003613
       -0.0106845800        0.0017321988       -0.0000006875
       -0.0207467649       -0.0108387800       -0.0000011088
       -0.0016520200       -0.0141900050       -0.0000000824
        0.0080765962        0.0069838875        0.0000000387
       -0.0108131263        0.0101535575       -0.0000002613
       -0.0003390838       -0.0000710838       -0.0000000976
        0.0138544113       -0.0049920462       -0.0000003575
        0.0001615788        0.0013414762       -0.0000000163
       -0.0000222113       -0.0000943012       -0.0656798049
       -0.0000253849       -0.0001015937        0.0283732149
       -0.0000012012       -0.0000030662        0.0177199500
       -0.0000000536       -0.0000003837        0.0096081175
       -0.0000004525       -0.0000000237       -0.0058141049
        0.0000006164       -0.0000018124        0.0182542576
        0.0000000814        0.0000000351       -0.0002678449
       -0.0000001650        0.0000000464        0.0010725024
       -0.0000003812        0.0000002625        0.0044873102
       -0.0000000549        0.0000000751        0.0001808550
        0.0000006838       -0.0000002824       -0.0072632199
        0.0000000264       -0.0000000687       -0.0006707999
       -0.2339976400        0.1166867788       -0.0000167937
        0.0441151001       -0.0160872462       -0.0000012012
        0.8531962224        0.0317216801       -0.0001604688
       -0.2090355512       -0.1905592850       -0.0000308125
       -0.4138749387        0.0233532663       -0.0001083312
       -0.0193367612        0.0375245638       -0.0000020476
       -0.0017048449        0.0166542888       -0.0000002674
       -0.0190043812       -0.0108131425       -0.0000004025
        0.0057315525       -0.0056054475       -0.0000002512
        0.0006125625       -0.0001279412       -0.0000000638
       -0.0056312237       -0.0005503562       -0.0000000649
       -0.0010649787       -0.0019878463       -0.0000000863
        0.1450365000       -0.3477435062       -0.0000540738
       -0.0032995361       -0.0896708375       -0.0000030662
        0.0317216801        0.8677025075       -0.0001407712
       -0.1991042249       -0.3537087638       -0.0000833751
        0.0169536425       -0.0810150012        0.0000069913
        0.0021588426       -0.0011880687       -0.0000002125
        0.0013414800       -0.0101358650       -0.0000000524
        0.0020476675        0.0101535838        0.0000002900
       -0.0056054262        0.0046242688        0.0000003388
       -0.0005759825        0.0002831626        0.0000000424
        0.0093610262       -0.0001689188       -0.0000000024
        0.0001896512        0.0008672250        0.0000001238
       -0.0000143163       -0.0000529813       -0.0432467350
        0.0000010725       -0.0000054126        0.0177199500
       -0.0001604688       -0.0001407712        0.0257560700
       -0.0000301763       -0.0000751950        0.0004035275
       -0.0000955825        0.0000046150       -0.0159703700
        0.0000002063       -0.0000008725        0.0117086975
       -0.0000003212       -0.0000004950       -0.0001550124
       -0.0000004550       -0.0000002737        0.0044873275
       -0.0000002662        0.0000003138        0.0009977050
       -0.0000000387        0.0000000125       -0.0000697226
        0.0000012875       -0.0000002625       -0.0008808975
       -0.0000000112       -0.0000000338       -0.0007460325
        0.0149543875        0.0154974463       -0.0000011688
       -0.0001358649        0.0056628513       -0.0000000536
       -0.2090355512       -0.1991042249       -0.0000301763
        0.1969326100        0.2053110363       -0.0000289788
        0.0012731638       -0.0278661312       -0.0000015287
       -0.0006778512       -0.0000796262       -0.0000000713
        0.0002202288        0.0018399738       -0.0000000099
       -0.0034596788       -0.0003391025       -0.0000000900
        0.0006125538       -0.0005759750        0.0000000125
        0.0000283313        0.0000167013       -0.0000000250
       -0.0005524750        0.0001776800       -0.0000000524
       -0.0001577975       -0.0002663101       -0.0000000887
       -0.0276912676       -0.0173222313       -0.0000010225
        0.0061556875       -0.0034637662       -0.0000003837
       -0.1905592850       -0.3537087638       -0.0000751950
        0.2053110363        0.3653603925       -0.0000755738
        0.0049985000        0.0086038375       -0.0000001162
        0.0006049825        0.0010131113       -0.0000000014
       -0.0003664499       -0.0006629899        0.0000000213
        0.0016157475       -0.0000710949        0.0000000463
       -0.0001279599        0.0002831325        0.0000000650
        0.0000166862       -0.0000318488       -0.0000000413
        0.0001647101       -0.0001206737       -0.0000000624
        0.0001665801        0.0001219537        0.0000000237
       -0.0000009351       -0.0000013538       -0.0099982375
       -0.0000001600       -0.0000003613        0.0096081175
       -0.0000308125       -0.0000833751        0.0004035275
       -0.0000289788       -0.0000755738        0.0063591901
        0.0000004925       -0.0000014975       -0.0043097850
        0.0000000550       -0.0000000112       -0.0020845701
       -0.0000001050       -0.0000000938       -0.0000533525
        0.0000001575       -0.0000000838        0.0001809174
       -0.0000000251        0.0000000500       -0.0000697250
        0.0000000037       -0.0000000225        0.0000599599
        0.0000001474       -0.0000000288       -0.0000856375
        0.0000000137        0.0000000024       -0.0000080151
       -0.0050429401        0.0166064212        0.0000001687
       -0.0057732412       -0.0106845800       -0.0000004525
       -0.4138749387        0.0169536425       -0.0000955825
        0.0012731638        0.0049985000        0.0000004925
        0.4126943550       -0.0298619037       -0.0000972862
        0.0019023101       -0.0004953312       -0.0000001300
       -0.0009856112       -0.0237648224       -0.0000005549
        0.0078300087        0.0138544438        0.0000007724
       -0.0056311524        0.0093610575        0.0000013763
       -0.0005524313        0.0001647762        0.0000001874
        0.0059053301       -0.0000864650        0.0000002151
        0.0022574913        0.0027785087        0.0000003512
        0.0360894475        0.0089108775       -0.0000020050
       -0.0053637149        0.0017321988       -0.0000000237
        0.0233532663       -0.0810150012        0.0000046150
       -0.0278661312        0.0086038375       -0.0000014975
       -0.0298619037        0.0746006749        0.0000069375
        0.0029737289       -0.0046261699       -0.0000001238
       -0.0045121062       -0.0012551799       -0.0000001462
        0.0054185288       -0.0049920262       -0.0000002963
       -0.0005503262       -0.0001689012       -0.0000002337
        0.0001777100       -0.0001206187        0.0000000075
       -0.0000864674       -0.0016722600       -0.0000001424
        0.0000420651        0.0000037912       -0.0000000587
       -0.0000030062       -0.0000002137        0.0008460800
        0.0000003089       -0.0000006875       -0.0058141049
       -0.0001083312        0.0000069913       -0.0159703700
       -0.0000015287       -0.0000001162       -0.0043097850
       -0.0000972862        0.0000069375        0.0232240399
       -0.0000001599       -0.0000000524        0.0077827575
       -0.0000007549       -0.0000005749        0.0003007575
       -0.0000005949       -0.0000003624       -0.0072631475
       -0.0000000149        0.0000000251       -0.0008808286
       -0.0000000824        0.0000000626       -0.0000856225
        0.0000001801       -0.0000001312        0.0008790300
       -0.0000000962       -0.0000000099        0.0012929375
       -0.3105403837        0.0066971138       -0.0000569800
       -0.0180319699       -0.0207467649        0.0000006164
       -0.0193367612        0.0021588426        0.0000002063
       -0.0006778512        0.0006049825        0.0000000550
        0.0019023101        0.0029737289       -0.0000001599
        0.3464513848        0.0081652389       -0.0000626412
        0.0000085364       -0.0005584887        0.0000000014
       -0.0006112624        0.0001615926        0.0000000325
       -0.0010649674        0.0001896226       -0.0000000124
       -0.0001578087        0.0001666063       -0.0000000013
        0.0022574238        0.0000420651       -0.0000001024
       -0.0001930837        0.0000246288        0.0000000689
       -0.0036911563       -0.0544104912        0.0000003487
       -0.0436805337       -0.0108387800       -0.0000018124
        0.0375245638       -0.0011880687       -0.0000008725
       -0.0000796262        0.0010131113       -0.0000000112
       -0.0004953312       -0.0046261699       -0.0000000524
        0.0081652389        0.0696304974        0.0000036750
        0.0000012064       -0.0021718050       -0.0000000011
        0.0015855763        0.0013414488       -0.0000000463
       -0.0019878387        0.0008672188       -0.0000000362
       -0.0002663037        0.0001219363       -0.0000000113
        0.0027784963        0.0000037637       -0.0000000287
        0.0000246038        0.0002559137        0.0000000000
       -0.0000717714        0.0000051200       -0.0601772476
       -0.0000020599       -0.0000011088        0.0182542576
       -0.0000020476       -0.0000002125        0.0117086975
       -0.0000000713       -0.0000000014       -0.0020845701
       -0.0000001300       -0.0000001238        0.0077827575
       -0.0000626412        0.0000036750        0.0243545401
        0.0000000438        0.0000000000        0.0001131775
        0.0000000225       -0.0000000225       -0.0006708026
       -0.0000000675        0.0000001100       -0.0007460550
        0.0000000237        0.0000000574       -0.0000080200
        0.0000002824       -0.0000001088        0.0012929050
        0.0000000475        0.0000000212        0.0001833600
       -0.0023855662        0.0000935776       -0.0000001550
       -0.0006000849       -0.0016520200        0.0000000814
       -0.0017048449        0.0013414800       -0.0000003212
        0.0002202288       -0.0003664499       -0.0000001050
       -0.0009856112       -0.0045121062       -0.0000007549
        0.0000085364        0.0000012064        0.0000000438
        0.7973880699        0.1092073589       -0.0001113387
       -0.2573056587       -0.2535432749       -0.0000221824
       -0.2339976275        0.1450364600       -0.0000143512
        0.0149543726       -0.0276913099       -0.0000009650
       -0.0050429562        0.0360894001       -0.0000030699
       -0.3105403950       -0.0036911400       -0.0000717437
        0.0000935988        0.0252582100       -0.0000003337
       -0.0146893574       -0.0141900050        0.0000000351
        0.0166542888       -0.0101358650       -0.0000004950
        0.0018399738       -0.0006629899       -0.0000000938
       -0.0237648224       -0.0012551799       -0.0000005749
       -0.0005584887       -0.0021718050        0.0000000000
        0.1092073589        0.9433700049       -0.0001508062
       -0.2439941800       -0.5296454224       -0.0000942813
        0.1166867725       -0.3477434762       -0.0000529400
        0.0154975238       -0.0173221612       -0.0000013625
        0.0166064276        0.0089109425       -0.0000002174
        0.0066971651       -0.0544104662        0.0000051337
       -0.0000000700       -0.0000003012        0.0002295475
       -0.0000001098       -0.0000000824       -0.0002678449
       -0.0000002674       -0.0000000524       -0.0001550124
       -0.0000000099        0.0000000213       -0.0000533525
       -0.0000005549       -0.0000001462        0.0003007575
        0.0000000014       -0.0000000011        0.0001131775
       -0.0001113387       -0.0001508062        0.1780939499
       -0.0000240849       -0.0000942237       -0.0656797100
       -0.0000167574       -0.0000540761       -0.0432466774
       -0.0000011125       -0.0000009650       -0.0099982125
        0.0000002275       -0.0000019863        0.0008460826
       -0.0000569474        0.0000003787       -0.0601771600
       -0.0005999875       -0.0146892775       -0.0000000350
        0.0058698176        0.0080765962       -0.0000001650
       -0.0190043812        0.0020476675       -0.0000004550
       -0.0034596788        0.0016157475        0.0000001575
        0.0078300087        0.0054185288       -0.0000005949
       -0.0006112624        0.0015855763        0.0000000225
       -0.2573056587       -0.2439941800       -0.0000240849
        0.2471110500        0.2864141926       -0.0000253413
        0.0441152137       -0.0032993974        0.0000011650
       -0.0001357750        0.0061558038       -0.0000000176
       -0.0057732000       -0.0053636587        0.0000003975
       -0.0180318963       -0.0436804076       -0.0000019812
       -0.0016520175       -0.0141899912       -0.0000001375
        0.0080765427        0.0069838875        0.0000000464
       -0.0108131425        0.0101535838       -0.0000002737
       -0.0003391025       -0.0000710949       -0.0000000838
        0.0138544438       -0.0049920262       -0.0000003624
        0.0001615926        0.0013414488       -0.0000000225
       -0.2535432749       -0.5296454224       -0.0000942237
        0.2864141926        0.6326587624       -0.0001015462
       -0.0160872524       -0.0896708424       -0.0000054062
        0.0056629150       -0.0034637225       -0.0000003400
       -0.0106846462        0.0017321663       -0.0000007186
       -0.0207467412       -0.0108387575       -0.0000011124
        0.0000001024       -0.0000000188       -0.0002678851
       -0.0000002350        0.0000000387        0.0010725024
       -0.0000004025        0.0000002900        0.0044873275
       -0.0000000900        0.0000000463        0.0001809174
        0.0000007724       -0.0000002963       -0.0072631475
        0.0000000325       -0.0000000463       -0.0006708026
       -0.0000221824       -0.0000942813       -0.0656797100
       -0.0000253413       -0.0001015462        0.0283732101
       -0.0000012025       -0.0000030713        0.0177199701
       -0.0000000363       -0.0000003588        0.0096080925
       -0.0000005500       -0.0000000263       -0.0058141700
        0.0000006187       -0.0000017863        0.0182542324
       -0.0017047250        0.0166543062       -0.0000003025
       -0.0190044787       -0.0108131263       -0.0000003812
        0.0057315525       -0.0056054262       -0.0000002662
        0.0006125538       -0.0001279599       -0.0000000251
       -0.0056311524       -0.0005503262       -0.0000000149
       -0.0010649674       -0.0019878387       -0.0000000675
       -0.2339976275        0.1166867725       -0.0000167574
        0.0441152137       -0.0160872524       -0.0000012025
        0.8531961925        0.0317216650       -0.0001604437
       -0.2090355213       -0.1905592350       -0.0000308076
       -0.4138750000        0.0233532638       -0.0001083412
       -0.0193367412        0.0375246024       -0.0000020088
        0.0013415175       -0.0101358587       -0.0000000938
        0.0020475713        0.0101535575        0.0000002625
       -0.0056054475        0.0046242688        0.0000003138
       -0.0005759750        0.0002831325        0.0000000500
        0.0093610575       -0.0001689012        0.0000000251
        0.0001896226        0.0008672188        0.0000001100
        0.1450364600       -0.3477434762       -0.0000540761
       -0.0032993974       -0.0896708424       -0.0000030713
        0.0317216650        0.8677025200       -0.0001407762
       -0.1991042362       -0.3537087962       -0.0000833862
        0.0169535787       -0.0810150012        0.0000069613
        0.0021588338       -0.0011880850       -0.0000002125
       -0.0000002813       -0.0000005275       -0.0001550200
       -0.0000005224       -0.0000002613        0.0044873102
       -0.0000002512        0.0000003388        0.0009977050
        0.0000000125        0.0000000650       -0.0000697250
        0.0000013763       -0.0000002337       -0.0008808286
       -0.0000000124       -0.0000000362       -0.0007460550
       -0.0000143512       -0.0000529400       -0.0432466774
        0.0000011650       -0.0000054062        0.0177199701
       -0.0001604437       -0.0001407762        0.0257560299
       -0.0000301975       -0.0000751113        0.0004035500
       -0.0000955725        0.0000046037       -0.0159703799
        0.0000002500       -0.0000008500        0.0117087775
        0.0002202625        0.0018399900       -0.0000000113
       -0.0034597350       -0.0003390838       -0.0000000549
        0.0006125625       -0.0005759825       -0.0000000387
        0.0000283313        0.0000166862        0.0000000037
       -0.0005524313        0.0001777100       -0.0000000824
       -0.0001578087       -0.0002663037        0.0000000237
        0.0149543726        0.0154975238       -0.0000011125
       -0.0001357750        0.0056629150       -0.0000000363
       -0.2090355213       -0.1991042362       -0.0000301975
        0.1969325750        0.2053110563       -0.0000291238
        0.0012731450       -0.0278661287       -0.0000016087
       -0.0006778600       -0.0000795951        0.0000000387
       -0.0003664026       -0.0006629462        0.0000000175
        0.0016157163       -0.0000710838        0.0000000751
       -0.0001279412        0.0002831626        0.0000000125
        0.0000167013       -0.0000318488       -0.0000000225
        0.0001647762       -0.0001206187        0.0000000626
        0.0001666063        0.0001219363        0.0000000574
       -0.0276913099       -0.0173221612       -0.0000009650
        0.0061558038       -0.0034637225       -0.0000003588
       -0.1905592350       -0.3537087962       -0.0000751113
        0.2053110563        0.3653603250       -0.0000755525
        0.0049984900        0.0086038950       -0.0000001162
        0.0006050513        0.0010131799        0.0000000463
       -0.0000000639       -0.0000000813       -0.0000534251
        0.0000000912       -0.0000000976        0.0001808550
       -0.0000000638        0.0000000424       -0.0000697226
       -0.0000000250       -0.0000000413        0.0000599599
        0.0000001874        0.0000000075       -0.0000856225
       -0.0000000013       -0.0000000113       -0.0000080200
       -0.0000009650       -0.0000013625       -0.0099982125
       -0.0000000176       -0.0000003400        0.0096080925
       -0.0000308076       -0.0000833862        0.0004035500
       -0.0000291238       -0.0000755525        0.0063592151
        0.0000004500       -0.0000015526       -0.0043098250
        0.0000000824       -0.0000000039       -0.0020844750
       -0.0009856713       -0.0237648563       -0.0000006063
        0.0078299088        0.0138544113        0.0000006838
       -0.0056312237        0.0093610262        0.0000012875
       -0.0005524750        0.0001647101        0.0000001474
        0.0059053301       -0.0000864674        0.0000001801
        0.0022574238        0.0027784963        0.0000002824
       -0.0050429562        0.0166064276        0.0000002275
       -0.0057732000       -0.0106846462       -0.0000005500
       -0.4138750000        0.0169535787       -0.0000955725
        0.0012731450        0.0049984900        0.0000004500
        0.4126944150       -0.0298619712       -0.0000972899
        0.0019022850       -0.0004953488       -0.0000001500
       -0.0045121401       -0.0012552150       -0.0000001987
        0.0054183987       -0.0049920462       -0.0000002824
       -0.0005503562       -0.0001689188       -0.0000002625
        0.0001776800       -0.0001206737       -0.0000000288
       -0.0000864650       -0.0016722600       -0.0000001312
        0.0000420651        0.0000037637       -0.0000001088
        0.0360894001        0.0089109425       -0.0000019863
       -0.0053636587        0.0017321663       -0.0000000263
        0.0233532638       -0.0810150012        0.0000046037
       -0.0278661287        0.0086038950       -0.0000015526
       -0.0298619712        0.0746007025        0.0000068962
        0.0029736975       -0.0046261925       -0.0000001213
       -0.0000008037       -0.0000006700        0.0003006900
       -0.0000006499       -0.0000003575       -0.0072632199
       -0.0000000649       -0.0000000024       -0.0008808975
       -0.0000000524       -0.0000000624       -0.0000856375
        0.0000002151       -0.0000001424        0.0008790300
       -0.0000001024       -0.0000000287        0.0012929050
       -0.0000030699       -0.0000002174        0.0008460826
        0.0000003975       -0.0000007186       -0.0058141700
       -0.0001083412        0.0000069613       -0.0159703799
       -0.0000016087       -0.0000001162       -0.0043098250
       -0.0000972899        0.0000068962        0.0232240899
       -0.0000001999       -0.0000000738        0.0077827325
        0.0000085737       -0.0005584725       -0.0000000525
       -0.0006113662        0.0001615788        0.0000000264
       -0.0010649787        0.0001896512       -0.0000000112
       -0.0001577975        0.0001665801        0.0000000137
        0.0022574913        0.0000420651       -0.0000000962
       -0.0001930837        0.0000246038        0.0000000475
       -0.3105403950        0.0066971651       -0.0000569474
       -0.0180318963       -0.0207467412        0.0000006187
       -0.0193367412        0.0021588338        0.0000002500
       -0.0006778600        0.0006050513        0.0000000824
        0.0019022850        0.0029736975       -0.0000001999
        0.3464513775        0.0081652625       -0.0000626112
        0.0000012386       -0.0021718387       -0.0000000214
        0.0015855125        0.0013414762       -0.0000000687
       -0.0019878463        0.0008672250       -0.0000000338
       -0.0002663101        0.0001219537        0.0000000024
        0.0027785087        0.0000037912       -0.0000000099
        0.0000246288        0.0002559137        0.0000000212
       -0.0036911400       -0.0544104662        0.0000003787
       -0.0436804076       -0.0108387575       -0.0000017863
        0.0375246024       -0.0011880850       -0.0000008500
       -0.0000795951        0.0010131799       -0.0000000039
       -0.0004953488       -0.0046261925       -0.0000000738
        0.0081652625        0.0696304676        0.0000037024
        0.0000000649       -0.0000000625        0.0001131100
       -0.0000001137       -0.0000000163       -0.0006707999
       -0.0000000863        0.0000001238       -0.0007460325
       -0.0000000887        0.0000000237       -0.0000080151
        0.0000003512       -0.0000000587        0.0012929375
        0.0000000689        0.0000000000        0.0001833600
       -0.0000717437        0.0000051337       -0.0601771600
       -0.0000019812       -0.0000011124        0.0182542324
       -0.0000020088       -0.0000002125        0.0117087775
        0.0000000387        0.0000000463       -0.0020844750
       -0.0000001500       -0.0000001213        0.0077827325
       -0.0000626112        0.0000037024        0.0243545250
