   12   36
        0.1363934160        0.0000000000        0.0000000000
       -0.0578220029        0.0000000000        0.0000000000
       -0.0016059971        0.0000000000        0.0000000000
       -0.0020878974        0.0000000000        0.0000000000
       -0.0016059971        0.0000000000        0.0000000000
       -0.0578220029        0.0000000000        0.0000000000
       -0.0385916970        0.0000000000        0.0000000000
       -0.0005586761        0.0000000000        0.0000000000
        0.0043407416        0.0000000000        0.0000000000
        0.0075096856        0.0000000000        0.0000000000
        0.0075096856        0.0000000000        0.0000000000
        0.0043407416        0.0000000000        0.0000000000
        0.0000000000        0.6924876699        0.0000000000
        0.0000000000       -0.2958273344       -0.0350296565
        0.0000000000        0.0453487803       -0.0852088159
        0.0000000000       -0.0938304703        0.0000000000
        0.0000000000        0.0453487803        0.0852088159
        0.0000000000       -0.2958273344        0.0350296565
        0.0000000000       -0.0727981525        0.0000000000
        0.0000000000        0.0052615759        0.0000000000
        0.0000000000       -0.0167985066       -0.0135876369
        0.0000000000        0.0017167491        0.0018940818
        0.0000000000        0.0017167491       -0.0018940818
        0.0000000000       -0.0167985066        0.0135876369
        0.0000000000        0.0000000000        0.6864626490
        0.0000000000       -0.1188802434       -0.1569959705
        0.0000000000       -0.0278061854       -0.0255391294
        0.0000000000        0.0000000000       -0.0039866385
        0.0000000000        0.0278061854       -0.0255391294
        0.0000000000        0.1188802434       -0.1569959705
        0.0000000000        0.0000000000       -0.3343667528
        0.0000000000        0.0000000000        0.0035780588
        0.0000000000        0.0195829034        0.0107963123
        0.0000000000        0.0012315727       -0.0041048707
        0.0000000000       -0.0012315727       -0.0041048707
        0.0000000000       -0.0195829034        0.0107963123
       -0.0578220029        0.0000000000        0.0000000000
        0.1166756041        0.0000000000        0.0000000000
       -0.0488395849        0.0000000000        0.0000000000
       -0.0016059971        0.0000000000        0.0000000000
        0.0023025216        0.0000000000        0.0000000000
        0.0038996078        0.0000000000        0.0000000000
        0.0054089573        0.0000000000        0.0000000000
        0.0071086341        0.0000000000        0.0000000000
       -0.0326786330        0.0000000000        0.0000000000
        0.0015990767        0.0000000000        0.0000000000
       -0.0012668585        0.0000000000        0.0000000000
        0.0052186746        0.0000000000        0.0000000000
        0.0000000000       -0.2958273344       -0.1188802434
        0.0000000000        0.7263301207       -0.0398854626
        0.0000000000       -0.1284706813        0.0331805009
        0.0000000000        0.0453487803        0.0278061854
        0.0000000000       -0.0212770810       -0.0327830894
        0.0000000000       -0.0530948425        0.0252895537
        0.0000000000        0.0057016817       -0.0005983641
        0.0000000000       -0.0085545905        0.0034783514
        0.0000000000       -0.2718998277        0.1271844165
        0.0000000000        0.0053703936       -0.0273945414
        0.0000000000        0.0002893418       -0.0006896800
        0.0000000000       -0.0039159607        0.0032923729
        0.0000000000       -0.0350296565       -0.1569959705
        0.0000000000       -0.0398854626        0.6969846904
        0.0000000000       -0.0331805009       -0.3431647461
        0.0000000000        0.0852088159       -0.0255391294
        0.0000000000       -0.0327830894       -0.0494570173
        0.0000000000       -0.0252895537        0.0633823351
        0.0000000000       -0.0454847800       -0.0412610380
        0.0000000000       -0.0046038905        0.0005324147
        0.0000000000        0.1255221845       -0.1331394314
        0.0000000000        0.0030115259       -0.0089623839
        0.0000000000       -0.0013114366       -0.0010297714
        0.0000000000        0.0038258438       -0.0013499522
       -0.0016059971        0.0000000000        0.0000000000
       -0.0488395849        0.0000000000        0.0000000000
        0.1166756041        0.0000000000        0.0000000000
       -0.0578220029        0.0000000000        0.0000000000
        0.0038996078        0.0000000000        0.0000000000
        0.0023025216        0.0000000000        0.0000000000
        0.0071086341        0.0000000000        0.0000000000
        0.0054089573        0.0000000000        0.0000000000
        0.0015990767        0.0000000000        0.0000000000
       -0.0326786330        0.0000000000        0.0000000000
        0.0052186746        0.0000000000        0.0000000000
       -0.0012668585        0.0000000000        0.0000000000
        0.0000000000        0.0453487803       -0.0278061854
        0.0000000000       -0.1284706813       -0.0331805009
        0.0000000000        0.7263301207        0.0398854626
        0.0000000000       -0.2958273344        0.1188802434
        0.0000000000       -0.0530948425       -0.0252895537
        0.0000000000       -0.0212770810        0.0327830894
        0.0000000000       -0.0085545905       -0.0034783514
        0.0000000000        0.0057016817        0.0005983641
        0.0000000000        0.0053703936        0.0273945414
        0.0000000000       -0.2718998277       -0.1271844165
        0.0000000000       -0.0039159607       -0.0032923729
        0.0000000000        0.0002893418        0.0006896800
        0.0000000000       -0.0852088159       -0.0255391294
        0.0000000000        0.0331805009       -0.3431647461
        0.0000000000        0.0398854626        0.6969846904
        0.0000000000        0.0350296565       -0.1569959705
        0.0000000000        0.0252895537        0.0633823351
        0.0000000000        0.0327830894       -0.0494570173
        0.0000000000        0.0046038905        0.0005324147
        0.0000000000        0.0454847800       -0.0412610380
        0.0000000000       -0.0030115259       -0.0089623839
        0.0000000000       -0.1255221845       -0.1331394314
        0.0000000000       -0.0038258438       -0.0013499522
        0.0000000000        0.0013114366       -0.0010297714
       -0.0020878974        0.0000000000        0.0000000000
       -0.0016059971        0.0000000000        0.0000000000
       -0.0578220029        0.0000000000        0.0000000000
        0.1363934160        0.0000000000        0.0000000000
       -0.0578220029        0.0000000000        0.0000000000
       -0.0016059971        0.0000000000        0.0000000000
       -0.0005586761        0.0000000000        0.0000000000
       -0.0385916970        0.0000000000        0.0000000000
        0.0075096856        0.0000000000        0.0000000000
        0.0043407416        0.0000000000        0.0000000000
        0.0043407416        0.0000000000        0.0000000000
        0.0075096856        0.0000000000        0.0000000000
        0.0000000000       -0.0938304703        0.0000000000
        0.0000000000        0.0453487803        0.0852088159
        0.0000000000       -0.2958273344        0.0350296565
        0.0000000000        0.6924876699        0.0000000000
        0.0000000000       -0.2958273344       -0.0350296565
        0.0000000000        0.0453487803       -0.0852088159
        0.0000000000        0.0052615759        0.0000000000
        0.0000000000       -0.0727981525        0.0000000000
        0.0000000000        0.0017167491       -0.0018940818
        0.0000000000       -0.0167985066        0.0135876369
        0.0000000000       -0.0167985066       -0.0135876369
        0.0000000000        0.0017167491        0.0018940818
        0.0000000000        0.0000000000       -0.0039866385
        0.0000000000        0.0278061854       -0.0255391294
        0.0000000000        0.1188802434       -0.1569959705
        0.0000000000        0.0000000000        0.6864626490
        0.0000000000       -0.1188802434       -0.1569959705
        0.0000000000       -0.0278061854       -0.0255391294
        0.0000000000        0.0000000000        0.0035780588
        0.0000000000        0.0000000000       -0.3343667528
        0.0000000000       -0.0012315727       -0.0041048707
        0.0000000000       -0.0195829034        0.0107963123
        0.0000000000        0.0195829034        0.0107963123
        0.0000000000        0.0012315727       -0.0041048707
       -0.0016059971        0.0000000000        0.0000000000
        0.0023025216        0.0000000000        0.0000000000
        0.0038996078        0.0000000000        0.0000000000
       -0.0578220029        0.0000000000        0.0000000000
        0.1166756041        0.0000000000        0.0000000000
       -0.0488395849        0.0000000000        0.0000000000
        0.0071086341        0.0000000000        0.0000000000
        0.0054089573        0.0000000000        0.0000000000
       -0.0012668585        0.0000000000        0.0000000000
        0.0052186746        0.0000000000        0.0000000000
       -0.0326786330        0.0000000000        0.0000000000
        0.0015990767        0.0000000000        0.0000000000
        0.0000000000        0.0453487803        0.0278061854
        0.0000000000       -0.0212770810       -0.0327830894
        0.0000000000       -0.0530948425        0.0252895537
        0.0000000000       -0.2958273344       -0.1188802434
        0.0000000000        0.7263301207       -0.0398854626
        0.0000000000       -0.1284706813        0.0331805009
        0.0000000000       -0.0085545905        0.0034783514
        0.0000000000        0.0057016817       -0.0005983641
        0.0000000000        0.0002893418       -0.0006896800
        0.0000000000       -0.0039159607        0.0032923729
        0.0000000000       -0.2718998277        0.1271844165
        0.0000000000        0.0053703936       -0.0273945414
        0.0000000000        0.0852088159       -0.0255391294
        0.0000000000       -0.0327830894       -0.0494570173
        0.0000000000       -0.0252895537        0.0633823351
        0.0000000000       -0.0350296565       -0.1569959705
        0.0000000000       -0.0398854626        0.6969846904
        0.0000000000       -0.0331805009       -0.3431647461
        0.0000000000       -0.0046038905        0.0005324147
        0.0000000000       -0.0454847800       -0.0412610380
        0.0000000000       -0.0013114366       -0.0010297714
        0.0000000000        0.0038258438       -0.0013499522
        0.0000000000        0.1255221845       -0.1331394314
        0.0000000000        0.0030115259       -0.0089623839
       -0.0578220029        0.0000000000        0.0000000000
        0.0038996078        0.0000000000        0.0000000000
        0.0023025216        0.0000000000        0.0000000000
       -0.0016059971        0.0000000000        0.0000000000
       -0.0488395849        0.0000000000        0.0000000000
        0.1166756041        0.0000000000        0.0000000000
        0.0054089573        0.0000000000        0.0000000000
        0.0071086341        0.0000000000        0.0000000000
        0.0052186746        0.0000000000        0.0000000000
       -0.0012668585        0.0000000000        0.0000000000
        0.0015990767        0.0000000000        0.0000000000
       -0.0326786330        0.0000000000        0.0000000000
        0.0000000000       -0.2958273344        0.1188802434
        0.0000000000       -0.0530948425       -0.0252895537
        0.0000000000       -0.0212770810        0.0327830894
        0.0000000000        0.0453487803       -0.0278061854
        0.0000000000       -0.1284706813       -0.0331805009
        0.0000000000        0.7263301207        0.0398854626
        0.0000000000        0.0057016817        0.0005983641
        0.0000000000       -0.0085545905       -0.0034783514
        0.0000000000       -0.0039159607       -0.0032923729
        0.0000000000        0.0002893418        0.0006896800
        0.0000000000        0.0053703936        0.0273945414
        0.0000000000       -0.2718998277       -0.1271844165
        0.0000000000        0.0350296565       -0.1569959705
        0.0000000000        0.0252895537        0.0633823351
        0.0000000000        0.0327830894       -0.0494570173
        0.0000000000       -0.0852088159       -0.0255391294
        0.0000000000        0.0331805009       -0.3431647461
        0.0000000000        0.0398854626        0.6969846904
        0.0000000000        0.0454847800       -0.0412610380
        0.0000000000        0.0046038905        0.0005324147
        0.0000000000       -0.0038258438       -0.0013499522
        0.0000000000        0.0013114366       -0.0010297714
        0.0000000000       -0.0030115259       -0.0089623839
        0.0000000000       -0.1255221845       -0.1331394314
       -0.0385916970        0.0000000000        0.0000000000
        0.0054089573        0.0000000000        0.0000000000
        0.0071086341        0.0000000000        0.0000000000
       -0.0005586761        0.0000000000        0.0000000000
        0.0071086341        0.0000000000        0.0000000000
        0.0054089573        0.0000000000        0.0000000000
        0.0230962443        0.0000000000        0.0000000000
       -0.0009470509        0.0000000000        0.0000000000
       -0.0041519784        0.0000000000        0.0000000000
        0.0001349768        0.0000000000        0.0000000000
        0.0001349768        0.0000000000        0.0000000000
       -0.0041519784        0.0000000000        0.0000000000
        0.0000000000       -0.0727981525        0.0000000000
        0.0000000000        0.0057016817       -0.0454847800
        0.0000000000       -0.0085545905        0.0046038905
        0.0000000000        0.0052615759        0.0000000000
        0.0000000000       -0.0085545905       -0.0046038905
        0.0000000000        0.0057016817        0.0454847800
        0.0000000000        0.0673198457        0.0000000000
        0.0000000000        0.0002755851        0.0000000000
        0.0000000000        0.0025800120        0.0012675980
        0.0000000000        0.0002434697       -0.0016098128
        0.0000000000        0.0002434697        0.0016098128
        0.0000000000        0.0025800120       -0.0012675980
        0.0000000000        0.0000000000       -0.3343667528
        0.0000000000       -0.0005983641       -0.0412610380
        0.0000000000       -0.0034783514        0.0005324147
        0.0000000000        0.0000000000        0.0035780588
        0.0000000000        0.0034783514        0.0005324147
        0.0000000000        0.0005983641       -0.0412610380
        0.0000000000        0.0000000000        0.4187082752
        0.0000000000        0.0000000000       -0.0064561992
        0.0000000000        0.0001265139        0.0016614057
        0.0000000000        0.0002767119       -0.0016644734
        0.0000000000       -0.0002767119       -0.0016644734
        0.0000000000       -0.0001265139        0.0016614057
       -0.0005586761        0.0000000000        0.0000000000
        0.0071086341        0.0000000000        0.0000000000
        0.0054089573        0.0000000000        0.0000000000
       -0.0385916970        0.0000000000        0.0000000000
        0.0054089573        0.0000000000        0.0000000000
        0.0071086341        0.0000000000        0.0000000000
       -0.0009470509        0.0000000000        0.0000000000
        0.0230962443        0.0000000000        0.0000000000
        0.0001349768        0.0000000000        0.0000000000
       -0.0041519784        0.0000000000        0.0000000000
       -0.0041519784        0.0000000000        0.0000000000
        0.0001349768        0.0000000000        0.0000000000
        0.0000000000        0.0052615759        0.0000000000
        0.0000000000       -0.0085545905       -0.0046038905
        0.0000000000        0.0057016817        0.0454847800
        0.0000000000       -0.0727981525        0.0000000000
        0.0000000000        0.0057016817       -0.0454847800
        0.0000000000       -0.0085545905        0.0046038905
        0.0000000000        0.0002755851        0.0000000000
        0.0000000000        0.0673198457        0.0000000000
        0.0000000000        0.0002434697        0.0016098128
        0.0000000000        0.0025800120       -0.0012675980
        0.0000000000        0.0025800120        0.0012675980
        0.0000000000        0.0002434697       -0.0016098128
        0.0000000000        0.0000000000        0.0035780588
        0.0000000000        0.0034783514        0.0005324147
        0.0000000000        0.0005983641       -0.0412610380
        0.0000000000        0.0000000000       -0.3343667528
        0.0000000000       -0.0005983641       -0.0412610380
        0.0000000000       -0.0034783514        0.0005324147
        0.0000000000        0.0000000000       -0.0064561992
        0.0000000000        0.0000000000        0.4187082752
        0.0000000000       -0.0002767119       -0.0016644734
        0.0000000000       -0.0001265139        0.0016614057
        0.0000000000        0.0001265139        0.0016614057
        0.0000000000        0.0002767119       -0.0016644734
        0.0043407416        0.0000000000        0.0000000000
       -0.0326786330        0.0000000000        0.0000000000
        0.0015990767        0.0000000000        0.0000000000
        0.0075096856        0.0000000000        0.0000000000
       -0.0012668585        0.0000000000        0.0000000000
        0.0052186746        0.0000000000        0.0000000000
       -0.0041519784        0.0000000000        0.0000000000
        0.0001349768        0.0000000000        0.0000000000
        0.0236774671        0.0000000000        0.0000000000
       -0.0040747719        0.0000000000        0.0000000000
       -0.0003207849        0.0000000000        0.0000000000
        0.0000124044        0.0000000000        0.0000000000
        0.0000000000       -0.0167985066        0.0195829034
        0.0000000000       -0.2718998277        0.1255221845
        0.0000000000        0.0053703936       -0.0030115259
        0.0000000000        0.0017167491       -0.0012315727
        0.0000000000        0.0002893418       -0.0013114366
        0.0000000000       -0.0039159607       -0.0038258438
        0.0000000000        0.0025800120        0.0001265139
        0.0000000000        0.0002434697       -0.0002767119
        0.0000000000        0.2826882001       -0.1368629264
        0.0000000000        0.0006805473        0.0004085281
        0.0000000000       -0.0000089669        0.0000793723
        0.0000000000       -0.0009454516        0.0008005151
        0.0000000000       -0.0135876369        0.0107963123
        0.0000000000        0.1271844165       -0.1331394314
        0.0000000000        0.0273945414       -0.0089623839
        0.0000000000       -0.0018940818       -0.0041048707
        0.0000000000       -0.0006896800       -0.0010297714
        0.0000000000       -0.0032923729       -0.0013499522
        0.0000000000        0.0012675980        0.0016614057
        0.0000000000        0.0016098128       -0.0016644734
        0.0000000000       -0.1368629264        0.1359378592
        0.0000000000       -0.0004085281        0.0012089669
        0.0000000000        0.0000793723        0.0000635439
        0.0000000000       -0.0008005151        0.0005827951
        0.0075096856        0.0000000000        0.0000000000
        0.0015990767        0.0000000000        0.0000000000
       -0.0326786330        0.0000000000        0.0000000000
        0.0043407416        0.0000000000        0.0000000000
        0.0052186746        0.0000000000        0.0000000000
       -0.0012668585        0.0000000000        0.0000000000
        0.0001349768        0.0000000000        0.0000000000
       -0.0041519784        0.0000000000        0.0000000000
       -0.0040747719        0.0000000000        0.0000000000
        0.0236774671        0.0000000000        0.0000000000
        0.0000124044        0.0000000000        0.0000000000
       -0.0003207849        0.0000000000        0.0000000000
        0.0000000000        0.0017167491        0.0012315727
        0.0000000000        0.0053703936        0.0030115259
        0.0000000000       -0.2718998277       -0.1255221845
        0.0000000000       -0.0167985066       -0.0195829034
        0.0000000000       -0.0039159607        0.0038258438
        0.0000000000        0.0002893418        0.0013114366
        0.0000000000        0.0002434697        0.0002767119
        0.0000000000        0.0025800120       -0.0001265139
        0.0000000000        0.0006805473       -0.0004085281
        0.0000000000        0.2826882001        0.1368629264
        0.0000000000       -0.0009454516       -0.0008005151
        0.0000000000       -0.0000089669       -0.0000793723
        0.0000000000        0.0018940818       -0.0041048707
        0.0000000000       -0.0273945414       -0.0089623839
        0.0000000000       -0.1271844165       -0.1331394314
        0.0000000000        0.0135876369        0.0107963123
        0.0000000000        0.0032923729       -0.0013499522
        0.0000000000        0.0006896800       -0.0010297714
        0.0000000000       -0.0016098128       -0.0016644734
        0.0000000000       -0.0012675980        0.0016614057
        0.0000000000        0.0004085281        0.0012089669
        0.0000000000        0.1368629264        0.1359378592
        0.0000000000        0.0008005151        0.0005827951
        0.0000000000       -0.0000793723        0.0000635439
        0.0075096856        0.0000000000        0.0000000000
       -0.0012668585        0.0000000000        0.0000000000
        0.0052186746        0.0000000000        0.0000000000
        0.0043407416        0.0000000000        0.0000000000
       -0.0326786330        0.0000000000        0.0000000000
        0.0015990767        0.0000000000        0.0000000000
        0.0001349768        0.0000000000        0.0000000000
       -0.0041519784        0.0000000000        0.0000000000
       -0.0003207849        0.0000000000        0.0000000000
        0.0000124044        0.0000000000        0.0000000000
        0.0236774671        0.0000000000        0.0000000000
       -0.0040747719        0.0000000000        0.0000000000
        0.0000000000        0.0017167491       -0.0012315727
        0.0000000000        0.0002893418       -0.0013114366
        0.0000000000       -0.0039159607       -0.0038258438
        0.0000000000       -0.0167985066        0.0195829034
        0.0000000000       -0.2718998277        0.1255221845
        0.0000000000        0.0053703936       -0.0030115259
        0.0000000000        0.0002434697       -0.0002767119
        0.0000000000        0.0025800120        0.0001265139
        0.0000000000       -0.0000089669        0.0000793723
        0.0000000000       -0.0009454516        0.0008005151
        0.0000000000        0.2826882001       -0.1368629264
        0.0000000000        0.0006805473        0.0004085281
        0.0000000000       -0.0018940818       -0.0041048707
        0.0000000000       -0.0006896800       -0.0010297714
        0.0000000000       -0.0032923729       -0.0013499522
        0.0000000000       -0.0135876369        0.0107963123
        0.0000000000        0.1271844165       -0.1331394314
        0.0000000000        0.0273945414       -0.0089623839
        0.0000000000        0.0016098128       -0.0016644734
        0.0000000000        0.0012675980        0.0016614057
        0.0000000000        0.0000793723        0.0000635439
        0.0000000000       -0.0008005151        0.0005827951
        0.0000000000       -0.1368629264        0.1359378592
        0.0000000000       -0.0004085281        0.0012089669
        0.0043407416        0.0000000000        0.0000000000
        0.0052186746        0.0000000000        0.0000000000
       -0.0012668585        0.0000000000        0.0000000000
        0.0075096856        0.0000000000        0.0000000000
        0.0015990767        0.0000000000        0.0000000000
       -0.0326786330        0.0000000000        0.0000000000
       -0.0041519784        0.0000000000        0.0000000000
        0.0001349768        0.0000000000        0.0000000000
        0.0000124044        0.0000000000        0.0000000000
       -0.0003207849        0.0000000000        0.0000000000
       -0.0040747719        0.0000000000        0.0000000000
        0.0236774671        0.0000000000        0.0000000000
        0.0000000000       -0.0167985066       -0.0195829034
        0.0000000000       -0.0039159607        0.0038258438
        0.0000000000        0.0002893418        0.0013114366
        0.0000000000        0.0017167491        0.0012315727
        0.0000000000        0.0053703936        0.0030115259
        0.0000000000       -0.2718998277       -0.1255221845
        0.0000000000        0.0025800120       -0.0001265139
        0.0000000000        0.0002434697        0.0002767119
        0.0000000000       -0.0009454516       -0.0008005151
        0.0000000000       -0.0000089669       -0.0000793723
        0.0000000000        0.0006805473       -0.0004085281
        0.0000000000        0.2826882001        0.1368629264
        0.0000000000        0.0135876369        0.0107963123
        0.0000000000        0.0032923729       -0.0013499522
        0.0000000000        0.0006896800       -0.0010297714
        0.0000000000        0.0018940818       -0.0041048707
        0.0000000000       -0.0273945414       -0.0089623839
        0.0000000000       -0.1271844165       -0.1331394314
        0.0000000000       -0.0012675980        0.0016614057
        0.0000000000       -0.0016098128       -0.0016644734
        0.0000000000        0.0008005151        0.0005827951
        0.0000000000       -0.0000793723        0.0000635439
        0.0000000000        0.0004085281        0.0012089669
        0.0000000000        0.1368629264        0.1359378592
