   11   33
        0.9853783392        0.1160983335        0.0000000000
       -0.7015856781       -0.0871875230        0.0000000032
       -0.1767341368        0.0386427745       -0.0000000026
       -0.1174103312       -0.0548146183        0.0000000000
        0.0346883439        0.0186692054       -0.0000000032
        0.0127309704        0.0292249026        0.0000000032
       -0.0134906362       -0.0172912217       -0.0005696507
       -0.0134906329       -0.0172912188        0.0005696503
       -0.0052787870       -0.0092719369        0.0000000004
       -0.0024027486       -0.0083931484       -0.0039485248
       -0.0024027515       -0.0083931514        0.0039485283
        0.1160983335        0.6822891741        0.0000000000
       -0.1094924609       -0.1679106777        0.0000000001
        0.0380548657       -0.2309174064       -0.0000000001
       -0.0567329282       -0.2080685438        0.0000000000
        0.0196627710       -0.0700614001       -0.0000000001
       -0.0145489016       -0.0214845474        0.0000000001
        0.0022411045        0.0045644935       -0.0015452383
        0.0022411046        0.0045644935        0.0015452384
       -0.0035315020       -0.0019992558       -0.0000000001
        0.0030061940        0.0045044861        0.0012829827
        0.0030061940        0.0045044858       -0.0012829834
        0.0000000000        0.0000000000        0.3084401082
        0.0000000000        0.0000000000       -0.1134286578
        0.0000000000        0.0000000000       -0.0891784787
        0.0000000000        0.0000000000       -0.1098826041
        0.0000000000        0.0000000000        0.0028334525
        0.0000000000        0.0000000000       -0.0022861429
        0.0167762138        0.0332879798        0.0013766582
       -0.0167762140       -0.0332879798        0.0013766581
        0.0000000000        0.0000000000        0.0001237971
        0.0001709452       -0.0019529682        0.0003072419
       -0.0001709454        0.0019529679        0.0003072420
       -0.7015856781       -0.1094924609        0.0000000000
        0.8352135982        0.0707558359       -0.0000000018
       -0.0926340991        0.0663028176        0.0000000015
       -0.0342298760       -0.0051661650        0.0000000000
       -0.0100792508       -0.0218521967        0.0000000018
        0.0015419955       -0.0011757002       -0.0000000018
       -0.0016256469       -0.0042285230       -0.0012010779
       -0.0016256487       -0.0042285246        0.0012010782
        0.0019330084        0.0016009923       -0.0000000002
        0.0015468423        0.0037421256        0.0019180704
        0.0015468439        0.0037421274       -0.0019180723
       -0.0871875230       -0.1679106777        0.0000000000
        0.0707558359        0.1504670101       -0.0000000007
        0.0569313249        0.0130711173        0.0000000006
       -0.0389576007        0.0058939165        0.0000000000
        0.0026895827        0.0015141757        0.0000000006
        0.0008408978        0.0048979037       -0.0000000006
       -0.0045107441       -0.0044133257       -0.0001728403
       -0.0045107448       -0.0044133262        0.0001728403
        0.0027316259        0.0014827950       -0.0000000000
        0.0006091640       -0.0002930256        0.0019351240
        0.0006091645       -0.0002930249       -0.0019351245
        0.0000000032        0.0000000001       -0.1134286578
       -0.0000000018       -0.0000000007        0.0579504170
       -0.0000000013        0.0000000012        0.0315456505
       -0.0000000000        0.0000000000        0.0306092110
       -0.0000000001       -0.0000000003       -0.0068677949
        0.0000000000       -0.0000000002       -0.0006546197
       -0.0028022535       -0.0046880372       -0.0008439309
        0.0028022536        0.0046880372       -0.0008439311
        0.0000000001        0.0000000000        0.0009545611
        0.0005894644        0.0000279194        0.0007916555
       -0.0005894643       -0.0000279193        0.0007916554
       -0.1767341368        0.0380548657        0.0000000000
       -0.0926340991        0.0569313249       -0.0000000013
        0.4014253921       -0.0194815086        0.0000000010
        0.0136219979       -0.0119131874        0.0000000000
       -0.1437202773       -0.0358921348        0.0000000013
       -0.0009570164       -0.0043756049       -0.0000000013
        0.0010343224        0.0015102138       -0.0006730166
        0.0010343211        0.0015102126        0.0006730167
        0.0174866556        0.0258824209       -0.0000000001
       -0.0102830409       -0.0261121144        0.0022622823
       -0.0102830398       -0.0261121133       -0.0022622838
        0.0386427745       -0.2309174064        0.0000000000
        0.0663028176        0.0130711173        0.0000000012
       -0.0194815086        0.5319687801       -0.0000000009
        0.0306033894       -0.0465478621        0.0000000000
       -0.0661630283       -0.1728551741       -0.0000000012
       -0.0051756925       -0.0092202225        0.0000000012
        0.0012248786       -0.0006621204        0.0001625382
        0.0012248798       -0.0006621195       -0.0001625383
       -0.0210860328       -0.0402452095        0.0000000001
       -0.0130495515       -0.0219632939       -0.0044722588
       -0.0130495524       -0.0219632951        0.0044722600
       -0.0000000026       -0.0000000001       -0.0891784787
        0.0000000015        0.0000000006        0.0315456505
        0.0000000010       -0.0000000009        0.1040548151
        0.0000000000       -0.0000000001        0.0145185335
        0.0000000000        0.0000000001       -0.0813954473
       -0.0000000001        0.0000000002        0.0015522058
       -0.0014096915       -0.0027618003        0.0006034069
        0.0014096922        0.0027618001        0.0006034073
       -0.0000000001        0.0000000000        0.0011817849
       -0.0114568527       -0.0312938111        0.0082586920
        0.0114568534        0.0312938120        0.0082586919
       -0.1174103312       -0.0567329282        0.0000000000
       -0.0342298760       -0.0389576007       -0.0000000000
        0.0136219979        0.0306033894        0.0000000000
        0.6146199187       -0.0556242947        0.0000000000
       -0.0042848136        0.0020551467        0.0000000000
       -0.1816520901        0.1304912444        0.0000000000
       -0.1459089122       -0.0069717930        0.1289591683
       -0.1459089122       -0.0069717930       -0.1289591683
        0.0007683017        0.0015427745        0.0000000000
        0.0001895229        0.0002825820        0.0002809260
        0.0001895229        0.0002825820       -0.0002809260
       -0.0548146183       -0.2080685438        0.0000000000
       -0.0051661650        0.0058939165        0.0000000000
       -0.0119131874       -0.0465478621       -0.0000000001
       -0.0556242947        0.5857809695        0.0000000000
        0.0048773069        0.0020227708       -0.0000000000
        0.1412682065       -0.2135041669        0.0000000000
       -0.0088194992       -0.0618547642        0.0133040111
       -0.0088194992       -0.0618547641       -0.0133040111
       -0.0005952925       -0.0012173149        0.0000000000
       -0.0001974317       -0.0003254035       -0.0002374798
       -0.0001974319       -0.0003254035        0.0002374799
        0.0000000000        0.0000000000       -0.1098826041
        0.0000000000        0.0000000000        0.0306092110
        0.0000000000        0.0000000000        0.0145185335
        0.0000000000        0.0000000000        0.5776331556
        0.0000000000        0.0000000000        0.0047557165
        0.0000000000        0.0000000000       -0.0597981582
        0.1303436878        0.0128711474       -0.2286037435
       -0.1303436885       -0.0128711471       -0.2286037437
        0.0000000000        0.0000000000        0.0001303258
       -0.0001394096        0.0008745816       -0.0003795445
        0.0001394088       -0.0008745826       -0.0003795444
        0.0346883439        0.0196627710        0.0000000000
       -0.0100792508        0.0026895827       -0.0000000001
       -0.1437202773       -0.0661630283        0.0000000000
       -0.0042848136        0.0048773069        0.0000000000
        0.6349453351       -0.0828121124        0.0000000001
        0.0008369990        0.0018040356       -0.0000000001
        0.0000004297       -0.0001597890       -0.0000763528
        0.0000004296       -0.0001597890        0.0000763528
       -0.2238096234        0.1278062755        0.0000000000
       -0.1442871579       -0.0037730656       -0.1217597305
       -0.1442871579       -0.0037730655        0.1217597307
        0.0186692054       -0.0700614001        0.0000000000
       -0.0218521967        0.0015141757       -0.0000000003
       -0.0358921348       -0.1728551741        0.0000000001
        0.0020551467        0.0020227708        0.0000000000
       -0.0828121124        0.5279281263        0.0000000003
       -0.0005795477        0.0007065673       -0.0000000003
       -0.0003373803        0.0000094768        0.0003723581
       -0.0003373806        0.0000094769       -0.0003723581
        0.1433120649       -0.1660583623        0.0000000000
       -0.0111119184       -0.0616097221       -0.0182011730
       -0.0111119184       -0.0616097216        0.0182011734
       -0.0000000032       -0.0000000001        0.0028334525
        0.0000000018        0.0000000006       -0.0068677949
        0.0000000013       -0.0000000012       -0.0813954473
        0.0000000000       -0.0000000000        0.0047557165
        0.0000000001        0.0000000003        0.6374712265
       -0.0000000000        0.0000000002        0.0007053083
       -0.0005921688       -0.0006543344        0.0001341433
        0.0005921690        0.0006543343        0.0001341435
       -0.0000000001        0.0000000000       -0.0661278785
       -0.1209474336       -0.0083436521       -0.2458241019
        0.1209474338        0.0083436524       -0.2458241020
        0.0127309704       -0.0145489016        0.0000000000
        0.0015419955        0.0008408978        0.0000000000
       -0.0009570164       -0.0051756925       -0.0000000001
       -0.1816520901        0.1412682065        0.0000000000
        0.0008369990       -0.0005795477       -0.0000000000
        0.1908708955       -0.1492224325        0.0000000000
       -0.0116285858        0.0138524424       -0.0017896777
       -0.0116285857        0.0138524425        0.0017896777
       -0.0001190763       -0.0003302206        0.0000000000
        0.0000030175        0.0000235388       -0.0000313345
        0.0000030175        0.0000235387        0.0000313345
        0.0292249026       -0.0214845474        0.0000000000
       -0.0011757002        0.0048979037       -0.0000000002
       -0.0043756049       -0.0092202225        0.0000000002
        0.1304912444       -0.2135041669        0.0000000000
        0.0018040356        0.0007065673        0.0000000002
       -0.1492224325        0.2316773810       -0.0000000002
       -0.0031286163        0.0039870672       -0.0014043594
       -0.0031286166        0.0039870670        0.0014043594
       -0.0002587940       -0.0005642620       -0.0000000000
       -0.0001142190       -0.0002394492       -0.0000981769
       -0.0001142188       -0.0002394490        0.0000981767
        0.0000000032        0.0000000001       -0.0022861429
       -0.0000000018       -0.0000000006       -0.0006546197
       -0.0000000013        0.0000000012        0.0015522058
        0.0000000000        0.0000000000       -0.0597981582
       -0.0000000001       -0.0000000003        0.0007053083
        0.0000000000       -0.0000000002        0.0556115659
        0.0178646055       -0.0235853186        0.0024439500
       -0.0178646055        0.0235853187        0.0024439499
        0.0000000001        0.0000000000       -0.0000011938
        0.0000645339        0.0001148657       -0.0000082399
       -0.0000645340       -0.0001148658       -0.0000082399
       -0.0134906362        0.0022411045        0.0167762138
       -0.0016256469       -0.0045107441       -0.0028022535
        0.0010343224        0.0012248786       -0.0014096915
       -0.1459089122       -0.0088194992        0.1303436878
        0.0000004297       -0.0003373803       -0.0005921688
       -0.0116285858       -0.0031286163        0.0178646055
        0.1566318766        0.0111646528       -0.1424036957
        0.0149689458        0.0020250461       -0.0178337614
        0.0000226412        0.0000008988       -0.0000030396
       -0.0000156484       -0.0000742511        0.0000911012
        0.0000122654        0.0002146920       -0.0000270827
       -0.0172912217        0.0045644935        0.0332879798
       -0.0042285230       -0.0044133257       -0.0046880372
        0.0015102138       -0.0006621204       -0.0027618003
       -0.0069717930       -0.0618547642        0.0128711474
       -0.0001597890        0.0000094768       -0.0006543344
        0.0138524424        0.0039870672       -0.0235853186
        0.0111646528        0.0581622552       -0.0125853365
        0.0020250463        0.0001482792       -0.0019399750
        0.0000494054       -0.0000036608       -0.0000122403
        0.0000102024       -0.0001187317        0.0001021860
        0.0000391974        0.0001821610       -0.0000337387
       -0.0005696507       -0.0015452383        0.0013766582
       -0.0012010779       -0.0001728403       -0.0008439309
       -0.0006730166        0.0001625382        0.0006034069
        0.1289591683        0.0133040111       -0.2286037435
       -0.0000763528        0.0003723581        0.0001341433
       -0.0017896777       -0.0014043594        0.0024439500
       -0.1424036957       -0.0125853365        0.2481267420
        0.0178337616        0.0019399751       -0.0232145165
        0.0000117536        0.0000543582       -0.0000075215
       -0.0000130183       -0.0000226202       -0.0000270653
       -0.0000767879       -0.0001028947        0.0000136419
       -0.0134906329        0.0022411046       -0.0167762140
       -0.0016256487       -0.0045107448        0.0028022536
        0.0010343211        0.0012248798        0.0014096922
       -0.1459089122       -0.0088194992       -0.1303436885
        0.0000004296       -0.0003373806        0.0005921690
       -0.0116285857       -0.0031286166       -0.0178646055
        0.0149689458        0.0020250463        0.0178337616
        0.1566318764        0.0111646526        0.1424036956
        0.0000226413        0.0000008988        0.0000030396
        0.0000122652        0.0002146918        0.0000270826
       -0.0000156485       -0.0000742513       -0.0000911012
       -0.0172912188        0.0045644935       -0.0332879798
       -0.0042285246       -0.0044133262        0.0046880372
        0.0015102126       -0.0006621195        0.0027618001
       -0.0069717930       -0.0618547641       -0.0128711471
       -0.0001597890        0.0000094769        0.0006543343
        0.0138524425        0.0039870670        0.0235853187
        0.0020250461        0.0001482792        0.0019399751
        0.0111646526        0.0581622553        0.0125853363
        0.0000494055       -0.0000036608        0.0000122403
        0.0000391972        0.0001821607        0.0000337387
        0.0000102021       -0.0001187320       -0.0001021859
        0.0005696503        0.0015452384        0.0013766581
        0.0012010782        0.0001728403       -0.0008439311
        0.0006730167       -0.0001625383        0.0006034073
       -0.1289591683       -0.0133040111       -0.2286037437
        0.0000763528       -0.0003723581        0.0001341435
        0.0017896777        0.0014043594        0.0024439499
       -0.0178337614       -0.0019399750       -0.0232145165
        0.1424036956        0.0125853363        0.2481267421
       -0.0000117536       -0.0000543582       -0.0000075215
        0.0000767879        0.0001028946        0.0000136419
        0.0000130185        0.0000226203       -0.0000270654
       -0.0052787870       -0.0035315020        0.0000000000
        0.0019330084        0.0027316259        0.0000000001
        0.0174866556       -0.0210860328       -0.0000000001
        0.0007683017       -0.0005952925        0.0000000000
       -0.2238096234        0.1433120649       -0.0000000001
       -0.0001190763       -0.0002587940        0.0000000001
        0.0000226412        0.0000494054        0.0000117536
        0.0000226413        0.0000494055       -0.0000117536
        0.2330372453       -0.1435637396        0.0000000000
       -0.0120313863        0.0114470580        0.0017559611
       -0.0120313864        0.0114470578       -0.0017559610
       -0.0092719369       -0.0019992558        0.0000000000
        0.0016009923        0.0014827950        0.0000000000
        0.0258824209       -0.0402452095        0.0000000000
        0.0015427745       -0.0012173149        0.0000000000
        0.1278062755       -0.1660583623        0.0000000000
       -0.0003302206       -0.0005642620        0.0000000000
        0.0000008988       -0.0000036608        0.0000543582
        0.0000008988       -0.0000036608       -0.0000543582
       -0.1435637396        0.1983659821       -0.0000000000
       -0.0018338570        0.0051234111        0.0012928670
       -0.0018338570        0.0051234111       -0.0012928671
        0.0000000004       -0.0000000001        0.0001237971
       -0.0000000002       -0.0000000000        0.0009545611
       -0.0000000001        0.0000000001        0.0011817849
        0.0000000000        0.0000000000        0.0001303258
        0.0000000000        0.0000000000       -0.0661278785
        0.0000000000       -0.0000000000       -0.0000011938
       -0.0000030396       -0.0000122403       -0.0000075215
        0.0000030396        0.0000122403       -0.0000075215
        0.0000000000       -0.0000000000        0.0570384691
       -0.0218588856        0.0201562511        0.0033582816
        0.0218588856       -0.0201562511        0.0033582816
       -0.0024027486        0.0030061940        0.0001709452
        0.0015468423        0.0006091640        0.0005894644
       -0.0102830409       -0.0130495515       -0.0114568527
        0.0001895229       -0.0001974317       -0.0001394096
       -0.1442871579       -0.0111119184       -0.1209474336
        0.0000030175       -0.0001142190        0.0000645339
       -0.0000156484        0.0000102024       -0.0000130183
        0.0000122652        0.0000391972        0.0000767879
       -0.0120313863       -0.0018338570       -0.0218588856
        0.1537769539        0.0200646355        0.1364561078
        0.0134930895        0.0025772729        0.0170536327
       -0.0083931484        0.0045044861       -0.0019529682
        0.0037421256       -0.0002930256        0.0000279194
       -0.0261121144       -0.0219632939       -0.0312938111
        0.0002825820       -0.0003254035        0.0008745816
       -0.0037730656       -0.0616097221       -0.0083436521
        0.0000235388       -0.0002394492        0.0001148657
       -0.0000742511       -0.0001187317       -0.0000226202
        0.0002146918        0.0001821607        0.0001028946
        0.0114470580        0.0051234111        0.0201562511
        0.0200646355        0.0718477926        0.0193496333
        0.0025772730        0.0028929231        0.0009869182
       -0.0039485248        0.0012829827        0.0003072419
        0.0019180704        0.0019351240        0.0007916555
        0.0022622823       -0.0044722588        0.0082586920
        0.0002809260       -0.0002374798       -0.0003795445
       -0.1217597305       -0.0182011730       -0.2458241019
       -0.0000313345       -0.0000981769       -0.0000082399
        0.0000911012        0.0001021860       -0.0000270653
        0.0000270826        0.0000337387        0.0000136419
        0.0017559611        0.0012928670        0.0033582816
        0.1364561078        0.0193496333        0.2565562248
       -0.0170536328       -0.0009869184       -0.0230449475
       -0.0024027515        0.0030061940       -0.0001709454
        0.0015468439        0.0006091645       -0.0005894643
       -0.0102830398       -0.0130495524        0.0114568534
        0.0001895229       -0.0001974319        0.0001394088
       -0.1442871579       -0.0111119184        0.1209474338
        0.0000030175       -0.0001142188       -0.0000645340
        0.0000122654        0.0000391974       -0.0000767879
       -0.0000156485        0.0000102021        0.0000130185
       -0.0120313864       -0.0018338570        0.0218588856
        0.0134930895        0.0025772730       -0.0170536328
        0.1537769541        0.0200646356       -0.1364561079
       -0.0083931514        0.0045044858        0.0019529679
        0.0037421274       -0.0002930249       -0.0000279193
       -0.0261121133       -0.0219632951        0.0312938120
        0.0002825820       -0.0003254035       -0.0008745826
       -0.0037730655       -0.0616097216        0.0083436524
        0.0000235387       -0.0002394490       -0.0001148658
        0.0002146920        0.0001821610       -0.0001028947
       -0.0000742513       -0.0001187320        0.0000226203
        0.0114470578        0.0051234111       -0.0201562511
        0.0025772729        0.0028929231       -0.0009869184
        0.0200646356        0.0718477926       -0.0193496335
        0.0039485283       -0.0012829834        0.0003072420
       -0.0019180723       -0.0019351245        0.0007916554
       -0.0022622838        0.0044722600        0.0082586919
       -0.0002809260        0.0002374799       -0.0003795444
        0.1217597307        0.0182011734       -0.2458241020
        0.0000313345        0.0000981767       -0.0000082399
       -0.0000270827       -0.0000337387        0.0000136419
       -0.0000911012       -0.0001021859       -0.0000270654
       -0.0017559610       -0.0012928671        0.0033582816
        0.0170536327        0.0009869182       -0.0230449475
       -0.1364561079       -0.0193496335        0.2565562249
