    5   15
        0.0837792851        0.0000011210       -0.0000034899
       -0.0186407760        0.0000004039       -0.0000063488
       -0.0148281089       -0.0119241301        0.0059385201
       -0.0148280978        0.0119256453        0.0059385360
       -0.0354822700       -0.0000007489       -0.0118778399
        0.0000011210        0.0837793078       -0.0000052290
        0.0000003999       -0.0186408099       -0.0000065327
       -0.0119241179       -0.0285972015        0.0102873250
        0.0119257308       -0.0285971788       -0.0102860605
       -0.0000008450       -0.0079440852       -0.0000001040
       -0.0000034899       -0.0000052290        0.2090417252
       -0.0000063912       -0.0000064912       -0.1647663953
        0.0069937408        0.0121150808       -0.0147584561
        0.0069937511       -0.0121138299       -0.0147584527
       -0.0139883900       -0.0000001489       -0.0147584737
       -0.0186407760        0.0000003999       -0.0000063912
        0.0163430900        0.0000003826       -0.0000063088
        0.0015425661       -0.0013451904        0.0028847137
        0.0015425758        0.0013452424        0.0028847347
       -0.0007874334       -0.0000000298       -0.0057694402
        0.0000004039       -0.0186408099       -0.0000064912
        0.0000003826        0.0163431247       -0.0000063088
       -0.0013452100       -0.0000107687        0.0049965954
        0.0013452188       -0.0000107536       -0.0049965152
       -0.0000000148        0.0023192317       -0.0000000449
       -0.0000063488       -0.0000065327       -0.1647663953
       -0.0000063088       -0.0000063088        0.1732237678
        0.0009693346        0.0016789559       -0.0028191485
        0.0009693534       -0.0016788940       -0.0028191266
       -0.0019386349       -0.0000000236       -0.0028191238
       -0.0148281089       -0.0119241179        0.0069937408
        0.0015425661       -0.0013452100        0.0009693346
        0.0169042204        0.0167625120       -0.0083904214
        0.0012143420        0.0008752824       -0.0000050704
       -0.0048330165       -0.0043667589        0.0004325810
       -0.0119241301       -0.0285972015        0.0121150808
       -0.0013451904       -0.0000107687        0.0016789559
        0.0167625120        0.0362582381       -0.0145333115
       -0.0008753730       -0.0068488313        0.0004965781
       -0.0026161166       -0.0008014180        0.0002439123
        0.0059385201        0.0102873250       -0.0147584561
        0.0028847137        0.0049965954       -0.0028191485
       -0.0083904214       -0.0145333115        0.0147301523
       -0.0000050778       -0.0004966572        0.0014237000
       -0.0004276100       -0.0002527375        0.0014237025
       -0.0148280978        0.0119257308        0.0069937511
        0.0015425758        0.0013452188        0.0009693534
        0.0012143420       -0.0008753730       -0.0000050778
        0.0169042056       -0.0167607902       -0.0083904118
       -0.0048329878        0.0043668859        0.0004325759
        0.0119256453       -0.0285971788       -0.0121138299
        0.0013452424       -0.0000107536       -0.0016788940
        0.0008752824       -0.0068488313       -0.0004966572
       -0.0167607902        0.0362582199        0.0145346624
        0.0026161791       -0.0008014061       -0.0002439023
        0.0059385360       -0.0102860605       -0.0147584527
        0.0028847347       -0.0049965152       -0.0028191266
       -0.0000050704        0.0004965781        0.0014237000
       -0.0083904118        0.0145346624        0.0147301256
       -0.0004276015        0.0002527122        0.0014237159
       -0.0354822700       -0.0000008450       -0.0139883900
       -0.0007874334       -0.0000000148       -0.0019386349
       -0.0048330165       -0.0026161166       -0.0004276100
       -0.0048329878        0.0026161791       -0.0004276015
        0.0459357324       -0.0000006074        0.0167840238
       -0.0000007489       -0.0079440852       -0.0000001489
       -0.0000000298        0.0023192317       -0.0000000236
       -0.0043667589       -0.0008014180       -0.0002527375
        0.0043668859       -0.0008014061        0.0002527122
       -0.0000006074        0.0072276976       -0.0000001600
       -0.0118778399       -0.0000001040       -0.0147584737
       -0.0057694402       -0.0000000449       -0.0028191238
        0.0004325810        0.0002439123        0.0014237025
        0.0004325759       -0.0002439023        0.0014237159
        0.0167840238       -0.0000001600        0.0147301552
