    4   12
        1.1857002607        0.0000537045       -0.0000429259
       -0.2425267650       -0.2644714954       -0.0000061203
       -0.2425267701        0.2645482249       -0.0000058350
       -0.7006471452       -0.0000264600       -0.0000273303
        0.0000537045        1.1857002903       -0.0000429407
       -0.2644719353       -0.5479255452       -0.0000202601
        0.2645505197       -0.5479255753       -0.0000200100
       -0.0000283302       -0.0898497098        0.0000010652
       -0.0000429259       -0.0000429407        0.1788383406
       -0.0000056355       -0.0000181905       -0.0596125454
       -0.0000056605       -0.0000182257       -0.0596124249
       -0.0000244808        0.0000006099       -0.0596125494
       -0.2425267650       -0.2644719353       -0.0000056355
        0.2397319099        0.2799353996       -0.0000053700
        0.0147178753        0.0276714098        0.0000000654
       -0.0119234846       -0.0430534243       -0.0000006895
       -0.2644714954       -0.5479255452       -0.0000181905
        0.2799353996        0.5628921303       -0.0000191557
       -0.0276738649       -0.0208050903       -0.0000002302
        0.0122897700        0.0058379504        0.0000000000
       -0.0000061203       -0.0000202601       -0.0596125454
       -0.0000053700       -0.0000191557        0.0183819202
       -0.0000001597       -0.0000005548        0.0206158899
       -0.0000002751       -0.0000004945        0.0206155602
       -0.2425267701        0.2645505197       -0.0000056605
        0.0147178753       -0.0276738649       -0.0000001597
        0.2397318997       -0.2798521103       -0.0000051944
       -0.0119234295        0.0430546356       -0.0000006844
        0.2645482249       -0.5479255753       -0.0000182257
        0.0276714098       -0.0208050903       -0.0000005548
       -0.2798521103        0.5628921303       -0.0000189300
       -0.0122931704        0.0058379351       -0.0000000250
       -0.0000058350       -0.0000200100       -0.0596124249
        0.0000000654       -0.0000002302        0.0206158899
       -0.0000051944       -0.0000189300        0.0183814200
        0.0000000199       -0.0000002046        0.0206159302
       -0.7006471452       -0.0000283302       -0.0000244808
       -0.0119234846        0.0122897700       -0.0000002751
       -0.0119234295       -0.0122931704        0.0000000199
        0.7244936501       -0.0000224998       -0.0000260195
       -0.0000264600       -0.0898497098        0.0000006099
       -0.0430534243        0.0058379504       -0.0000004945
        0.0430546356        0.0058379351       -0.0000002046
       -0.0000224998        0.0781732592        0.0000014660
       -0.0000273303        0.0000010652       -0.0596125494
       -0.0000006895        0.0000000000        0.0206155602
       -0.0000006844       -0.0000000250        0.0206159302
       -0.0000260195        0.0000014660        0.0183818793
