   15   45
        0.6614161606       -0.1091703203        0.0303338498
       -0.3333542256        0.0572749201        0.0177064848
       -0.0241570805        0.0046955597       -0.0511531505
       -0.0312566854        0.0061152801        0.0178631296
        0.0430773051       -0.0084274851        0.0116654448
       -0.1733168403        0.0253773996        0.0757633646
       -0.1227478305        0.0155320399       -0.1199137452
       -0.0092247353        0.0022940847       -0.0039968603
        0.0007946551        0.0014009399       -0.0028045105
       -0.0013064053       -0.0000000355        0.0013779447
       -0.0001508101        0.0016574293       -0.0038855200
       -0.0101524154        0.0029035596        0.0273118098
       -0.0004066251       -0.0006194503        0.0007560698
       -0.0000722153       -0.0002884752        0.0000349900
        0.0008540147        0.0012540144       -0.0010362501
       -0.1091703203        0.1524334806        0.0022131400
        0.0567756842       -0.0683747200       -0.0042544400
        0.0055629295        0.0022435944        0.0110625697
        0.0059789849       -0.0047696651       -0.0042973352
       -0.0089513651        0.0046171095       -0.0031957555
        0.0259767344       -0.0623420402       -0.0182920505
        0.0158551595       -0.0392414702        0.0206783548
        0.0027432097        0.0017027796        0.0007105297
        0.0013004399        0.0074904949        0.0004214095
        0.0000628796       -0.0014021003       -0.0001761805
        0.0017076596        0.0074525346        0.0005425798
        0.0024257895        0.0018128193       -0.0056442354
        0.0005743300       -0.0007821606        0.0005887100
       -0.0000279402       -0.0000831801       -0.0000285303
       -0.0008192654       -0.0006590855       -0.0003558299
        0.0303338498        0.0022131400        0.7212472804
       -0.0238574253        0.0047503352       -0.1198170901
       -0.0301510553        0.0063596346        0.0199724849
        0.0177443798       -0.0034262848       -0.0101340802
       -0.0094377452        0.0012410300       -0.0494606653
        0.1180325700       -0.0275791800       -0.2871945955
       -0.1199889553        0.0203763850       -0.2750673150
        0.0277166950       -0.0059123553        0.0039781099
       -0.0032190999        0.0005241100       -0.0047135453
        0.0013409198       -0.0003275755        0.0003720800
       -0.0034370854        0.0005828997       -0.0036958949
       -0.0045502705        0.0009151347        0.0047839848
        0.0004076500       -0.0004600301        0.0000854249
       -0.0001095651        0.0002291051       -0.0002471504
       -0.0007936353        0.0004980450       -0.0001062250
       -0.3333542256        0.0567756842       -0.0238574253
        0.6622232610       -0.1106568354       -0.0282206653
       -0.1692327956        0.0224368745       -0.0736633905
        0.0430402196       -0.0083205353       -0.0093901104
       -0.0301942603        0.0051777945       -0.0183278104
       -0.0258526256        0.0066072795        0.0496930295
       -0.0087919406        0.0024481994        0.0036408846
       -0.1274637603        0.0208636393        0.1220711243
       -0.0095117053        0.0021186295       -0.0276907258
       -0.0003930205        0.0017179391        0.0038575294
       -0.0012736254       -0.0000272607       -0.0013786803
        0.0006732296        0.0015541846        0.0028907394
       -0.0006279353        0.0002162693       -0.0002971456
       -0.0000386802       -0.0000342354        0.0000734946
        0.0007919996       -0.0008900005        0.0006230547
        0.0572749201       -0.0683747200        0.0047503352
       -0.1106568354        0.1534335200        0.0130603550
        0.0215901798       -0.0609357051        0.0129759451
       -0.0076834903        0.0044424303        0.0013079250
        0.0056021000       -0.0044123200        0.0032435949
        0.0060633400        0.0014872950       -0.0104957005
        0.0018138797        0.0018354652       -0.0008451948
        0.0206941050       -0.0410657654       -0.0286897401
        0.0026395801        0.0017676052        0.0058317198
        0.0016832101        0.0074771248       -0.0010465149
       -0.0001162050       -0.0014212452        0.0004166850
        0.0016467197        0.0074695097       -0.0007450100
       -0.0007993498       -0.0010600451        0.0012321399
       -0.0001300501       -0.0005263948        0.0000374899
        0.0003813051       -0.0000140599       -0.0010569298
        0.0177064848       -0.0042544400       -0.1198170901
       -0.0282206653        0.0130603550        0.7180292602
       -0.1153638502        0.0213974297       -0.2913562000
        0.0114362899       -0.0031159098       -0.0496212598
       -0.0181733648        0.0039742250       -0.0110934852
        0.0289063149       -0.0059126700        0.0222267096
       -0.0281406250        0.0057529050        0.0033246400
        0.1220185550       -0.0289584702       -0.2680085501
        0.0040554252       -0.0009652848        0.0041112847
        0.0034535699       -0.0008762552       -0.0034642699
       -0.0014083651        0.0002659198        0.0003015151
        0.0033151647       -0.0008200854       -0.0045266552
       -0.0006200000       -0.0003946403        0.0000370451
        0.0000530699       -0.0001131099       -0.0001031202
        0.0010303850        0.0009453649       -0.0000349650
       -0.0241570805        0.0055629295       -0.0301510553
       -0.1692327956        0.0215901798       -0.1153638502
        0.7117854608       -0.1220875555        0.0015406846
       -0.1737970155        0.0258595048        0.1182592996
       -0.0254358753        0.0063687745        0.0289801648
       -0.0000763754       -0.0010439254        0.0002517945
       -0.0054938002        0.0027441348        0.0003194148
        0.0107265848       -0.0013742556        0.0166447796
       -0.3298638401        0.0625828497       -0.0037458355
        0.0106715845       -0.0018526856       -0.0161096204
       -0.0055001553        0.0027158094       -0.0004989002
        0.0010328245       -0.0004399706        0.0000347745
        0.0003331448        0.0003647145       -0.0000217202
       -0.0002417704       -0.0000386953       -0.0000213802
       -0.0007418754       -0.0009487354       -0.0000772502
        0.0046955597        0.0022435944        0.0063596346
        0.0224368745       -0.0609357051        0.0213974297
       -0.1220875555        0.1555409108        0.0062880648
        0.0248635695       -0.0622004103       -0.0275378054
        0.0067880649        0.0012670344       -0.0054237205
       -0.0002527455       -0.0033440102       -0.0007663107
        0.0028100848        0.0071713745       -0.0000499452
       -0.0018300352        0.0025572794       -0.0037716154
        0.0621599449       -0.0496244152        0.0004386794
       -0.0014579805        0.0027160695        0.0031960195
        0.0028029348        0.0072302845       -0.0001159904
       -0.0006049206       -0.0012709904       -0.0000310254
       -0.0011496354       -0.0006356007       -0.0002249052
        0.0000557347       -0.0001204154        0.0000020998
        0.0007670647       -0.0004894605        0.0002278998
       -0.0511531505        0.0110625697        0.0199724849
       -0.0736633905        0.0129759451       -0.2913562000
        0.0015406846        0.0062880648        0.6678508805
        0.0758305146       -0.0189457802       -0.2869639303
        0.0500623298       -0.0099993153        0.0224348597
        0.0005938847       -0.0005719005       -0.0427629854
        0.0007203499       -0.0002081902        0.0018944098
       -0.0150702800        0.0028337445       -0.0168197403
       -0.0037077803        0.0005678947       -0.0575985405
        0.0157267448       -0.0034932754       -0.0169368803
       -0.0009026604        0.0000711947        0.0018711151
        0.0000363445       -0.0000491903       -0.0020953604
        0.0002150799        0.0002584346       -0.0007578703
        0.0002365448        0.0003131248       -0.0000186654
       -0.0004555301       -0.0011337303        0.0012727750
       -0.0312566854        0.0059789849        0.0177443798
        0.0430402196       -0.0076834903        0.0114362899
       -0.1737970155        0.0248635695        0.0758305146
        0.6619616806       -0.1111359700        0.0298036247
       -0.3341752802        0.0582374696        0.0178556448
       -0.0238136403        0.0050201896       -0.0513488854
       -0.0013152552        0.0000334299        0.0013577997
       -0.0002295602        0.0015643695       -0.0038161753
       -0.0099512050        0.0029577947        0.0272631644
       -0.1224036106        0.0167976293       -0.1194503105
       -0.0091684853        0.0023403896       -0.0039751953
        0.0007910498        0.0014031346       -0.0028182754
       -0.0003126351        0.0000629095        0.0001014399
       -0.0000714653       -0.0003726001        0.0000174447
        0.0006926447       -0.0000800301        0.0000128048
        0.0061152801       -0.0047696651       -0.0034262848
       -0.0083205353        0.0044424303       -0.0031159098
        0.0258595048       -0.0622004103       -0.0189457802
       -0.1111359700        0.1524810801        0.0011336152
        0.0574436552       -0.0689274401       -0.0045547202
        0.0050552649        0.0020752100        0.0108225996
       -0.0000449251       -0.0013825050       -0.0003416099
        0.0015529349        0.0074823797        0.0007273601
        0.0026398101        0.0017751100       -0.0056443903
        0.0166627999       -0.0395889251        0.0223014598
        0.0028586899        0.0018926750        0.0009265150
        0.0014851847        0.0074426447        0.0003905149
       -0.0005335849       -0.0003615602       -0.0007167949
        0.0003479300        0.0002551351        0.0000513052
        0.0000147298       -0.0005121152        0.0003687651
        0.0178631296       -0.0042973352       -0.0101340802
       -0.0093901104        0.0013079250       -0.0496212598
        0.1182592996       -0.0275378054       -0.2869639303
        0.0298036247        0.0011336152        0.7207470804
       -0.0245235600        0.0041580796       -0.1199268851
       -0.0300518153        0.0065619497        0.0203706244
        0.0013642097       -0.0001905752        0.0003572049
       -0.0034699050        0.0005479544       -0.0036527854
       -0.0045068001        0.0010615250        0.0047986896
       -0.1194808553        0.0224260944       -0.2745706001
        0.0278805146       -0.0056514301        0.0038143349
       -0.0032579453        0.0004657448       -0.0046742451
        0.0005183000        0.0003822547        0.0003525349
       -0.0000505352       -0.0001774802        0.0000579900
       -0.0009219801       -0.0002030103       -0.0009491450
        0.0430773051       -0.0089513651       -0.0094377452
       -0.0301942603        0.0056021000       -0.0181733648
       -0.0254358753        0.0067880649        0.0500623298
       -0.3341752802        0.0574436552       -0.0245235600
        0.6631052503       -0.1117933502       -0.0267961303
       -0.1696983551        0.0224413799       -0.0740776102
       -0.0003585052        0.0017893899        0.0038334599
       -0.0012761501       -0.0000901403       -0.0014208601
        0.0006192352        0.0015227400        0.0028903847
       -0.0086882400        0.0022972648        0.0037305500
       -0.1272719800        0.0208578999        0.1216154050
       -0.0095753953        0.0021177246       -0.0276559703
       -0.0004228801       -0.0002145751       -0.0006438202
        0.0004178199        0.0002455602        0.0000712546
       -0.0001279901       -0.0000609603        0.0005539601
       -0.0084274851        0.0046171095        0.0012410300
        0.0051777945       -0.0044123200        0.0039742250
        0.0063687745        0.0012670344       -0.0099993153
        0.0582374696       -0.0689274401        0.0041580796
       -0.1117933502        0.1527903305        0.0141300197
        0.0218530548       -0.0612141852        0.0119116245
        0.0017845397        0.0074081649       -0.0009088950
       -0.0000019202       -0.0014034555        0.0002386545
        0.0014842749        0.0074823399       -0.0007851455
        0.0019788399        0.0020255897       -0.0006998954
        0.0207735800       -0.0412038904       -0.0288255100
        0.0024732796        0.0019950346        0.0057642745
        0.0002759847       -0.0003506503       -0.0002954604
        0.0000003499        0.0003274297       -0.0000526504
       -0.0001851652       -0.0002968204        0.0001245650
        0.0116654448       -0.0031957555       -0.0494606653
       -0.0183278104        0.0032435949       -0.0110934852
        0.0289801648       -0.0054237205        0.0224348597
        0.0178556448       -0.0045547202       -0.1199268851
       -0.0267961303        0.0141300197        0.7180790107
       -0.1163844505        0.0209734245       -0.2921642005
        0.0034547747       -0.0008795101       -0.0034509802
       -0.0013908252        0.0003839847        0.0002963947
        0.0032581599       -0.0008822252       -0.0045027355
       -0.0281333052        0.0059132793        0.0032386399
        0.1215899798       -0.0289718804       -0.2673825850
        0.0042238196       -0.0007715656        0.0041566494
       -0.0005001203        0.0005124744        0.0002197396
        0.0000070446       -0.0004309751        0.0002648949
        0.0005477546       -0.0000587653       -0.0007022302
       -0.1733168403        0.0259767344        0.1180325700
       -0.0258526256        0.0060633400        0.0289063149
       -0.0000763754       -0.0002527455        0.0005938847
       -0.0238136403        0.0050552649       -0.0300518153
       -0.1696983551        0.0218530548       -0.1163844505
        0.7121908607       -0.1203383803        0.0024167346
        0.0106468445       -0.0020257201       -0.0160708453
       -0.0054737703        0.0027933143       -0.0005074403
        0.0010399251       -0.0005749902        0.0000427744
       -0.0054888605        0.0027993894        0.0002305947
        0.0105604047       -0.0015582805        0.0168171297
       -0.3303227354        0.0601177797       -0.0039455003
        0.0005383296       -0.0006675054        0.0000602847
        0.0000568596        0.0003915400       -0.0001031802
       -0.0009761803        0.0003886095        0.0000145400
        0.0253773996       -0.0623420402       -0.0275791800
        0.0066072795        0.0014872950       -0.0059126700
       -0.0010439254       -0.0033440102       -0.0005719005
        0.0050201896        0.0020752100        0.0065619497
        0.0224413799       -0.0612141852        0.0209734245
       -0.1203383803        0.1541597305        0.0070591847
       -0.0015683852        0.0027839098        0.0029664051
        0.0027017199        0.0072147895        0.0001298397
       -0.0004076099       -0.0012813399       -0.0000143055
        0.0027462397        0.0071595497       -0.0002174954
       -0.0019873303        0.0028518195       -0.0037758852
        0.0603038697       -0.0486556755        0.0005178896
        0.0006561899       -0.0004994104        0.0000899396
       -0.0001543853        0.0001864049       -0.0002013303
       -0.0003569900       -0.0004794302       -0.0000402801
        0.0757633646       -0.0182920505       -0.2871945955
        0.0496930295       -0.0104957005        0.0222267096
        0.0002517945       -0.0007663107       -0.0427629854
       -0.0513488854        0.0108225996        0.0203706244
       -0.0740776102        0.0119116245       -0.2921642005
        0.0024167346        0.0070591847        0.6688946110
        0.0157370994       -0.0035124054       -0.0168100652
       -0.0008885704        0.0001421694        0.0018583643
        0.0000659696       -0.0000170755       -0.0020958757
        0.0006834696       -0.0002381006        0.0018869645
       -0.0150071602        0.0029505944       -0.0168763253
       -0.0039048808        0.0004507993       -0.0576425907
       -0.0001055403        0.0001716043       -0.0003782705
        0.0000038096        0.0003181796       -0.0000362505
        0.0007325843       -0.0005325205        0.0007144746
       -0.1227478305        0.0158551595       -0.1199889553
       -0.0087919406        0.0018138797       -0.0281406250
       -0.0054938002        0.0028100848        0.0007203499
       -0.0013152552       -0.0000449251        0.0013642097
       -0.0003585052        0.0017845397        0.0034547747
        0.0106468445       -0.0015683852        0.0157370994
        0.1264321605       -0.0185596951        0.1277524149
        0.0009770599       -0.0009621905        0.0004800748
       -0.0005320700        0.0000972349       -0.0014703454
        0.0001235145       -0.0002412705       -0.0001474604
        0.0004254750       -0.0000797303        0.0009023199
        0.0006865795       -0.0008887804       -0.0006226503
        0.0000178250        0.0000171897        0.0000468449
        0.0000032799        0.0000039751        0.0000174398
       -0.0000781301       -0.0000475802       -0.0000873351
        0.0155320399       -0.0392414702        0.0203763850
        0.0024481994        0.0018354652        0.0057529050
        0.0027441348        0.0071713745       -0.0002081902
        0.0000334299       -0.0013825050       -0.0001905752
        0.0017893899        0.0074081649       -0.0008795101
       -0.0020257201        0.0027839098       -0.0035124054
       -0.0185596951        0.0291453102       -0.0217835949
       -0.0009770849       -0.0035462801       -0.0000034950
        0.0001806703        0.0001140299        0.0003112049
       -0.0002714449       -0.0010564753        0.0000148248
       -0.0001047300        0.0000811298       -0.0001766298
       -0.0008869401       -0.0035635003        0.0002115399
       -0.0001774200        0.0000338846       -0.0002692650
        0.0000093451        0.0000195550        0.0000307148
        0.0002649750        0.0002113498        0.0003043900
       -0.1199137452        0.0206783548       -0.2750673150
        0.0036408846       -0.0008451948        0.0033246400
        0.0003194148       -0.0000499452        0.0018944098
        0.0013577997       -0.0003416099        0.0003572049
        0.0038334599       -0.0009088950       -0.0034509802
       -0.0160708453        0.0029664051       -0.0168100652
        0.1277524149       -0.0217835949        0.2888546203
       -0.0004314700        0.0001953097        0.0007433201
        0.0002786101       -0.0000890449        0.0000963348
       -0.0001327803        0.0000730847       -0.0000008203
       -0.0008535699        0.0001507649       -0.0009289801
        0.0002922798        0.0000323399        0.0010624046
        0.0001318801       -0.0000036701        0.0001545547
       -0.0000379049       -0.0000413050       -0.0000253200
       -0.0001376600       -0.0000564850       -0.0002044550
       -0.0092247353        0.0027432097        0.0277166950
       -0.1274637603        0.0206941050        0.1220185550
        0.0107265848       -0.0018300352       -0.0150702800
       -0.0002295602        0.0015529349       -0.0034699050
       -0.0012761501       -0.0000019202       -0.0013908252
       -0.0054737703        0.0027017199       -0.0008885704
        0.0009770599       -0.0009770849       -0.0004314700
        0.1314208504       -0.0238980854       -0.1299339203
        0.0006411452       -0.0009405301        0.0006510896
        0.0004399899       -0.0000752905       -0.0008616502
        0.0001174948       -0.0002619453        0.0001459398
       -0.0005717504        0.0001756948        0.0014510849
        0.0000807051       -0.0000518304       -0.0001449354
       -0.0000096202        0.0000516499       -0.0000271851
       -0.0001546903        0.0001126250        0.0002659650
        0.0022940847        0.0017027796       -0.0059123553
        0.0208636393       -0.0410657654       -0.0289584702
       -0.0013742556        0.0025572794        0.0028337445
        0.0015643695        0.0074823797        0.0005479544
       -0.0000901403       -0.0014034555        0.0003839847
        0.0027933143        0.0072147895        0.0001421694
       -0.0009621905       -0.0035462801        0.0001953097
       -0.0238980854        0.0312540209        0.0307797248
       -0.0009614101       -0.0035375101       -0.0000618755
       -0.0000519105        0.0000928245        0.0001933344
       -0.0002323154       -0.0010298456       -0.0000420002
        0.0001031944        0.0000551694       -0.0002974906
        0.0001412647       -0.0000758405       -0.0002595104
        0.0000225347        0.0000662999       -0.0000014404
       -0.0002160604        0.0002454746        0.0004348047
       -0.0039968603        0.0007105297        0.0039781099
        0.1220711243       -0.0286897401       -0.2680085501
        0.0166447796       -0.0037716154       -0.0168197403
       -0.0038161753        0.0007273601       -0.0036527854
       -0.0014208601        0.0002386545        0.0002963947
       -0.0005074403        0.0001298397        0.0018583643
        0.0004800748       -0.0000034950        0.0007433201
       -0.1299339203        0.0307797248        0.2814721205
       -0.0002619950        0.0001255549        0.0010726947
        0.0008834147       -0.0002256354       -0.0009271002
        0.0001553448        0.0000070395        0.0000042300
       -0.0003096252        0.0000406945        0.0001261597
       -0.0000810650        0.0000577697        0.0001548850
       -0.0000376002       -0.0000522951        0.0000071296
        0.0001594199       -0.0000960651       -0.0003071150
        0.0007946551        0.0013004399       -0.0032190999
       -0.0095117053        0.0026395801        0.0040554252
       -0.3298638401        0.0621599449       -0.0037077803
       -0.0099512050        0.0026398101       -0.0045068001
        0.0006192352        0.0014842749        0.0032581599
        0.0010399251       -0.0004076099        0.0000659696
       -0.0005320700        0.0001806703        0.0002786101
        0.0006411452       -0.0009614101       -0.0002619950
        0.3468539001       -0.0682002147        0.0040133597
        0.0006568649       -0.0009568902        0.0002854100
       -0.0005620450        0.0001440148       -0.0002901697
       -0.0001248100       -0.0002399753       -0.0000010149
        0.0002738901       -0.0000836300        0.0000403449
       -0.0000297098        0.0000489899       -0.0000122699
       -0.0003037999        0.0002374051       -0.0000275350
        0.0014009399        0.0074904949        0.0005241100
        0.0021186295        0.0017676052       -0.0009652848
        0.0625828497       -0.0496244152        0.0005678947
        0.0029577947        0.0017751100        0.0010615250
        0.0015227400        0.0074823399       -0.0008822252
       -0.0005749902       -0.0012813399       -0.0000170755
        0.0000972349        0.0001140299       -0.0000890449
       -0.0009405301       -0.0035375101        0.0001255549
       -0.0682002147        0.0401675402       -0.0004223003
       -0.0009542151       -0.0035383704       -0.0000127201
        0.0001360598        0.0000276850        0.0000879800
       -0.0001729603       -0.0010685301        0.0000153247
        0.0002533801       -0.0000415403        0.0000238751
       -0.0000299249        0.0000158701        0.0000136899
       -0.0002184152        0.0002600299       -0.0000343249
       -0.0028045105        0.0004214095       -0.0047135453
       -0.0276907258        0.0058317198        0.0041112847
       -0.0037458355        0.0004386794       -0.0575985405
        0.0272631644       -0.0056443903        0.0047986896
        0.0028903847       -0.0007851455       -0.0045027355
        0.0000427744       -0.0000143055       -0.0020958757
       -0.0014703454        0.0003112049        0.0000963348
        0.0006510896       -0.0000618755        0.0010726947
        0.0040133597       -0.0004223003        0.0574293108
       -0.0006287203        0.0001718544        0.0010652496
        0.0014551995       -0.0002948954        0.0001129396
       -0.0000027654        0.0000171593        0.0002581046
        0.0000016598       -0.0000076656       -0.0000218205
        0.0000239797       -0.0000299605        0.0000035348
       -0.0000316354        0.0000671596       -0.0000187552
       -0.0013064053        0.0000628796        0.0013409198
       -0.0003930205        0.0016832101        0.0034535699
        0.0106715845       -0.0014579805        0.0157267448
       -0.1224036106        0.0166627999       -0.1194808553
       -0.0086882400        0.0019788399       -0.0281333052
       -0.0054888605        0.0027462397        0.0006834696
        0.0001235145       -0.0002714449       -0.0001327803
        0.0004399899       -0.0000519105        0.0008834147
        0.0006568649       -0.0009542151       -0.0006287203
        0.1260224906       -0.0195661406        0.1272909245
        0.0009706795       -0.0009815304        0.0004929100
       -0.0005467055        0.0001098698       -0.0014612056
        0.0000916046       -0.0000510806        0.0001123098
       -0.0000858353        0.0000058148       -0.0001010454
       -0.0000628251        0.0000799747       -0.0000203102
       -0.0000000355       -0.0014021003       -0.0003275755
        0.0017179391        0.0074771248       -0.0008762552
       -0.0018526856        0.0027160695       -0.0034932754
        0.0167976293       -0.0395889251        0.0224260944
        0.0022972648        0.0020255897        0.0059132793
        0.0027993894        0.0071595497       -0.0002381006
       -0.0002412705       -0.0010564753        0.0000730847
       -0.0000752905        0.0000928245       -0.0002256354
       -0.0009568902       -0.0035383704        0.0001718544
       -0.0195661406        0.0294797809       -0.0237645105
       -0.0010133354       -0.0035562957       -0.0000474054
        0.0001083845        0.0000666344        0.0003207046
        0.0001444448       -0.0000558254        0.0001970997
       -0.0001480504       -0.0000193702       -0.0000740906
       -0.0000170155        0.0002111696       -0.0000796052
        0.0013779447       -0.0001761805        0.0003720800
        0.0038575294       -0.0010465149       -0.0034642699
       -0.0161096204        0.0031960195       -0.0169368803
       -0.1194503105        0.0223014598       -0.2745706001
        0.0037305500       -0.0006998954        0.0032386399
        0.0002305947       -0.0002174954        0.0018869645
       -0.0001474604        0.0000148248       -0.0000008203
       -0.0008616502        0.0001933344       -0.0009271002
        0.0002854100       -0.0000127201        0.0010652496
        0.1272909245       -0.0237645105        0.2885021706
       -0.0004691401        0.0001244246        0.0007568596
        0.0002873995       -0.0000283407        0.0000886496
        0.0000910998       -0.0000748054        0.0001689747
       -0.0000952051       -0.0000085151       -0.0000732052
        0.0000045046        0.0001703899       -0.0001128501
       -0.0001508101        0.0017076596       -0.0034370854
       -0.0012736254       -0.0001162050       -0.0014083651
       -0.0055001553        0.0028029348       -0.0009026604
       -0.0091684853        0.0028586899        0.0278805146
       -0.1272719800        0.0207735800        0.1215899798
        0.0105604047       -0.0019873303       -0.0150071602
        0.0004254750       -0.0001047300       -0.0008535699
        0.0001174948       -0.0002323154        0.0001553448
       -0.0005620450        0.0001360598        0.0014551995
        0.0009706795       -0.0010133354       -0.0004691401
        0.1312076404       -0.0239495103       -0.1296357101
        0.0006754297       -0.0009000655        0.0006624396
        0.0000327449        0.0000309896       -0.0000283251
        0.0000194498        0.0000105248        0.0000563048
       -0.0000832750       -0.0000222002       -0.0000282350
        0.0016574293        0.0074525346        0.0005828997
       -0.0000272607       -0.0014212452        0.0002659198
        0.0027158094        0.0072302845        0.0000711947
        0.0023403896        0.0018926750       -0.0056514301
        0.0208578999       -0.0412038904       -0.0289718804
       -0.0015582805        0.0028518195        0.0029505944
       -0.0000797303        0.0000811298        0.0001507649
       -0.0002619453       -0.0010298456        0.0000070395
        0.0001440148        0.0000276850       -0.0002948954
       -0.0009815304       -0.0035562957        0.0001244246
       -0.0239495103        0.0312471508        0.0308578447
       -0.0008971205       -0.0035841904       -0.0000873004
       -0.0000932201       -0.0000187003        0.0001382648
        0.0000498846       -0.0001428253       -0.0001393553
        0.0000752846        0.0001838896       -0.0000313000
       -0.0038855200        0.0005425798       -0.0036958949
       -0.0013786803        0.0004166850        0.0003015151
       -0.0004989002       -0.0001159904        0.0018711151
       -0.0039751953        0.0009265150        0.0038143349
        0.1216154050       -0.0288255100       -0.2673825850
        0.0168171297       -0.0037758852       -0.0168763253
        0.0009023199       -0.0001766298       -0.0009289801
        0.0001459398       -0.0000420002        0.0000042300
       -0.0002901697        0.0000879800        0.0001129396
        0.0004929100       -0.0000474054        0.0007568596
       -0.1296357101        0.0308578447        0.2809852202
       -0.0002866602        0.0001413898        0.0010799349
       -0.0000708499       -0.0000614804        0.0001019600
        0.0000697449       -0.0000829348       -0.0000863551
        0.0000044099        0.0001321450       -0.0000600349
       -0.0101524154        0.0024257895       -0.0045502705
        0.0006732296        0.0016467197        0.0033151647
        0.0010328245       -0.0006049206        0.0000363445
        0.0007910498        0.0014851847       -0.0032579453
       -0.0095753953        0.0024732796        0.0042238196
       -0.3303227354        0.0603038697       -0.0039048808
        0.0006865795       -0.0008869401        0.0002922798
       -0.0005717504        0.0001031944       -0.0003096252
       -0.0001248100       -0.0001729603       -0.0000027654
       -0.0005467055        0.0001083845        0.0002873995
        0.0006754297       -0.0008971205       -0.0002866602
        0.3474822108       -0.0659587107        0.0041340596
        0.0001719150        0.0000178446        0.0000092598
       -0.0001036153        0.0000318497       -0.0000234405
       -0.0001184304       -0.0000939457        0.0000035797
        0.0029035596        0.0018128193        0.0009151347
        0.0015541846        0.0074695097       -0.0008200854
       -0.0004399706       -0.0012709904       -0.0000491903
        0.0014031346        0.0074426447        0.0004657448
        0.0021177246        0.0019950346       -0.0007715656
        0.0601177797       -0.0486556755        0.0004507993
       -0.0008887804       -0.0035635003        0.0000323399
        0.0001756948        0.0000551694        0.0000406945
       -0.0002399753       -0.0010685301        0.0000171593
        0.0001098698        0.0000666344       -0.0000283407
       -0.0009000655       -0.0035841904        0.0001413898
       -0.0659587107        0.0391614208       -0.0004674305
       -0.0003192002        0.0000225197       -0.0000478204
        0.0001651296       -0.0000825801        0.0000974597
        0.0001790147        0.0002111847        0.0000225697
        0.0273118098       -0.0056442354        0.0047839848
        0.0028907394       -0.0007450100       -0.0045266552
        0.0000347745       -0.0000310254       -0.0020953604
       -0.0028182754        0.0003905149       -0.0046742451
       -0.0276559703        0.0057642745        0.0041566494
       -0.0039455003        0.0005178896       -0.0576425907
       -0.0006226503        0.0002115399        0.0010624046
        0.0014510849       -0.0002974906        0.0001261597
       -0.0000010149        0.0000153247        0.0002581046
       -0.0014612056        0.0003207046        0.0000886496
        0.0006624396       -0.0000873004        0.0010799349
        0.0041340596       -0.0004674305        0.0574095907
       -0.0000113252       -0.0000018753        0.0000154049
       -0.0000414252       -0.0000044452        0.0000118646
        0.0000354095        0.0000535445       -0.0000590001
       -0.0004066251        0.0005743300        0.0004076500
       -0.0006279353       -0.0007993498       -0.0006200000
        0.0003331448       -0.0011496354        0.0002150799
       -0.0003126351       -0.0005335849        0.0005183000
       -0.0004228801        0.0002759847       -0.0005001203
        0.0005383296        0.0006561899       -0.0001055403
        0.0000178250       -0.0001774200        0.0001318801
        0.0000807051        0.0001412647       -0.0000810650
        0.0002738901        0.0002533801        0.0000016598
        0.0000916046        0.0001444448        0.0000910998
        0.0000327449       -0.0000932201       -0.0000708499
        0.0001719150       -0.0003192002       -0.0000113252
        0.1795533802        0.1214321796       -0.2661165252
       -0.1233980601        0.0334996852        0.2252817049
       -0.0559297351       -0.1539264051        0.0409176900
       -0.0006194503       -0.0007821606       -0.0004600301
        0.0002162693       -0.0010600451       -0.0003946403
        0.0003647145       -0.0006356007        0.0002584346
        0.0000629095       -0.0003615602        0.0003822547
       -0.0002145751       -0.0003506503        0.0005124744
       -0.0006675054       -0.0004994104        0.0001716043
        0.0000171897        0.0000338846       -0.0000036701
       -0.0000518304       -0.0000758405        0.0000577697
       -0.0000836300       -0.0000415403       -0.0000076656
       -0.0000510806       -0.0000558254       -0.0000748054
        0.0000309896       -0.0000187003       -0.0000614804
        0.0000178446        0.0000225197       -0.0000018753
        0.1214321796        0.4977038208       -0.0381908953
        0.0027702797       -0.0458902102       -0.0206778205
       -0.1232442801       -0.4479908256        0.0584075300
        0.0007560698        0.0005887100        0.0000854249
       -0.0002971456        0.0012321399        0.0000370451
       -0.0000217202       -0.0002249052       -0.0007578703
        0.0001014399       -0.0007167949        0.0003525349
       -0.0006438202       -0.0002954604        0.0002197396
        0.0000602847        0.0000899396       -0.0003782705
        0.0000468449       -0.0002692650        0.0001545547
       -0.0001449354       -0.0002595104        0.0001548850
        0.0000403449        0.0000238751       -0.0000218205
        0.0001123098        0.0001970997        0.0001689747
       -0.0000283251        0.0001382648        0.0001019600
        0.0000092598       -0.0000478204        0.0000154049
       -0.2661165252       -0.0381908953        0.4510153104
        0.2145682848       -0.0740650401       -0.3989197901
        0.0516150249        0.1117160298       -0.0522339801
       -0.0000722153       -0.0000279402       -0.0001095651
       -0.0000386802       -0.0001300501        0.0000530699
       -0.0002417704        0.0000557347        0.0002365448
       -0.0000714653        0.0003479300       -0.0000505352
        0.0004178199        0.0000003499        0.0000070446
        0.0000568596       -0.0001543853        0.0000038096
        0.0000032799        0.0000093451       -0.0000379049
       -0.0000096202        0.0000225347       -0.0000376002
       -0.0000297098       -0.0000299249        0.0000239797
       -0.0000858353       -0.0001480504       -0.0000952051
        0.0000194498        0.0000498846        0.0000697449
       -0.0001036153        0.0001651296       -0.0000414252
       -0.1233980601        0.0027702797        0.2145682848
        0.1308395804       -0.0093252052       -0.2300438402
       -0.0072878703        0.0063832948        0.0155172799
       -0.0002884752       -0.0000831801        0.0002291051
       -0.0000342354       -0.0005263948       -0.0001131099
       -0.0000386953       -0.0001204154        0.0003131248
       -0.0003726001        0.0002551351       -0.0001774802
        0.0002455602        0.0003274297       -0.0004309751
        0.0003915400        0.0001864049        0.0003181796
        0.0000039751        0.0000195550       -0.0000413050
        0.0000516499        0.0000662999       -0.0000522951
        0.0000489899        0.0000158701       -0.0000299605
        0.0000058148       -0.0000193702       -0.0000085151
        0.0000105248       -0.0001428253       -0.0000829348
        0.0000318497       -0.0000825801       -0.0000044452
        0.0334996852       -0.0458902102       -0.0740650401
       -0.0093252052        0.0469494302        0.0324412898
       -0.0242455801       -0.0009571102        0.0416564700
        0.0000349900       -0.0000285303       -0.0002471504
        0.0000734946        0.0000374899       -0.0001031202
       -0.0000213802        0.0000020998       -0.0000186654
        0.0000174447        0.0000513052        0.0000579900
        0.0000712546       -0.0000526504        0.0002648949
       -0.0001031802       -0.0002013303       -0.0000362505
        0.0000174398        0.0000307148       -0.0000253200
       -0.0000271851       -0.0000014404        0.0000071296
       -0.0000122699        0.0000136899        0.0000035348
       -0.0001010454       -0.0000740906       -0.0000732052
        0.0000563048       -0.0001393553       -0.0000863551
       -0.0000234405        0.0000974597        0.0000118646
        0.2252817049       -0.0206778205       -0.3989197901
       -0.2300438402        0.0324412898        0.4112296705
        0.0048394497       -0.0115513100       -0.0120705900
        0.0008540147       -0.0008192654       -0.0007936353
        0.0007919996        0.0003813051        0.0010303850
       -0.0007418754        0.0007670647       -0.0004555301
        0.0006926447        0.0000147298       -0.0009219801
       -0.0001279901       -0.0001851652        0.0005477546
       -0.0009761803       -0.0003569900        0.0007325843
       -0.0000781301        0.0002649750       -0.0001376600
       -0.0001546903       -0.0002160604        0.0001594199
       -0.0003037999       -0.0002184152       -0.0000316354
       -0.0000628251       -0.0000170155        0.0000045046
       -0.0000832750        0.0000752846        0.0000044099
       -0.0001184304        0.0001790147        0.0000354095
       -0.0559297351       -0.1232442801        0.0516150249
       -0.0072878703       -0.0242455801        0.0048394497
        0.0635194505        0.1476059347       -0.0566359552
        0.0012540144       -0.0006590855        0.0004980450
       -0.0008900005       -0.0000140599        0.0009453649
       -0.0009487354       -0.0004894605       -0.0011337303
       -0.0000800301       -0.0005121152       -0.0002030103
       -0.0000609603       -0.0002968204       -0.0000587653
        0.0003886095       -0.0004794302       -0.0005325205
       -0.0000475802        0.0002113498       -0.0000564850
        0.0001126250        0.0002454746       -0.0000960651
        0.0002374051        0.0002600299        0.0000671596
        0.0000799747        0.0002111696        0.0001703899
       -0.0000222002        0.0001838896        0.0001321450
       -0.0000939457        0.0002111847        0.0000535445
       -0.1539264051       -0.4479908256        0.1117160298
        0.0063832948       -0.0009571102       -0.0115513100
        0.1476059347        0.4500738106       -0.0999866251
       -0.0010362501       -0.0003558299       -0.0001062250
        0.0006230547       -0.0010569298       -0.0000349650
       -0.0000772502        0.0002278998        0.0012727750
        0.0000128048        0.0003687651       -0.0009491450
        0.0005539601        0.0001245650       -0.0007022302
        0.0000145400       -0.0000402801        0.0007144746
       -0.0000873351        0.0003043900       -0.0002044550
        0.0002659650        0.0004348047       -0.0003071150
       -0.0000275350       -0.0000343249       -0.0000187552
       -0.0000203102       -0.0000796052       -0.0001128501
       -0.0000282350       -0.0000313000       -0.0000600349
        0.0000035797        0.0000225697       -0.0000590001
        0.0409176900        0.0584075300       -0.0522339801
        0.0155172799        0.0416564700       -0.0120705900
       -0.0566359552       -0.0999866251        0.0648693401
