    3    9
       -0.0020301400       -0.0000051247       -0.0000089577
        0.0019657801       -0.0000060888       -0.0000081727
        0.0000643649       -0.0000002737       -0.0000003763
       -0.0000051247        0.0748639275        0.0789530372
       -0.0000059651       -0.0889317101       -0.0788284214
       -0.0000002674        0.0140677790       -0.0000632863
       -0.0000089577        0.0789530372        0.1196996232
       -0.0000077441       -0.0789550194       -0.0968362414
       -0.0000003726        0.0000607659       -0.0228633806
        0.0019657801       -0.0000059651       -0.0000077441
       -0.0039315694       -0.0000141580       -0.0000155305
        0.0019657949       -0.0000059640       -0.0000077418
       -0.0000060888       -0.0889317101       -0.0789550194
       -0.0000141580        0.1778634231        0.0000601361
       -0.0000060902       -0.0889317141        0.0790141794
       -0.0000081727       -0.0788284214       -0.0968362414
       -0.0000155305        0.0000601361        0.1936724806
       -0.0000081627        0.0788894408       -0.0968362417
        0.0000643649       -0.0000002674       -0.0000003726
        0.0019657949       -0.0000060902       -0.0000081627
       -0.0020301547       -0.0000051162       -0.0000089415
       -0.0000002737        0.0140677790        0.0000607659
       -0.0000059640       -0.0889317141        0.0788894408
       -0.0000051162        0.0748639303       -0.0788911964
       -0.0000003763       -0.0000632863       -0.0228633806
       -0.0000077418        0.0790141794       -0.0968362417
       -0.0000089415       -0.0788911964        0.1196996158
