    4   12
        0.0492011151        0.0000005150       -0.0000002663
       -0.0106921141        0.0098875839       -0.0083320552
       -0.0106921226       -0.0098865476       -0.0083320475
       -0.0278168713       -0.0000006028        0.0166668838
        0.0000005150        0.0492011253        0.0000013324
        0.0098876723       -0.0221083550        0.0144333285
       -0.0098865164       -0.0221083377       -0.0144319901
       -0.0000006762       -0.0049844189       -0.0000001177
       -0.0000002663        0.0000013324        0.0510930755
       -0.0074143654        0.0128438398       -0.0170310415
       -0.0074143614       -0.0128425302       -0.0170310426
        0.0148314962       -0.0000001629       -0.0170310315
       -0.0106921141        0.0098876723       -0.0074143654
        0.0134722956       -0.0131997803        0.0072296609
        0.0014792636       -0.0000983550        0.0012875472
       -0.0042594365        0.0034116309       -0.0011026739
        0.0098875839       -0.0221083550        0.0128438398
       -0.0131997803        0.0287143502       -0.0125222678
        0.0000982462       -0.0061723699        0.0005297537
        0.0032149688       -0.0004336215       -0.0008501627
       -0.0083320552        0.0144333285       -0.0170310415
        0.0072296609       -0.0125222678        0.0117105481
        0.0012875586       -0.0005299202        0.0026602285
       -0.0001850077       -0.0013799993        0.0026602348
       -0.0106921226       -0.0098865164       -0.0074143614
        0.0014792636        0.0000982462        0.0012875586
        0.0134723001        0.0132010675        0.0072296575
       -0.0042594351       -0.0034115303       -0.0011026700
       -0.0098865476       -0.0221083377       -0.0128425302
       -0.0000983550       -0.0061723699       -0.0005299202
        0.0132010675        0.0287143428        0.0125235348
       -0.0032149688       -0.0004336178        0.0008501323
       -0.0083320475       -0.0144319901       -0.0170310426
        0.0012875472        0.0005297537        0.0026602285
        0.0072296575        0.0125235348        0.0117105503
       -0.0001850023        0.0013799334        0.0026602274
       -0.0278168713       -0.0000006762        0.0148314962
       -0.0042594365        0.0032149688       -0.0001850077
       -0.0042594351       -0.0032149688       -0.0001850023
        0.0363357526       -0.0000004752       -0.0144598562
       -0.0000006028       -0.0049844189       -0.0000001629
        0.0034116309       -0.0004336215       -0.0013799993
       -0.0034115303       -0.0004336178        0.0013799334
       -0.0000004752        0.0058516707       -0.0000001555
        0.0166668838       -0.0000001177       -0.0170310315
       -0.0011026739       -0.0008501627        0.0026602348
       -0.0011026700        0.0008501323        0.0026602274
       -0.0144598562       -0.0000001555        0.0117105378
