   11   33
        0.2734863224       -0.0000101362        0.0000167550
       -0.1168701363       -0.0000046749       -0.0541300901
       -0.1168701324       -0.0000046560        0.0541471451
       -0.0185636937       -0.0000008863       -0.0000007950
       -0.0185637026       -0.0000008849       -0.0000007886
       -0.0001811398       -0.0000000487        0.0000000000
       -0.0001811513       -0.0000000537       -0.0000000087
       -0.0005642661        0.0060354563       -0.0045945299
       -0.0005642613       -0.0060355350        0.0045945188
       -0.0005642674       -0.0060355387       -0.0045945299
       -0.0005642661        0.0060354549        0.0045945301
       -0.0000101362        0.1488204148        0.0000001626
       -0.0000048188       -0.0308984075       -0.0000015737
       -0.0000048148       -0.0308983874       -0.0000015798
       -0.0000008509       -0.0388345487        0.0109636152
       -0.0000008512       -0.0388345386       -0.0109593674
       -0.0000000799       -0.0069975799        0.0047869389
       -0.0000000774       -0.0069975900       -0.0047873861
       -0.0000330024        0.0011600464       -0.0016880024
        0.0000329638        0.0011600487       -0.0016880111
        0.0000329740        0.0011600426        0.0016878839
       -0.0000330012        0.0011600400        0.0016878975
        0.0000167550        0.0000001626        0.1870291899
       -0.0501243549       -0.0000015375       -0.0606447988
        0.0501407251       -0.0000015299       -0.0606448050
       -0.0000008711        0.0130787924       -0.0314665388
       -0.0000008863       -0.0130747887       -0.0314665262
       -0.0000000473       -0.0055946887        0.0038016326
       -0.0000000412        0.0055943300        0.0038016263
        0.0002922926        0.0031760700       -0.0026024875
       -0.0002924050        0.0031760774       -0.0026024925
        0.0002922977       -0.0031761148       -0.0026025000
       -0.0002924037       -0.0031761226       -0.0026024888
       -0.1168701363       -0.0000048188       -0.0501243549
        0.1245661824       -0.0000045885        0.0612422575
       -0.0051322074       -0.0000001398       -0.0067415623
       -0.0018782649       -0.0017290837       -0.0010231075
       -0.0018782687        0.0017289838       -0.0010230998
       -0.0001526286        0.0001707775        0.0001386726
       -0.0001526149       -0.0001708088        0.0001386701
        0.0005225600        0.0008034901       -0.0005386488
        0.0002261699        0.0004091250       -0.0007570161
        0.0005225627       -0.0008035100       -0.0005386775
        0.0002261775       -0.0004091525       -0.0007570162
       -0.0000046749       -0.0308984075       -0.0000015375
       -0.0000045885        0.0200898873       -0.0000011575
       -0.0000001587        0.0057479714       -0.0000000298
        0.0058711477        0.0028930337        0.0046780576
       -0.0058712700        0.0028930351       -0.0046780674
       -0.0001113348        0.0010827588       -0.0006364398
        0.0001113351        0.0010827489        0.0006364789
       -0.0000561523       -0.0014703062        0.0013704775
        0.0000571714        0.0000246513       -0.0000578285
        0.0000561377       -0.0014702948       -0.0013705323
       -0.0000571875        0.0000246401        0.0000577775
       -0.0541300901       -0.0000015737       -0.0606447988
        0.0612422575       -0.0000011575        0.0587860299
        0.0067410639       -0.0000000212        0.0056717238
       -0.0067285373       -0.0008987789       -0.0015136938
       -0.0067285551        0.0008986989       -0.0015136999
       -0.0000935385        0.0004478963       -0.0000609474
       -0.0000935387       -0.0004479013       -0.0000609536
        0.0000785589        0.0017889850       -0.0007454263
       -0.0001751387       -0.0005889001        0.0004135076
        0.0000785539       -0.0017889948       -0.0007454463
       -0.0001751262        0.0005889237        0.0004135076
       -0.1168701324       -0.0000048148        0.0501407251
       -0.0051322074       -0.0000001587        0.0067410639
        0.1245661898       -0.0000045797       -0.0612254573
       -0.0018782772        0.0017289639        0.0010231739
       -0.0018782836       -0.0017290685        0.0010231764
       -0.0001526348       -0.0001708048       -0.0001386874
       -0.0001526186        0.0001707650       -0.0001386861
        0.0002261676       -0.0004091599        0.0007570100
        0.0005225502       -0.0008035062        0.0005386526
        0.0002261876        0.0004091277        0.0007569876
        0.0005225614        0.0008034988        0.0005386514
       -0.0000046560       -0.0308983874       -0.0000015299
       -0.0000001398        0.0057479714       -0.0000000212
       -0.0000045797        0.0200898597       -0.0000011323
       -0.0058712510        0.0028930451        0.0046780863
        0.0058711639        0.0028930502       -0.0046780485
        0.0001113602        0.0010827750       -0.0006364186
       -0.0001113212        0.0010827502        0.0006365015
       -0.0000571724        0.0000246639       -0.0000578123
        0.0000561326       -0.0014702762        0.0013704802
        0.0000572078        0.0000246726        0.0000577876
       -0.0000561312       -0.0014702974       -0.0013705049
        0.0541471451       -0.0000015798       -0.0606448050
       -0.0067415623       -0.0000000298        0.0056717238
       -0.0612254573       -0.0000011323        0.0587860347
        0.0067286452       -0.0008987811       -0.0015136986
        0.0067286426        0.0008987051       -0.0015137086
        0.0000935403        0.0004478889       -0.0000609523
        0.0000935263       -0.0004479050       -0.0000609523
        0.0001751627       -0.0005889024        0.0004135038
       -0.0000785599        0.0017889938       -0.0007454273
        0.0001751702        0.0005889289        0.0004134952
       -0.0000785474       -0.0017890024       -0.0007454287
       -0.0185636937       -0.0000008509       -0.0000008711
       -0.0018782649        0.0058711477       -0.0067285373
       -0.0018782772       -0.0058712510        0.0067286452
        0.1577760597       -0.0000084249        0.0000088276
        0.0021224639       -0.0000000185        0.0000000165
       -0.0138396959       -0.0000021898       -0.0000012361
       -0.0000396361        0.0000000051        0.0000000152
       -0.0617588174       -0.0012710960       -0.0316206737
       -0.0617588162        0.0012655926        0.0316310739
       -0.0000907671        0.0003117840        0.0001911303
       -0.0000907660       -0.0003117637       -0.0001911411
       -0.0000008863       -0.0388345487        0.0130787924
       -0.0017290837        0.0028930337       -0.0008987789
        0.0017289639        0.0028930451       -0.0008987811
       -0.0000084249        0.1250240425        0.0190430750
       -0.0000000463       -0.0036456287        0.0043652851
       -0.0000026148       -0.0594114050       -0.0325221012
       -0.0000000050       -0.0009818238       -0.0009965362
       -0.0012065638       -0.0141101150       -0.0006748401
        0.0012018924       -0.0141101087       -0.0006748387
       -0.0000067998        0.0001415951        0.0000947013
        0.0000068175        0.0001415825        0.0000947276
       -0.0000007950        0.0109636152       -0.0314665388
       -0.0010231075        0.0046780576       -0.0015136938
        0.0010231739        0.0046780863       -0.0015136986
        0.0000088276        0.0190430750        0.1404356749
        0.0000000050       -0.0043656136        0.0044649038
       -0.0000013586       -0.0328875687       -0.0371825574
        0.0000000077       -0.0014419888       -0.0010561649
       -0.0320174738       -0.0007313787       -0.0362224326
        0.0320280725       -0.0007313614       -0.0362224436
       -0.0000514986        0.0004031789        0.0001383951
        0.0000515401        0.0004031737        0.0001384014
       -0.0185637026       -0.0000008512       -0.0000008863
       -0.0018782687       -0.0058712700       -0.0067285551
       -0.0018782836        0.0058711639        0.0067286426
        0.0021224639       -0.0000000463        0.0000000050
        0.1577760725       -0.0000084249        0.0000088326
       -0.0000396486        0.0000000099       -0.0000000112
       -0.0138396950       -0.0000022075       -0.0000012412
       -0.0000907774       -0.0003117751        0.0001911486
       -0.0000907676        0.0003117800       -0.0001911475
       -0.0617588137        0.0012655738       -0.0316207138
       -0.0617588137       -0.0012710963        0.0316310725
       -0.0000008849       -0.0388345386       -0.0130747887
        0.0017289838        0.0028930351        0.0008986989
       -0.0017290685        0.0028930502        0.0008987051
       -0.0000000185       -0.0036456287       -0.0043656136
       -0.0000084249        0.1250240322       -0.0190314260
        0.0000000102       -0.0009818037        0.0009964801
       -0.0000026010       -0.0594114262        0.0325333302
        0.0000068177        0.0001415914       -0.0000947449
       -0.0000068036        0.0001416163       -0.0000947512
        0.0012019041       -0.0141100998        0.0006725077
       -0.0012065549       -0.0141101236        0.0006725126
       -0.0000007886       -0.0109593674       -0.0314665262
       -0.0010230998       -0.0046780674       -0.0015136999
        0.0010231764       -0.0046780485       -0.0015137086
        0.0000000165        0.0043652851        0.0044649038
        0.0000088326       -0.0190314260        0.1404356698
       -0.0000000010        0.0014419588       -0.0010561499
       -0.0000013587        0.0328989651       -0.0371825524
       -0.0000514962       -0.0004031398        0.0001384088
        0.0000515189       -0.0004031325        0.0001384015
       -0.0320174610        0.0007288939       -0.0362224486
        0.0320280787        0.0007288826       -0.0362224387
       -0.0001811398       -0.0000000799       -0.0000000473
       -0.0001526286       -0.0001113348       -0.0000935385
       -0.0001526348        0.0001113602        0.0000935403
       -0.0138396959       -0.0000026148       -0.0000013586
       -0.0000396486        0.0000000102       -0.0000000010
        0.0131355571       -0.0000023410       -0.0000010985
        0.0001194215       -0.0000000161       -0.0000000011
        0.0005068340       -0.0063385660       -0.0037518237
        0.0005068264        0.0063384714        0.0037518026
        0.0000485316        0.0000476389        0.0000499452
        0.0000485164       -0.0000476149       -0.0000499523
       -0.0000000487       -0.0069975799       -0.0055946887
        0.0001707775        0.0010827588        0.0004478963
       -0.0001708048        0.0010827750        0.0004478889
       -0.0000021898       -0.0594114050       -0.0328875687
        0.0000000099       -0.0009818037        0.0014419588
       -0.0000023410        0.0638631224        0.0355894740
        0.0000000114       -0.0003836399       -0.0003637524
       -0.0001158375        0.0007551326        0.0004302588
        0.0001158975        0.0007551488        0.0004302576
       -0.0000328686        0.0001177388        0.0000346763
        0.0000328976        0.0001177325        0.0000346888
        0.0000000000        0.0047869389        0.0038016326
        0.0001386726       -0.0006364398       -0.0000609474
       -0.0001386874       -0.0006364186       -0.0000609523
       -0.0000012361       -0.0325221012       -0.0371825574
       -0.0000000112        0.0009964801       -0.0010561499
       -0.0000010985        0.0355894740        0.0391793873
        0.0000000014        0.0003637400        0.0003434477
        0.0004065652       -0.0039241525       -0.0024629348
       -0.0004065750       -0.0039241525       -0.0024629499
        0.0000498090       -0.0000414336       -0.0000189948
       -0.0000498011       -0.0000414637       -0.0000189787
       -0.0001811513       -0.0000000774       -0.0000000412
       -0.0001526149        0.0001113351       -0.0000935387
       -0.0001526186       -0.0001113212        0.0000935263
       -0.0000396361       -0.0000000050        0.0000000077
       -0.0138396950       -0.0000026010       -0.0000013587
        0.0001194215        0.0000000114        0.0000000014
        0.0131355549       -0.0000023475       -0.0000011036
        0.0000485201       -0.0000476224        0.0000499600
        0.0000485225        0.0000476349       -0.0000499624
        0.0005068452        0.0063384802       -0.0037518286
        0.0005068351       -0.0063385625        0.0037518051
       -0.0000000537       -0.0069975900        0.0055943300
       -0.0001708088        0.0010827489       -0.0004479013
        0.0001707650        0.0010827502       -0.0004479050
        0.0000000051       -0.0009818238       -0.0014419888
       -0.0000022075       -0.0594114262        0.0328989651
       -0.0000000161       -0.0003836399        0.0003637400
       -0.0000023475        0.0638631499       -0.0355782437
        0.0000328713        0.0001177101       -0.0000346800
       -0.0000328812        0.0001177287       -0.0000346938
        0.0001158902        0.0007551225       -0.0004302849
       -0.0001158513        0.0007551164       -0.0004302812
       -0.0000000087       -0.0047873861        0.0038016263
        0.0001386701        0.0006364789       -0.0000609536
       -0.0001386861        0.0006365015       -0.0000609523
        0.0000000152       -0.0009965362       -0.0010561649
       -0.0000012412        0.0325333302       -0.0371825524
       -0.0000000011       -0.0003637524        0.0003434477
       -0.0000011036       -0.0355782437        0.0391793898
        0.0000498038        0.0000414751       -0.0000189800
       -0.0000498099        0.0000414812       -0.0000189836
        0.0004065565        0.0039241726       -0.0024629475
       -0.0004065662        0.0039241677       -0.0024629337
       -0.0005642661       -0.0000330024        0.0002922926
        0.0005225600       -0.0000561523        0.0000785589
        0.0002261676       -0.0000571724        0.0001751627
       -0.0617588174       -0.0012065638       -0.0320174738
       -0.0000907774        0.0000068177       -0.0000514962
        0.0005068340       -0.0001158375        0.0004065652
        0.0000485201        0.0000328713        0.0000498038
        0.0656280324        0.0014846439        0.0352475287
       -0.0046428325       -0.0000466925       -0.0041946124
        0.0001443514       -0.0000081312        0.0000496776
       -0.0000197961       -0.0000055736       -0.0000258213
        0.0060354563        0.0011600464        0.0031760700
        0.0008034901       -0.0014703062        0.0017889850
       -0.0004091599        0.0000246639       -0.0005889024
       -0.0012710960       -0.0141101150       -0.0007313787
       -0.0003117751        0.0001415914       -0.0004031398
       -0.0063385660        0.0007551326       -0.0039241525
       -0.0000476224        0.0001177101        0.0000414751
        0.0014846439        0.0139010999        0.0007266975
        0.0000466413       -0.0001903375       -0.0000337099
        0.0000081614       -0.0003323412       -0.0000730662
       -0.0000055687        0.0000027426        0.0000189013
       -0.0045945299       -0.0016880024       -0.0026024875
       -0.0005386488        0.0013704775       -0.0007454263
        0.0007570100       -0.0000578123        0.0004135038
       -0.0316206737       -0.0006748401       -0.0362224326
        0.0001911486       -0.0000947449        0.0001384088
       -0.0037518237        0.0004302588       -0.0024629348
        0.0000499600       -0.0000346800       -0.0000189800
        0.0352475287        0.0007266975        0.0374853650
        0.0041943800       -0.0000336800        0.0038716612
        0.0000496877        0.0000730464        0.0001530975
        0.0000258288       -0.0000188901       -0.0000097363
       -0.0005642613        0.0000329638       -0.0002924050
        0.0002261699        0.0000571714       -0.0001751387
        0.0005225502        0.0000561326       -0.0000785599
       -0.0617588162        0.0012018924        0.0320280725
       -0.0000907676       -0.0000068036        0.0000515189
        0.0005068264        0.0001158975       -0.0004065750
        0.0000485225       -0.0000328812       -0.0000498099
       -0.0046428325        0.0000466413        0.0041943800
        0.0656280375       -0.0014896101       -0.0352371424
       -0.0000197998        0.0000055863        0.0000258076
        0.0001443401        0.0000081312       -0.0000496749
       -0.0060355350        0.0011600487        0.0031760774
        0.0004091250        0.0000246513       -0.0005889001
       -0.0008035062       -0.0014702762        0.0017889938
        0.0012655926       -0.0141101087       -0.0007313614
        0.0003117800        0.0001416163       -0.0004031325
        0.0063384714        0.0007551488       -0.0039241525
        0.0000476349        0.0001177287        0.0000414812
       -0.0000466925       -0.0001903375       -0.0000336800
       -0.0014896101        0.0139010825        0.0007267062
        0.0000055877        0.0000027650        0.0000188901
       -0.0000081199       -0.0003323527       -0.0000730363
        0.0045945188       -0.0016880111       -0.0026024925
       -0.0007570161       -0.0000578285        0.0004135076
        0.0005386526        0.0013704802       -0.0007454273
        0.0316310739       -0.0006748387       -0.0362224436
       -0.0001911475       -0.0000947512        0.0001384015
        0.0037518026        0.0004302576       -0.0024629499
       -0.0000499624       -0.0000346938       -0.0000189836
       -0.0041946124       -0.0000337099        0.0038716612
       -0.0352371424        0.0007267062        0.0374853798
       -0.0000258061       -0.0000188923       -0.0000097536
       -0.0000496749        0.0000730388        0.0001530975
       -0.0005642674        0.0000329740        0.0002922977
        0.0005225627        0.0000561377        0.0000785539
        0.0002261876        0.0000572078        0.0001751702
       -0.0000907671       -0.0000067998       -0.0000514986
       -0.0617588137        0.0012019041       -0.0320174610
        0.0000485316       -0.0000328686        0.0000498090
        0.0005068452        0.0001158902        0.0004065565
        0.0001443514        0.0000081614        0.0000496877
       -0.0000197998        0.0000055877       -0.0000258061
        0.0656280221       -0.0014895897        0.0352475152
       -0.0046428123        0.0000466451       -0.0041946024
       -0.0060355387        0.0011600426       -0.0031761148
       -0.0008035100       -0.0014702948       -0.0017889948
        0.0004091277        0.0000246726        0.0005889289
        0.0003117840        0.0001415951        0.0004031789
        0.0012655738       -0.0141100998        0.0007288939
        0.0000476389        0.0001177388       -0.0000414336
        0.0063384802        0.0007551225        0.0039241726
       -0.0000081312       -0.0003323412        0.0000730464
        0.0000055863        0.0000027650       -0.0000188923
       -0.0014895897        0.0139010848       -0.0007286124
       -0.0000466849       -0.0001903375        0.0000336802
       -0.0045945299        0.0016878839       -0.0026025000
       -0.0005386775       -0.0013705323       -0.0007454463
        0.0007569876        0.0000577876        0.0004134952
        0.0001911303        0.0000947013        0.0001383951
       -0.0316207138        0.0006725077       -0.0362224486
        0.0000499452        0.0000346763       -0.0000189948
       -0.0037518286       -0.0004302849       -0.0024629475
        0.0000496776       -0.0000730662        0.0001530975
        0.0000258076        0.0000188901       -0.0000097536
        0.0352475152       -0.0007286124        0.0374853948
        0.0041943687        0.0000336512        0.0038716539
       -0.0005642661       -0.0000330012       -0.0002924037
        0.0002261775       -0.0000571875       -0.0001751262
        0.0005225614       -0.0000561312       -0.0000785474
       -0.0000907660        0.0000068175        0.0000515401
       -0.0617588137       -0.0012065549        0.0320280787
        0.0000485164        0.0000328976       -0.0000498011
        0.0005068351       -0.0001158513       -0.0004065662
       -0.0000197961       -0.0000055687        0.0000258288
        0.0001443401       -0.0000081199       -0.0000496749
       -0.0046428123       -0.0000466849        0.0041943687
        0.0656280199        0.0014846462       -0.0352371350
        0.0060354549        0.0011600400       -0.0031761226
       -0.0004091525        0.0000246401        0.0005889237
        0.0008034988       -0.0014702974       -0.0017890024
       -0.0003117637        0.0001415825        0.0004031737
       -0.0012710963       -0.0141101236        0.0007288826
       -0.0000476149        0.0001177325       -0.0000414637
       -0.0063385625        0.0007551164        0.0039241677
       -0.0000055736        0.0000027426       -0.0000188901
        0.0000081312       -0.0003323527        0.0000730388
        0.0000466451       -0.0001903375        0.0000336512
        0.0014846462        0.0139011050       -0.0007286026
        0.0045945301        0.0016878975       -0.0026024888
       -0.0007570162        0.0000577775        0.0004135076
        0.0005386514       -0.0013705049       -0.0007454287
       -0.0001911411        0.0000947276        0.0001384014
        0.0316310725        0.0006725126       -0.0362224387
       -0.0000499523        0.0000346888       -0.0000189787
        0.0037518051       -0.0004302812       -0.0024629337
       -0.0000258213        0.0000189013       -0.0000097363
       -0.0000496749       -0.0000730363        0.0001530975
       -0.0041946024        0.0000336802        0.0038716539
       -0.0352371350       -0.0007286026        0.0374853724
