   10   30
        0.5980956198        0.1201250350        0.0000475703
       -0.1730621999        0.0543918702       -0.1561708198
       -0.2493302100       -0.2287376999       -0.0000145349
       -0.1730621949        0.0543918702        0.1562305201
       -0.0005747600        0.0000340600        0.0000000200
       -0.0005380600       -0.0000215748        0.0000416550
       -0.0005380501       -0.0000215798       -0.0000416500
        0.0005548101        0.0005556852       -0.0000000198
       -0.0010783299        0.0002728201       -0.0000000449
       -0.0004663448       -0.0009186599       -0.0000000298
        0.1201250350        0.2638509599       -0.0000228849
        0.0260153752       -0.0375569950        0.0545032550
       -0.1732411550       -0.1888352350       -0.0000094001
        0.0260153750       -0.0375569900       -0.0545175250
        0.0008244051       -0.0006764900       -0.0000000300
        0.0001700400        0.0000159801        0.0000024049
        0.0001700499        0.0000159902       -0.0000023701
       -0.0006430550        0.0003386651        0.0000000351
        0.0003129050       -0.0005027151       -0.0000000300
        0.0003177551        0.0009064601       -0.0000000099
        0.0000475703       -0.0000228849        0.6322185098
       -0.1724289699        0.1012192402       -0.2857922949
       -0.0000136150       -0.0000078650       -0.0615146399
        0.1724891651       -0.1012354949       -0.2857922749
        0.0000000351       -0.0000000200       -0.0015588797
       -0.0004318150        0.0000581151        0.0000141701
        0.0004318200       -0.0000580799        0.0000141600
       -0.0000000348        0.0000000053        0.0016826002
       -0.0000000199        0.0000000099       -0.0013612299
       -0.0000000549        0.0000000502        0.0020902002
       -0.1730621999        0.0260153752       -0.1724289699
        0.1788502598       -0.0350883198        0.1772836801
       -0.0169185799        0.0124217750       -0.0279076500
        0.0120027501       -0.0030416999        0.0228801100
       -0.0001332600       -0.0001851699       -0.0002707650
       -0.0002098349        0.0000321151       -0.0000136450
       -0.0000267750        0.0000009901        0.0000247800
        0.0003204950        0.0002400901        0.0003054552
       -0.0002037849       -0.0001372750       -0.0003481699
       -0.0006188549       -0.0002662000        0.0005329701
        0.0543918702       -0.0375569950        0.1012192402
       -0.0350883198        0.0389672698       -0.0675326849
       -0.0160269300        0.0012880250       -0.0243612750
       -0.0030416949       -0.0027222599       -0.0097721450
       -0.0002700800        0.0001663150        0.0006056801
        0.0002572500        0.0000103401       -0.0000119199
        0.0000019800       -0.0000080998       -0.0000008251
       -0.0000263150       -0.0001460647       -0.0002710499
        0.0001048501       -0.0000802950       -0.0000434248
       -0.0003100899        0.0000816252        0.0001515002
       -0.1561708198        0.0545032550       -0.2857922949
        0.1772836801       -0.0675326849        0.3128807100
        0.0019326851        0.0031085800       -0.0002113450
       -0.0228817200        0.0097711450       -0.0268388001
       -0.0003841251        0.0002424899        0.0000884251
        0.0000549949       -0.0000274450       -0.0000067452
        0.0000003149       -0.0000217550       -0.0000019801
        0.0001375099       -0.0001028599       -0.0000895099
       -0.0000714600        0.0001089499        0.0000580800
        0.0001571000       -0.0000644850       -0.0000866049
       -0.2493302100       -0.1732411550       -0.0000136150
       -0.0169185799       -0.0160269300        0.0019326851
        0.2839233500        0.2043886150       -0.0000123501
       -0.0169185699       -0.0160269249       -0.0019327501
       -0.0001711551        0.0010808699        0.0000000151
        0.0000425450       -0.0001178348       -0.0000250951
        0.0000425649       -0.0001178398        0.0000251249
       -0.0004975749       -0.0002363798        0.0000000101
       -0.0001346750        0.0016164350        0.0000000600
       -0.0000373049       -0.0012389400        0.0000000601
       -0.2287376999       -0.1888352350       -0.0000078650
        0.0124217750        0.0012880250        0.0031085800
        0.2043886150        0.1890593200       -0.0000086800
        0.0124217850        0.0012880351       -0.0031082701
        0.0006680200       -0.0015690900       -0.0000000250
       -0.0004192300       -0.0000543000        0.0000098099
       -0.0004192252       -0.0000543049       -0.0000097650
        0.0013172649        0.0004901101        0.0000000151
        0.0005101050        0.0001671950       -0.0000000449
       -0.0020689649       -0.0017798149       -0.0000000298
       -0.0000145349       -0.0000094001       -0.0615146399
       -0.0279076500       -0.0243612750       -0.0002113450
       -0.0000123501       -0.0000086800        0.0632156599
        0.0279073501        0.0243603751       -0.0002113352
       -0.0000000149       -0.0000000250        0.0003918652
        0.0001257899       -0.0001400049       -0.0000254400
       -0.0001258051        0.0001400151       -0.0000254451
       -0.0000000099       -0.0000000048       -0.0008847300
        0.0000000000       -0.0000000701        0.0016102051
        0.0000000301       -0.0000000350       -0.0023449499
       -0.1730621949        0.0260153750        0.1724891651
        0.0120027501       -0.0030416949       -0.0228817200
       -0.0169185699        0.0124217850        0.0279073501
        0.1788502499       -0.0350883099       -0.1772235500
       -0.0001332600       -0.0001851700        0.0002707800
       -0.0000267899        0.0000009950       -0.0000247701
       -0.0002098150        0.0000321201        0.0000136650
        0.0003204900        0.0002400951       -0.0003054099
       -0.0002037800       -0.0001372700        0.0003481750
       -0.0006188549       -0.0002661899       -0.0005329397
        0.0543918702       -0.0375569900       -0.1012354949
       -0.0030416999       -0.0027222599        0.0097711450
       -0.0160269249        0.0012880351        0.0243603751
       -0.0350883099        0.0389672698        0.0675165550
       -0.0002700800        0.0001663200       -0.0006057198
        0.0000019801       -0.0000080998        0.0000007950
        0.0002572651        0.0000103502        0.0000119100
       -0.0000263098       -0.0001460597        0.0002710352
        0.0001048701       -0.0000802899        0.0000434102
       -0.0003100850        0.0000816401       -0.0001514998
        0.1562305201       -0.0545175250       -0.2857922749
        0.0228801100       -0.0097721450       -0.0268388001
       -0.0019327501       -0.0031082701       -0.0002113352
       -0.1772235500        0.0675165550        0.3128807001
        0.0003841400       -0.0002424702        0.0000884350
       -0.0000003551        0.0000217351       -0.0000019752
       -0.0000550551        0.0000274100       -0.0000067452
       -0.0001375051        0.0001028850       -0.0000895099
        0.0000714800       -0.0001089501        0.0000580800
       -0.0001571100        0.0000645350       -0.0000866099
       -0.0005747600        0.0008244051        0.0000000351
       -0.0001332600       -0.0002700800       -0.0003841251
       -0.0001711551        0.0006680200       -0.0000000149
       -0.0001332600       -0.0002700800        0.0003841400
        0.3412285099       -0.0112766200       -0.0000147399
       -0.0051183251       -0.0001663399       -0.0017028650
       -0.0051183051       -0.0001663348        0.0017027500
       -0.3189568750        0.0112032052       -0.0000150348
       -0.0165833899       -0.0041531351        0.0000000300
        0.0055600751        0.0035785000        0.0000000051
        0.0000340600       -0.0006764900       -0.0000000200
       -0.0001851699        0.0001663150        0.0002424899
        0.0010808699       -0.0015690900       -0.0000000250
       -0.0001851700        0.0001663200       -0.0002424702
       -0.0112766200        0.0549803400        0.0000009750
        0.0141887850        0.0002195350        0.0023252198
        0.0141887850        0.0002195451       -0.0023251201
        0.0200298450       -0.0531395149        0.0000009950
       -0.0411190400       -0.0092435801       -0.0000000600
        0.0032116850        0.0088767951        0.0000000401
        0.0000000200       -0.0000000300       -0.0015588797
       -0.0002707650        0.0006056801        0.0000884251
        0.0000000151       -0.0000000250        0.0003918652
        0.0002707800       -0.0006057198        0.0000884350
       -0.0000147399        0.0000009750        0.0493941099
        0.0253279450        0.0001868352        0.0020772050
       -0.0253282201       -0.0001869049        0.0020771850
       -0.0000172800        0.0000010752       -0.0547530199
       -0.0000004449       -0.0000002549        0.0056236050
       -0.0000000699        0.0000000151       -0.0034297747
       -0.0005380600        0.0001700400       -0.0004318150
       -0.0002098349        0.0002572500        0.0000549949
        0.0000425450       -0.0004192300        0.0001257899
       -0.0000267899        0.0000019801       -0.0000003551
       -0.0051183251        0.0141887850        0.0253279450
        0.0835054800       -0.0470272649       -0.0858690451
        0.0030021899       -0.0051023498       -0.0097078050
       -0.0861761350        0.0415124251        0.0801153750
        0.0048478400       -0.0015987150       -0.0099753399
        0.0006708100       -0.0019826750        0.0003655251
       -0.0000215748        0.0000159801        0.0000581151
        0.0000321151        0.0000103401       -0.0000274450
       -0.0001178348       -0.0000543000       -0.0001400049
        0.0000009950       -0.0000080998        0.0000217351
       -0.0001663399        0.0002195350        0.0001868352
       -0.0470272649        0.1111023298        0.1109682449
       -0.0051023349        0.0096913152        0.0133985350
        0.0406467650       -0.0974132247       -0.1052026698
        0.0148795051       -0.0159699599       -0.0200056898
       -0.0031245798       -0.0075941549        0.0007610653
        0.0000416550        0.0000024049        0.0000141701
       -0.0000136450       -0.0000119199       -0.0000067452
       -0.0000250951        0.0000098099       -0.0000254400
       -0.0000247701        0.0000007950       -0.0000019752
       -0.0017028650        0.0023252198        0.0020772050
       -0.0858690451        0.1109682449        0.2359754401
        0.0097072098       -0.0133993551       -0.0208761202
        0.0784957099       -0.1031066699       -0.2180575049
        0.0002133099        0.0023365099        0.0022821951
       -0.0008165250        0.0008938549       -0.0013812650
       -0.0005380501        0.0001700499        0.0004318200
       -0.0000267750        0.0000019800        0.0000003149
        0.0000425649       -0.0004192252       -0.0001258051
       -0.0002098150        0.0002572651       -0.0000550551
       -0.0051183051        0.0141887850       -0.0253282201
        0.0030021899       -0.0051023349        0.0097072098
        0.0835054601       -0.0470272499        0.0858744248
       -0.0861761201        0.0415124401       -0.0801110600
        0.0048478449       -0.0015987051        0.0099751649
        0.0006708149       -0.0019826501       -0.0003655850
       -0.0000215798        0.0000159902       -0.0000580799
        0.0000009901       -0.0000080998       -0.0000217550
       -0.0001178398       -0.0000543049        0.0001400151
        0.0000321201        0.0000103502        0.0000274100
       -0.0001663348        0.0002195451       -0.0001869049
       -0.0051023498        0.0096913152       -0.0133993551
       -0.0470272499        0.1111023298       -0.1109474300
        0.0406467751       -0.0974132247        0.1052231001
        0.0148795051       -0.0159699499        0.0200060401
       -0.0031245749       -0.0075941699       -0.0007609047
       -0.0000416500       -0.0000023701        0.0000141600
        0.0000247800       -0.0000008251       -0.0000019801
        0.0000251249       -0.0000097650       -0.0000254451
        0.0000136650        0.0000119100       -0.0000067452
        0.0017027500       -0.0023251201        0.0020771850
       -0.0097078050        0.0133985350       -0.0208761202
        0.0858744248       -0.1109474300        0.2359754501
       -0.0784890901        0.1031272001       -0.2180575049
       -0.0002127702       -0.0023384051        0.0022821850
        0.0008166350       -0.0008940749       -0.0013812650
        0.0005548101       -0.0006430550       -0.0000000348
        0.0003204950       -0.0000263150        0.0001375099
       -0.0004975749        0.0013172649       -0.0000000099
        0.0003204900       -0.0000263098       -0.0001375051
       -0.3189568750        0.0200298450       -0.0000172800
       -0.0861761350        0.0406467650        0.0784957099
       -0.0861761201        0.0406467751       -0.0784890901
        0.6048007799       -0.0697122400       -0.0000113349
       -0.1450879699       -0.0816393350       -0.0000029100
        0.0308967201        0.0493798650       -0.0000006747
        0.0005556852        0.0003386651        0.0000000053
        0.0002400901       -0.0001460647       -0.0001028599
       -0.0002363798        0.0004901101       -0.0000000048
        0.0002400951       -0.0001460597        0.0001028850
        0.0112032052       -0.0531395149        0.0000010752
        0.0415124251       -0.0974132247       -0.1031066699
        0.0415124401       -0.0974132247        0.1031272001
       -0.0697122400        0.4262802597        0.0000151051
       -0.0392712599       -0.1007097549       -0.0000050248
        0.0139274903       -0.0781422997       -0.0000004847
       -0.0000000198        0.0000000351        0.0016826002
        0.0003054552       -0.0002710499       -0.0000895099
        0.0000000101        0.0000000151       -0.0008847300
       -0.0003054099        0.0002710352       -0.0000895099
       -0.0000150348        0.0000009950       -0.0547530199
        0.0801153750       -0.1052026698       -0.2180575049
       -0.0801110600        0.1052231001       -0.2180575049
       -0.0000113349        0.0000151051        0.5215888598
       -0.0000011549       -0.0000104500       -0.0403238450
       -0.0000006199       -0.0000017948        0.0089834703
       -0.0010783299        0.0003129050       -0.0000000199
       -0.0002037849        0.0001048501       -0.0000714600
       -0.0001346750        0.0005101050        0.0000000000
       -0.0002037800        0.0001048701        0.0000714800
       -0.0165833899       -0.0411190400       -0.0000004449
        0.0048478400        0.0148795051        0.0002133099
        0.0048478449        0.0148795051       -0.0002127702
       -0.1450879699       -0.0392712599       -0.0000011549
        0.5354818799       -0.2183733351       -0.0000258200
       -0.3818868299        0.2681234551       -0.0000183499
        0.0002728201       -0.0005027151        0.0000000099
       -0.0001372750       -0.0000802950        0.0001089499
        0.0016164350        0.0001671950       -0.0000000701
       -0.0001372700       -0.0000802899       -0.0001089501
       -0.0041531351       -0.0092435801       -0.0000002549
       -0.0015987150       -0.0159699599        0.0023365099
       -0.0015987051       -0.0159699499       -0.0023384051
       -0.0816393350       -0.1007097549       -0.0000104500
       -0.2183733351        0.5185463900       -0.0000205900
        0.3058868201       -0.3761580399       -0.0000159000
       -0.0000000449       -0.0000000300       -0.0013612299
       -0.0003481699       -0.0000434248        0.0000580800
        0.0000000600       -0.0000000449        0.0016102051
        0.0003481750        0.0000434102        0.0000580800
        0.0000000300       -0.0000000600        0.0056236050
       -0.0099753399       -0.0200056898        0.0022821951
        0.0099751649        0.0200060401        0.0022821850
       -0.0000029100       -0.0000050248       -0.0403238450
       -0.0000258200       -0.0000205900        0.0356248398
       -0.0000181649       -0.0000169099       -0.0058550147
       -0.0004663448        0.0003177551       -0.0000000549
       -0.0006188549       -0.0003100899        0.0001571000
       -0.0000373049       -0.0020689649        0.0000000301
       -0.0006188549       -0.0003100850       -0.0001571100
        0.0055600751        0.0032116850       -0.0000000699
        0.0006708100       -0.0031245798       -0.0008165250
        0.0006708149       -0.0031245749        0.0008166350
        0.0308967201        0.0139274903       -0.0000006199
       -0.3818868299        0.3058868201       -0.0000181649
        0.3458288398       -0.3142805748       -0.0000156548
       -0.0009186599        0.0009064601        0.0000000502
       -0.0002662000        0.0000816252       -0.0000644850
       -0.0012389400       -0.0017798149       -0.0000000350
       -0.0002661899        0.0000816401        0.0000645350
        0.0035785000        0.0088767951        0.0000000151
       -0.0019826750       -0.0075941549        0.0008938549
       -0.0019826501       -0.0075941699       -0.0008940749
        0.0493798650       -0.0781422997       -0.0000017948
        0.2681234551       -0.3761580399       -0.0000169099
       -0.3142805748        0.4613205098       -0.0000193248
       -0.0000000298       -0.0000000099        0.0020902002
        0.0005329701        0.0001515002       -0.0000866049
        0.0000000601       -0.0000000298       -0.0023449499
       -0.0005329397       -0.0001514998       -0.0000866099
        0.0000000051        0.0000000401       -0.0034297747
        0.0003655251        0.0007610653       -0.0013812650
       -0.0003655850       -0.0007609047       -0.0013812650
       -0.0000006747       -0.0000004847        0.0089834703
       -0.0000183499       -0.0000159000       -0.0058550147
       -0.0000156548       -0.0000193248        0.0034913796
