   13   39
        0.1578296505       -0.0133675803       -0.1570160252
       -0.1473520202        0.0095955147        0.1445627947
        0.0119142996       -0.0011937453       -0.0168274252
       -0.0102761052        0.0010499348        0.0142254748
       -0.0111225052        0.0025970347        0.0160992897
       -0.0005052301       -0.0011423603       -0.0004770953
        0.0000212897       -0.0006284452       -0.0000057553
        0.0000310247        0.0000349598       -0.0000506853
       -0.0000399552       -0.0000064604       -0.0000023454
        0.0000062248       -0.0000283903       -0.0000741603
       -0.0012237803        0.0034099448       -0.0003813153
        0.0007184698       -0.0003740952       -0.0001514752
       -0.0000011153        0.0000433599        0.0001475497
       -0.0133675803        0.0476583105        0.0128580848
        0.0081320398       -0.0437228803       -0.0110468652
       -0.0011937404       -0.0009098103        0.0012537599
        0.0175802498       -0.0021753102       -0.0252773602
       -0.0139398351        0.0020363396        0.0221096548
        0.0019654298        0.0012908498       -0.0008302203
       -0.0005563503        0.0012231648        0.0002535597
       -0.0000839351       -0.0000363352        0.0000809946
        0.0000044999        0.0000488596       -0.0000182153
       -0.0001363352        0.0001364646        0.0001244346
        0.0030422598       -0.0055993002        0.0000429347
       -0.0013650303        0.0000263198        0.0004403948
       -0.0000919853        0.0000229048       -0.0000123651
       -0.1570160252        0.0128580848        0.2594013500
        0.1447517050       -0.0136550652       -0.2442715900
        0.0168265250       -0.0012541102       -0.0202438599
       -0.0023889099        0.0008213850        0.0012924451
       -0.0023454399       -0.0001415351        0.0012588750
        0.0018222600        0.0004443599        0.0000494099
       -0.0000151100       -0.0005240099        0.0007569950
        0.0000285151       -0.0000738498       -0.0000035250
       -0.0000550401        0.0000857248       -0.0000322900
       -0.0000225950        0.0000323548        0.0000223450
       -0.0001549751        0.0004029349        0.0013990248
       -0.0010616949        0.0010582100        0.0005395350
       -0.0003215050       -0.0000734249       -0.0001686249
       -0.1473520202        0.0081320398        0.1447517050
        0.5858006102        0.0501346098        0.0000392698
       -0.1473520251        0.0081320348       -0.1447034700
       -0.1226582951        0.0684102798       -0.0000028849
       -0.1632096001       -0.1471887302       -0.0000069100
        0.0161071500       -0.0179880351       -0.0000000952
       -0.0089202700        0.0180136600        0.0019078949
        0.0006688849       -0.0016193100        0.0000000048
        0.0000407299        0.0000745347        0.0001862948
        0.0000407350        0.0000745297       -0.0001862851
       -0.0089202700        0.0180136449       -0.0019082202
       -0.0004975001       -0.0005156150        0.0000000449
       -0.0037480351       -0.0036243901        0.0000000401
        0.0095955147       -0.0437228803       -0.0136550652
        0.0501346098        0.5371409804       -0.0000356452
        0.0095955046       -0.0437228853        0.0136365649
        0.0668376099       -0.1862857403       -0.0000059651
       -0.1491258303       -0.2252017502       -0.0000104352
        0.0111329248       -0.0342960053       -0.0000002852
       -0.0004387302       -0.0016010901       -0.0012683853
        0.0008258849       -0.0009156101       -0.0000000104
        0.0000172948        0.0001843146        0.0001585047
        0.0000172948        0.0001843246       -0.0001585254
       -0.0004387302       -0.0016011052        0.0012682148
        0.0054110998        0.0017993098        0.0000000398
       -0.0035174001       -0.0019628752       -0.0000000301
        0.1445627947       -0.0110468652       -0.2442715900
        0.0000392698       -0.0000356452        0.6101589102
       -0.1445151753        0.0110252297       -0.2442715900
       -0.0000030550       -0.0000060251       -0.0792422749
       -0.0000063351       -0.0000087852       -0.0452757601
       -0.0000002200       -0.0000002302        0.0004418649
       -0.0128675600        0.0249281150        0.0015437499
       -0.0000000001       -0.0000000050        0.0005676348
        0.0003687498       -0.0003543602        0.0002352050
       -0.0003687600        0.0003543548        0.0002352050
        0.0128674499       -0.0249283151        0.0015437648
       -0.0000001302        0.0000000249       -0.0027312700
       -0.0000000252       -0.0000000350        0.0010661600
        0.0119142996       -0.0011937404        0.0168265250
       -0.1473520251        0.0095955046       -0.1445151753
        0.1578296605       -0.0133675952        0.1570633898
       -0.0102761102        0.0010499298       -0.0142255101
       -0.0111225101        0.0025970347       -0.0160993702
       -0.0005052401       -0.0011423653        0.0004770898
       -0.0012237902        0.0034099548        0.0003813047
        0.0000310197        0.0000349549        0.0000507197
        0.0000062248       -0.0000284004        0.0000741797
       -0.0000399552       -0.0000064703        0.0000023647
        0.0000212897       -0.0006284552        0.0000057798
        0.0007184649       -0.0003741101        0.0001515248
       -0.0000011202        0.0000433549       -0.0001475301
       -0.0011937453       -0.0009098103       -0.0012541102
        0.0081320348       -0.0437228853        0.0110252297
       -0.0133675952        0.0476583205       -0.0128777550
        0.0175802448       -0.0021753101        0.0252771198
       -0.0139398452        0.0020363396       -0.0221100052
        0.0019654249        0.0012908448        0.0008302499
        0.0030422548       -0.0055992901       -0.0000430252
       -0.0000839351       -0.0000363401       -0.0000810053
       -0.0001363402        0.0001364596       -0.0001244652
        0.0000044949        0.0000488546        0.0000181846
       -0.0005563403        0.0012231447       -0.0002535704
       -0.0013650353        0.0000263198       -0.0004403702
       -0.0000919903        0.0000228948        0.0000123599
       -0.0168274252        0.0012537599       -0.0202438599
       -0.1447034700        0.0136365649       -0.2442715900
        0.1570633898       -0.0128777550        0.2594013500
        0.0023885801       -0.0008214499        0.0012924451
        0.0023453950        0.0001419149        0.0012588801
       -0.0018223099       -0.0004443450        0.0000494050
        0.0001549100       -0.0004029999        0.0013990199
       -0.0000285050        0.0000738551       -0.0000035301
        0.0000225849       -0.0000323551        0.0000223500
        0.0000550401       -0.0000857301       -0.0000322851
        0.0000151050        0.0005240400        0.0007569999
        0.0010616800       -0.0010582751        0.0005395350
        0.0003215249        0.0000734451       -0.0001686298
       -0.0102761052        0.0175802498       -0.0023889099
       -0.1226582951        0.0668376099       -0.0000030550
       -0.0102761102        0.0175802448        0.0023885801
        0.5600426101       -0.0341704052        0.0000433100
        0.0119180699       -0.0197467303       -0.0000000399
       -0.1064069200       -0.0460385851       -0.0000034001
       -0.1425002949        0.0085067200       -0.1395574800
       -0.0015419850        0.0051144400       -0.0000000101
       -0.0000860901       -0.0012473352       -0.0001920600
       -0.0000861002       -0.0012473352        0.0001921150
       -0.1425002900        0.0085067100        0.1396051748
       -0.0491904051       -0.0339505651       -0.0000006150
        0.0135611899        0.0122950600        0.0000001701
        0.0010499348       -0.0021753102        0.0008213850
        0.0684102798       -0.1862857403       -0.0000060251
        0.0010499298       -0.0021753101       -0.0008214499
       -0.0341704052        0.5014503103       -0.0000297051
        0.0182449648       -0.0212341102       -0.0000002950
       -0.0466345151       -0.1837826052       -0.0000060201
        0.0098689350       -0.0452300399        0.0116272098
        0.0022685199       -0.0042625150       -0.0000000352
       -0.0005876751        0.0003132497       -0.0001574452
       -0.0005876801        0.0003132547        0.0001574747
        0.0098689399       -0.0452300500       -0.0116445852
       -0.0116161802        0.0111587899       -0.0000001451
       -0.0171488352       -0.0228611250       -0.0000002899
        0.0142254748       -0.0252773602        0.0012924451
       -0.0000028849       -0.0000059651       -0.0792422749
       -0.0142255101        0.0252771198        0.0012924451
        0.0000433100       -0.0000297051        0.5760912001
        0.0000000000       -0.0000000601       -0.0011544749
       -0.0000051999       -0.0000054051       -0.0876185450
       -0.1423629200        0.0082526300       -0.2262570801
        0.0000000350       -0.0000000050        0.0007761149
        0.0008865550       -0.0026227302       -0.0004695350
       -0.0008865599        0.0026228348       -0.0004695451
        0.1424108049       -0.0082728199       -0.2262570702
       -0.0000011200       -0.0000002450        0.0249874600
        0.0000001398       -0.0000002099        0.0170296001
       -0.0111225052       -0.0139398351       -0.0023454399
       -0.1632096001       -0.1491258303       -0.0000063351
       -0.0111225101       -0.0139398452        0.0023453950
        0.0119180699        0.0182449648        0.0000000000
        0.1746222702        0.1578642498       -0.0000056801
       -0.0047551151        0.0035787299        0.0000000098
        0.0007175399       -0.0008447500        0.0000591248
       -0.0001074852        0.0003906450       -0.0000000001
        0.0000154499       -0.0000528053       -0.0000278501
        0.0000154499       -0.0000528001        0.0000278499
        0.0007175449       -0.0008447601       -0.0000591551
        0.0013334949       -0.0019995100        0.0000000098
        0.0009777199        0.0007700750        0.0000000000
        0.0025970347        0.0020363396       -0.0001415351
       -0.1471887302       -0.2252017502       -0.0000087852
        0.0025970347        0.0020363396        0.0001419149
       -0.0197467303       -0.0212341102       -0.0000000601
        0.1578642498        0.2445171705       -0.0000094153
        0.0054400347       -0.0032763803        0.0000000047
       -0.0002186403        0.0009783948        0.0005535547
        0.0002699547       -0.0005740452        0.0000000146
        0.0000137098        0.0000295246        0.0000432597
        0.0000137098        0.0000295246       -0.0000432553
       -0.0002186353        0.0009783797       -0.0005534804
        0.0000902048        0.0008115047        0.0000000148
       -0.0014627453       -0.0011308452        0.0000000048
        0.0160992897        0.0221096548        0.0012588750
       -0.0000069100       -0.0000104352       -0.0452757601
       -0.0160993702       -0.0221100052        0.0012588801
       -0.0000000399       -0.0000002950       -0.0011544749
       -0.0000056801       -0.0000094153        0.0427508101
       -0.0000000050       -0.0000000351        0.0006345998
        0.0004182000        0.0002217951       -0.0000070001
       -0.0000000099       -0.0000000099       -0.0000053352
       -0.0000051701       -0.0000003601       -0.0000069001
        0.0000051699        0.0000003747       -0.0000069001
       -0.0004182000       -0.0002217452       -0.0000069902
       -0.0000000151        0.0000000101        0.0004753198
       -0.0000000200       -0.0000000250        0.0000848900
       -0.0005052301        0.0019654298        0.0018222600
        0.0161071500        0.0111329248       -0.0000002200
       -0.0005052401        0.0019654249       -0.0018223099
       -0.1064069200       -0.0466345151       -0.0000051999
       -0.0047551151        0.0054400347       -0.0000000050
        0.9944074901       -0.0382067250       -0.0000426351
       -0.0144408101       -0.0144747500        0.0016098950
        0.0103149699       -0.0258689600       -0.0000001852
       -0.0112464150        0.0162410248        0.0018538050
       -0.0112464150        0.0162410248       -0.0018541951
       -0.0144408051       -0.0144747601       -0.0016104552
       -0.7608957851        0.0478812601       -0.0000365550
       -0.0963881700        0.0387570950       -0.0000035550
       -0.0011423603        0.0012908498        0.0004443599
       -0.0179880351       -0.0342960053       -0.0000002302
       -0.0011423653        0.0012908448       -0.0004443450
       -0.0460385851       -0.1837826052       -0.0000054051
        0.0035787299       -0.0032763803       -0.0000000351
       -0.0382067250        0.5410811804       -0.0000111852
        0.0038528098        0.0051277799        0.0026857798
        0.0148850798       -0.0235812051       -0.0000003104
       -0.0021730301        0.0034502396       -0.0025771703
       -0.0021730251        0.0034502347        0.0025767697
        0.0038528148        0.0051277698       -0.0026859402
        0.0459476298       -0.1089419402        0.0000023198
        0.0367104847       -0.2069418451       -0.0000071451
       -0.0004770953       -0.0008302203        0.0000494099
       -0.0000000952       -0.0000002852        0.0004418649
        0.0004770898        0.0008302499        0.0000494050
       -0.0000034001       -0.0000060201       -0.0876185450
        0.0000000098        0.0000000047        0.0006345998
       -0.0000426351       -0.0000111852        0.2334174303
       -0.0184120050       -0.0244295050        0.0001642198
       -0.0000000152       -0.0000002051       -0.0013364453
       -0.0128347151        0.0274181296        0.0012242648
        0.0128347298       -0.0274183103        0.0012242648
        0.0184120849        0.0244293048        0.0001642297
       -0.0000378452        0.0000014649       -0.0630140951
       -0.0000022952       -0.0000073202       -0.0853993201
        0.0000212897       -0.0005563503       -0.0000151100
       -0.0089202700       -0.0004387302       -0.0128675600
       -0.0012237902        0.0030422548        0.0001549100
       -0.1425002949        0.0098689350       -0.1423629200
        0.0007175399       -0.0002186403        0.0004182000
       -0.0144408101        0.0038528098       -0.0184120050
        0.1559146702       -0.0117900800        0.1515551000
       -0.0000229851        0.0001646150        0.0004281797
        0.0007556949       -0.0004946902        0.0001914098
       -0.0000389652        0.0002687597        0.0001295999
        0.0117045849       -0.0001412651        0.0168310849
       -0.0022870002       -0.0041514701        0.0025253549
        0.0003205099        0.0005831650        0.0014690700
       -0.0006284452        0.0012231648       -0.0005240099
        0.0180136600       -0.0016010901        0.0249281150
        0.0034099548       -0.0055992901       -0.0004029999
        0.0085067200       -0.0452300399        0.0082526300
       -0.0008447500        0.0009783948        0.0002217951
       -0.0144747500        0.0051277799       -0.0244295050
       -0.0117900800        0.0500717101       -0.0137189301
        0.0000742949        0.0004424700        0.0001970648
        0.0000277450       -0.0016614752       -0.0000745051
       -0.0002165551        0.0002133399       -0.0000435452
       -0.0001412501       -0.0003355450       -0.0003215902
       -0.0032213551       -0.0033932901        0.0034390999
        0.0012745700       -0.0002368151        0.0024569201
       -0.0000057553        0.0002535597        0.0007569950
        0.0019078949       -0.0012683853        0.0015437499
        0.0003813047       -0.0000430252        0.0013990199
       -0.1395574800        0.0116272098       -0.2262570801
        0.0000591248        0.0005535547       -0.0000070001
        0.0016098950        0.0026857798        0.0001642198
        0.1515551000       -0.0137189301        0.2441549603
        0.0001502599       -0.0001136050        0.0002521298
        0.0001854947       -0.0000322802        0.0006249998
       -0.0001277500       -0.0000021403       -0.0000687402
       -0.0168320702        0.0003211449       -0.0216878001
        0.0008555249       -0.0004179202       -0.0005371901
       -0.0001357401        0.0001368549       -0.0003380650
        0.0000310247       -0.0000839351        0.0000285151
        0.0006688849        0.0008258849       -0.0000000001
        0.0000310197       -0.0000839351       -0.0000285050
       -0.0015419850        0.0022685199        0.0000000350
       -0.0001074852        0.0002699547       -0.0000000099
        0.0103149699        0.0148850798       -0.0000000152
       -0.0000229851        0.0000742949        0.0001502599
        0.1973911102        0.1672548299       -0.0000069052
       -0.0104799251       -0.0123407203        0.0024793498
       -0.0104799251       -0.0123407153       -0.0024794453
       -0.0000229851        0.0000742848       -0.0001502602
        0.0017710698       -0.0012681602       -0.0000000152
       -0.1875524801       -0.1594815652       -0.0000076400
        0.0000349598       -0.0000363352       -0.0000738498
       -0.0016193100       -0.0009156101       -0.0000000050
        0.0000349549       -0.0000363401        0.0000738551
        0.0051144400       -0.0042625150       -0.0000000050
        0.0003906450       -0.0005740452       -0.0000000099
       -0.0258689600       -0.0235812051       -0.0000002051
        0.0001646150        0.0004424700       -0.0001136050
        0.1672548299        0.2277086801       -0.0000084502
        0.0044065048        0.0032257047        0.0001642898
        0.0044064998        0.0032257047       -0.0001639550
        0.0001646200        0.0004424599        0.0001136098
       -0.0005040600        0.0061101649        0.0000000600
       -0.1539258450       -0.2117491900       -0.0000078199
       -0.0000506853        0.0000809946       -0.0000035250
        0.0000000048       -0.0000000104        0.0005676348
        0.0000507197       -0.0000810053       -0.0000035301
       -0.0000000101       -0.0000000352        0.0007761149
       -0.0000000001        0.0000000146       -0.0000053352
       -0.0000001852       -0.0000003104       -0.0013364453
        0.0004281797        0.0001970648        0.0002521298
       -0.0000069052       -0.0000084502        0.0422368905
       -0.0169370352       -0.0208277103        0.0014212748
        0.0169368948        0.0208273497        0.0014212897
       -0.0004281902       -0.0001970552        0.0002521398
       -0.0000000652        0.0000000398       -0.0012062902
       -0.0000081752       -0.0000093702       -0.0443724652
       -0.0000399552        0.0000044999       -0.0000550401
        0.0000407299        0.0000172948        0.0003687498
        0.0000062248       -0.0001363402        0.0000225849
       -0.0000860901       -0.0005876751        0.0008865550
        0.0000154499        0.0000137098       -0.0000051701
       -0.0112464150       -0.0021730301       -0.0128347151
        0.0007556949        0.0000277450        0.0001854947
       -0.0104799251        0.0044065048       -0.0169370352
        0.1532623003       -0.0148378004        0.1557676649
        0.0121764849       -0.0022287904        0.0171618298
       -0.0000389551       -0.0002165602        0.0001277198
       -0.0013634001        0.0044697599        0.0021433499
       -0.1430018303        0.0112301748       -0.1467876551
       -0.0000064604        0.0000488596        0.0000857248
        0.0000745347        0.0001843146       -0.0003543602
       -0.0000284004        0.0001364596       -0.0000323551
       -0.0012473352        0.0003132497       -0.0026227302
       -0.0000528053        0.0000295246       -0.0000003601
        0.0162410248        0.0034502396        0.0274181296
       -0.0004946902       -0.0016614752       -0.0000322802
       -0.0123407203        0.0032257047       -0.0208277103
       -0.0148378004        0.0450357305       -0.0194971253
       -0.0022287954       -0.0002990954       -0.0026620803
        0.0002687698        0.0002133298        0.0000021397
        0.0030477148       -0.0042794403       -0.0036405503
        0.0115949297       -0.0463978152        0.0221438199
       -0.0000023454       -0.0000182153       -0.0000322900
        0.0001862948        0.0001585047        0.0002352050
        0.0000741797       -0.0001244652        0.0000223500
       -0.0001920600       -0.0001574452       -0.0004695350
       -0.0000278501        0.0000432597       -0.0000069001
        0.0018538050       -0.0025771703        0.0012242648
        0.0001914098       -0.0000745051        0.0006249998
        0.0024793498        0.0001642898        0.0014212748
        0.1557676649       -0.0194971253        0.2532023603
       -0.0171627602        0.0026616796       -0.0203078503
       -0.0001296401        0.0000435398       -0.0000687203
        0.0009656499        0.0000884299       -0.0006354301
       -0.1439583652        0.0192704948       -0.2352095700
        0.0000062248       -0.0001363352       -0.0000225950
        0.0000407350        0.0000172948       -0.0003687600
       -0.0000399552        0.0000044949        0.0000550401
       -0.0000861002       -0.0005876801       -0.0008865599
        0.0000154499        0.0000137098        0.0000051699
       -0.0112464150       -0.0021730251        0.0128347298
       -0.0000389652       -0.0002165551       -0.0001277500
       -0.0104799251        0.0044064998        0.0169368948
        0.0121764849       -0.0022287954       -0.0171627602
        0.1532623003       -0.0148378004       -0.1557212651
        0.0007556949        0.0000277298       -0.0001855003
       -0.0013633951        0.0044697650       -0.0021433502
       -0.1430018352        0.0112301748        0.1468345749
       -0.0000283903        0.0001364646        0.0000323548
        0.0000745297        0.0001843246        0.0003543548
       -0.0000064703        0.0000488546       -0.0000857301
       -0.0012473352        0.0003132547        0.0026228348
       -0.0000528001        0.0000295246        0.0000003747
        0.0162410248        0.0034502347       -0.0274183103
        0.0002687597        0.0002133399       -0.0000021403
       -0.0123407153        0.0032257047        0.0208273497
       -0.0022287904       -0.0002990954        0.0026616796
       -0.0148378004        0.0450357305        0.0194783647
       -0.0004946853       -0.0016614902        0.0000322697
        0.0030477247       -0.0042794403        0.0036406247
        0.0115949247       -0.0463978202       -0.0221644252
       -0.0000741603        0.0001244346        0.0000223450
       -0.0001862851       -0.0001585254        0.0002352050
        0.0000023647        0.0000181846       -0.0000322851
        0.0001921150        0.0001574747       -0.0004695451
        0.0000278499       -0.0000432553       -0.0000069001
       -0.0018541951        0.0025767697        0.0012242648
        0.0001295999       -0.0000435452       -0.0000687402
       -0.0024794453       -0.0001639550        0.0014212897
        0.0171618298       -0.0026620803       -0.0203078503
       -0.1557212651        0.0194783647        0.2532023603
       -0.0001914401        0.0000744897        0.0006250147
       -0.0009657602       -0.0000885052       -0.0006354301
        0.1440053698       -0.0192882301       -0.2352095750
       -0.0012237803        0.0030422598       -0.0001549751
       -0.0089202700       -0.0004387302        0.0128674499
        0.0000212897       -0.0005563403        0.0000151050
       -0.1425002900        0.0098689399        0.1424108049
        0.0007175449       -0.0002186353       -0.0004182000
       -0.0144408051        0.0038528148        0.0184120849
        0.0117045849       -0.0001412501       -0.0168320702
       -0.0000229851        0.0001646200       -0.0004281902
       -0.0000389551        0.0002687698       -0.0001296401
        0.0007556949       -0.0004946853       -0.0001914401
        0.1559146602       -0.0117900801       -0.1515078353
       -0.0022869902       -0.0041514652       -0.0025253351
        0.0003205149        0.0005831700       -0.0014690600
        0.0034099448       -0.0055993002        0.0004029349
        0.0180136449       -0.0016011052       -0.0249283151
       -0.0006284552        0.0012231447        0.0005240400
        0.0085067100       -0.0452300500       -0.0082728199
       -0.0008447601        0.0009783797       -0.0002217452
       -0.0144747601        0.0051277698        0.0244293048
       -0.0001412651       -0.0003355450        0.0003211449
        0.0000742848        0.0004424599       -0.0001970552
       -0.0002165602        0.0002133298        0.0000435398
        0.0000277298       -0.0016614902        0.0000744897
       -0.0117900801        0.0500717303        0.0137006698
       -0.0032213653       -0.0033933001       -0.0034390303
        0.0012745599       -0.0002368252       -0.0024568101
       -0.0003813153        0.0000429347        0.0013990248
       -0.0019082202        0.0012682148        0.0015437648
        0.0000057798       -0.0002535704        0.0007569999
        0.1396051748       -0.0116445852       -0.2262570702
       -0.0000591551       -0.0005534804       -0.0000069902
       -0.0016104552       -0.0026859402        0.0001642297
        0.0168310849       -0.0003215902       -0.0216878001
       -0.0001502602        0.0001136098        0.0002521398
        0.0001277198        0.0000021397       -0.0000687203
       -0.0001855003        0.0000322697        0.0006250147
       -0.1515078353        0.0137006698        0.2441549404
       -0.0008556452        0.0004179348       -0.0005371851
        0.0001357797       -0.0001368201       -0.0003380551
        0.0007184698       -0.0013650303       -0.0010616949
       -0.0004975001        0.0054110998       -0.0000001302
        0.0007184649       -0.0013650353        0.0010616800
       -0.0491904051       -0.0116161802       -0.0000011200
        0.0013334949        0.0000902048       -0.0000000151
       -0.7608957851        0.0459476298       -0.0000378452
       -0.0022870002       -0.0032213551        0.0008555249
        0.0017710698       -0.0005040600       -0.0000000652
       -0.0013634001        0.0030477148        0.0009656499
       -0.0013633951        0.0030477247       -0.0009657602
       -0.0022869902       -0.0032213653       -0.0008556452
        0.8536292603       -0.0551808101       -0.0000389501
       -0.0402885452        0.0188580249       -0.0000010600
       -0.0003740952        0.0000263198        0.0010582100
       -0.0005156150        0.0017993098        0.0000000249
       -0.0003741101        0.0000263198       -0.0010582751
       -0.0339505651        0.0111587899       -0.0000002450
       -0.0019995100        0.0008115047        0.0000000101
        0.0478812601       -0.1089419402        0.0000014649
       -0.0041514701       -0.0033932901       -0.0004179202
       -0.0012681602        0.0061101649        0.0000000398
        0.0044697599       -0.0042794403        0.0000884299
        0.0044697650       -0.0042794403       -0.0000885052
       -0.0041514652       -0.0033933001        0.0004179348
       -0.0551808101        0.1003204002        0.0000021498
        0.0450792099        0.0040331049       -0.0000003749
       -0.0001514752        0.0004403948        0.0005395350
        0.0000000449        0.0000000398       -0.0027312700
        0.0001515248       -0.0004403702        0.0005395350
       -0.0000006150       -0.0000001451        0.0249874600
        0.0000000098        0.0000000148        0.0004753198
       -0.0000365550        0.0000023198       -0.0630140951
        0.0025253549        0.0034390999       -0.0005371901
       -0.0000000152        0.0000000600       -0.0012062902
        0.0021433499       -0.0036405503       -0.0006354301
       -0.0021433502        0.0036406247       -0.0006354301
       -0.0025253351       -0.0034390303       -0.0005371851
       -0.0000389501        0.0000021498        0.0179446403
       -0.0000005902       -0.0000001302        0.0248114401
       -0.0000011153       -0.0000919853       -0.0003215050
       -0.0037480351       -0.0035174001       -0.0000000252
       -0.0000011202       -0.0000919903        0.0003215249
        0.0135611899       -0.0171488352        0.0000001398
        0.0009777199       -0.0014627453       -0.0000000200
       -0.0963881700        0.0367104847       -0.0000022952
        0.0003205099        0.0012745700       -0.0001357401
       -0.1875524801       -0.1539258450       -0.0000081752
       -0.1430018303        0.0115949297       -0.1439583652
       -0.1430018352        0.0115949247        0.1440053698
        0.0003205149        0.0012745599        0.0001357797
       -0.0402885452        0.0450792099       -0.0000005902
        0.5988025703        0.0687607999        0.0000377649
        0.0000433599        0.0000229048       -0.0000734249
       -0.0036243901       -0.0019628752       -0.0000000350
        0.0000433549        0.0000228948        0.0000734451
        0.0122950600       -0.0228611250       -0.0000002099
        0.0007700750       -0.0011308452       -0.0000000250
        0.0387570950       -0.2069418451       -0.0000073202
        0.0005831650       -0.0002368151        0.0001368549
       -0.1594815652       -0.2117491900       -0.0000093702
        0.0112301748       -0.0463978152        0.0192704948
        0.0112301748       -0.0463978202       -0.0192882301
        0.0005831700       -0.0002368252       -0.0001368201
        0.0188580249        0.0040331049       -0.0000001302
        0.0687607999        0.5338355501       -0.0000346050
        0.0001475497       -0.0000123651       -0.0001686249
        0.0000000401       -0.0000000301        0.0010661600
       -0.0001475301        0.0000123599       -0.0001686298
        0.0000001701       -0.0000002899        0.0170296001
        0.0000000000        0.0000000048        0.0000848900
       -0.0000035550       -0.0000071451       -0.0853993201
        0.0014690700        0.0024569201       -0.0003380650
       -0.0000076400       -0.0000078199       -0.0443724652
       -0.1467876551        0.0221438199       -0.2352095700
        0.1468345749       -0.0221644252       -0.2352095750
       -0.0014690600       -0.0024568101       -0.0003380551
       -0.0000010600       -0.0000003749        0.0248114401
        0.0000377649       -0.0000346050        0.5582130100
