ZMAT begin
3 2
2 1
1 6
6 5
5 4
4 3

1 7
4 8

2 9
3 10
6 12
5 11

2 1 6
1 6 5
6 5 4
5 4 3
4 3 2
3 2 1

7 1 2
7 1 6
8 4 3
8 4 5

9 2 1
9 2 3
10 3 4
10 3 2
12 6 1
12 6 5
11 5 4
11 5 6

4 3 2 1 T
3 2 1 6 T
2 1 6 5 T
1 6 5 4 T
6 5 4 3 T
5 4 3 2 T

7 1 2 6 O
8 4 5 3 O

9 2 1 3 O
10 3 2 4 O
12 6 5 1 O
11 5 4 6 O
ZMAT end

cart begin
C          0.0000000000        0.0000000000       -2.5902728078
C         -0.0000000000        2.2987999036       -1.3196675367
C         -0.0000000000        2.2987999036        1.3196675367
C          0.0000000000        0.0000000000        2.5902728078
C          0.0000000000       -2.2987999036        1.3196675367
C          0.0000000000       -2.2987999036       -1.3196675367
F          0.0000000000        0.0000000000       -5.1333421716
F          0.0000000000        0.0000000000        5.1333421716
H         -0.0000000000        4.0444884319       -2.3817073373
H         -0.0000000000        4.0444884319        2.3817073373
H          0.0000000000       -4.0444884319        2.3817073373
H          0.0000000000       -4.0444884319       -2.3817073373
cart end
