   16   48
        0.0138152602       -0.0000010051       -0.0000023964
       -0.0149492300       -0.0000012889       -0.0000026926
        0.0004968373        0.0039823023        0.0063654475
       -0.0002137051       -0.0000000001       -0.0000000826
        0.0004968374       -0.0039823050       -0.0063655263
        0.0000142798        0.0001077924        0.0000379413
        0.0000142811       -0.0001077876       -0.0000379352
        0.0001714661       -0.0000000001        0.0000000024
        0.0001425525        0.0000000024       -0.0000000026
        0.0000195023       -0.0000000051       -0.0000000001
       -0.0000026314       -0.0000000014        0.0000000049
       -0.0000024026       -0.0000003900        0.0000011423
       -0.0000024038        0.0000003961       -0.0000011539
        0.0000002437       -0.0000010363       -0.0000000401
        0.0000002374        0.0000010361        0.0000000436
       -0.0000011401        0.0000000037        0.0000000049
       -0.0000010051        0.0384772301        0.0335237362
       -0.0000011801       -0.0360456563       -0.0308555401
       -0.0003695751       -0.0029089875       -0.0041049525
        0.0000000025        0.0037226661        0.0053391862
        0.0003695688       -0.0029089900       -0.0041049525
       -0.0000088738        0.0002577299       -0.0002983575
        0.0000088800        0.0002577275       -0.0002983600
       -0.0000000063       -0.0015755001        0.0010187825
        0.0000000113        0.0004770550       -0.0005200088
        0.0000000074        0.0003008512        0.0002334288
        0.0000000112       -0.0000873926        0.0000741599
       -0.0000099776        0.0000014450       -0.0000147663
        0.0000099912        0.0000014438       -0.0000147600
        0.0000058913        0.0000021737        0.0000011424
       -0.0000058776        0.0000021662        0.0000011399
        0.0000000125        0.0000262000        0.0000299099
       -0.0000023964        0.0335237362        0.0637480426
       -0.0000022163       -0.0300717651       -0.0581652863
        0.0003276399        0.0001233812        0.0004034875
       -0.0000000138       -0.0048906939       -0.0058839750
       -0.0003275575        0.0001233775        0.0004034925
        0.0001992436       -0.0000077488        0.0002620713
       -0.0001992188       -0.0000077576        0.0002620737
       -0.0000000026        0.0015695824       -0.0007458262
        0.0000000075       -0.0000499050        0.0001431263
        0.0000000062       -0.0004230276       -0.0002969938
        0.0000000099        0.0001530437       -0.0000884963
        0.0000194949        0.0000059975        0.0000043249
       -0.0000194788        0.0000060062        0.0000043238
       -0.0000045576       -0.0000069813        0.0000067863
        0.0000045587       -0.0000069813        0.0000067838
        0.0000000038       -0.0000298825       -0.0000638213
       -0.0149492300       -0.0000011801       -0.0000022163
        0.1533597151        0.0000096625       -0.0000084288
       -0.0579650175        0.0312243262        0.0002330638
       -0.0234381012       -0.0000009051       -0.0000012850
       -0.0579650212       -0.0312130175       -0.0002381813
        0.0005125412       -0.0041691414        0.0067479725
        0.0005125375        0.0041691287       -0.0067480251
        0.0001462024       -0.0000000726       -0.0000000350
       -0.0007344075       -0.0000000250        0.0000000300
        0.0001751361       -0.0000000051       -0.0000000138
        0.0001651225        0.0000000062        0.0000000099
        0.0000967162        0.0001344825       -0.0000756989
        0.0000967187       -0.0001344863        0.0000757012
       -0.0000051350        0.0000158062        0.0000242537
       -0.0000051364       -0.0000158050       -0.0000242500
       -0.0000026437        0.0000000038        0.0000000011
       -0.0000012889       -0.0360456563       -0.0300717651
        0.0000096625        0.1470081551        0.0106128387
        0.0313191861       -0.0370559276        0.0000300950
       -0.0000008988       -0.0351701163        0.0155216087
       -0.0313077750       -0.0370559263        0.0000300987
        0.0003698298       -0.0028288351        0.0047122438
       -0.0003699288       -0.0028288376        0.0047122537
       -0.0000000201        0.0053595186       -0.0040718200
        0.0000000112       -0.0005391663       -0.0000716888
        0.0000000174       -0.0011681551       -0.0010045513
        0.0000000150        0.0003769062       -0.0003270138
        0.0000671550        0.0000230175        0.0000285374
       -0.0000671339        0.0000230212        0.0000285425
       -0.0000112125       -0.0000052476        0.0000175199
        0.0000112423       -0.0000052489        0.0000175187
        0.0000000050       -0.0000873862       -0.0001530201
       -0.0000026926       -0.0308555401       -0.0581652863
       -0.0000084288        0.0106128387        0.1404716751
       -0.0007838651        0.0006683862       -0.0146523375
       -0.0000012550        0.0148298099       -0.0441878963
        0.0007796125        0.0006683837       -0.0146523463
        0.0000257574       -0.0002274913        0.0002352338
       -0.0000257675       -0.0002274876        0.0002352412
       -0.0000000801        0.0038989999       -0.0090686737
        0.0000000099        0.0013159525        0.0004698300
        0.0000000099       -0.0010144964       -0.0004895213
        0.0000000087        0.0003270299       -0.0001883513
        0.0000859962        0.0000408338        0.0000286574
       -0.0000859800        0.0000408325        0.0000286587
       -0.0000117088        0.0000034387        0.0000117437
        0.0000117274        0.0000034387        0.0000117399
        0.0000000087       -0.0000741438       -0.0000885038
        0.0004968373       -0.0003695751        0.0003276399
       -0.0579650175        0.0313191861       -0.0007838651
        0.0621421627       -0.0349391751        0.0002134287
        0.0004633662       -0.0004247202       -0.0001162964
       -0.0059184526        0.0043740312        0.0000493087
        0.0002263999        0.0000694699       -0.0001821500
        0.0004001599       -0.0001032002        0.0001560774
       -0.0000013352        0.0005677211        0.0000876737
        0.0001974712       -0.0003875138        0.0002895549
       -0.0000359739       -0.0000729251       -0.0000544101
       -0.0000051276        0.0000112311       -0.0000117076
       -0.0000085026       -0.0000163475        0.0000205049
        0.0000049174       -0.0000090363        0.0000119412
       -0.0000028889        0.0000000075       -0.0000030326
        0.0000057636       -0.0000019201       -0.0000044751
        0.0000002412       -0.0000058763       -0.0000045513
        0.0039823023       -0.0029089875        0.0001233812
        0.0312243262       -0.0370559276        0.0006683862
       -0.0349391751        0.0398244951       -0.0012433088
        0.0045100124       -0.0032010526        0.0001151675
       -0.0043742900        0.0036052312       -0.0000807913
       -0.0000583963        0.0000354674       -0.0001976775
       -0.0001645351       -0.0004071863        0.0009978250
       -0.0000505051       -0.0002345189       -0.0002788775
       -0.0001096600        0.0003100837       -0.0001372025
        0.0000392099        0.0000158899        0.0000325200
       -0.0000157913       -0.0000052464       -0.0000034201
       -0.0000009513       -0.0000095425       -0.0000041877
       -0.0000300213        0.0000172112       -0.0000116437
        0.0000000075        0.0000019025        0.0000014025
       -0.0000019201        0.0000101186        0.0000090363
        0.0000010387        0.0000021687        0.0000069912
        0.0063654475       -0.0041049525        0.0004034875
        0.0002330638        0.0000300950       -0.0146523375
        0.0002134287       -0.0012433088        0.0150991950
       -0.0068091499        0.0046327175        0.0000537600
       -0.0000493962       -0.0000807875       -0.0000877837
        0.0001145462       -0.0001794176        0.0003510101
        0.0000394875        0.0009325675       -0.0014316162
       -0.0002585200        0.0004345362        0.0003152938
        0.0000857325       -0.0003766575       -0.0000667674
       -0.0000062538        0.0000246737       -0.0000180512
        0.0000242650       -0.0000175025        0.0000117462
       -0.0000035887        0.0000035500        0.0000089850
        0.0000445787       -0.0000463550        0.0000281325
       -0.0000030287       -0.0000013962       -0.0000040800
        0.0000044825       -0.0000090450       -0.0000178275
       -0.0000000462       -0.0000011175        0.0000067763
       -0.0002137051        0.0000000025       -0.0000000138
       -0.0234381012       -0.0000008988       -0.0000012550
        0.0004633662        0.0045100124       -0.0068091499
        0.1448631851        0.0000103624       -0.0000070462
        0.0004633663       -0.0045100163        0.0068090838
       -0.0538524876       -0.0308749988       -0.0007355074
       -0.0538524800        0.0308863637        0.0007307287
       -0.0265495976       -0.0000012901       -0.0000014675
        0.0069990300       -0.0000003337       -0.0000000800
        0.0054946224        0.0000000312       -0.0000000838
        0.0001751425        0.0000000137        0.0000000075
       -0.0002498587        0.0002949538       -0.0007861763
       -0.0002498525       -0.0002949388        0.0007862075
       -0.0000359675       -0.0000392038       -0.0000062450
       -0.0000359638        0.0000392037        0.0000062587
        0.0000195138        0.0000000075        0.0000000012
       -0.0000000001        0.0037226661       -0.0048906939
       -0.0000009051       -0.0351701163        0.0148298099
       -0.0004247202       -0.0032010526        0.0046327175
        0.0000103624        0.1458633852       -0.0063571839
        0.0004246349       -0.0032010551        0.0046327162
       -0.0304470615       -0.0362568002        0.0000436474
        0.0304583274       -0.0362568088        0.0000436511
       -0.0000007551       -0.0277306551       -0.0076713525
       -0.0000001613       -0.0114096938       -0.0099571088
        0.0000000386        0.0046353098        0.0040226937
        0.0000000086       -0.0011681589        0.0010144799
       -0.0001754714       -0.0000798351       -0.0003561439
        0.0001754962       -0.0000798376       -0.0003561426
        0.0000729424        0.0000158924       -0.0000246689
       -0.0000729202        0.0000158886       -0.0000246701
        0.0000000049        0.0003008562        0.0004230399
       -0.0000000826        0.0053391862       -0.0058839750
       -0.0000012850        0.0155216087       -0.0441878963
       -0.0001162964        0.0001151675        0.0000537600
       -0.0000070462       -0.0063571839        0.1344442626
        0.0001163150        0.0001151725        0.0000537663
        0.0000817586        0.0002358725       -0.0154503812
       -0.0000858063        0.0002358699       -0.0154503838
       -0.0000016739       -0.0088139388       -0.0494754625
       -0.0000000524       -0.0027565000        0.0025224450
       -0.0000000801       -0.0040231364       -0.0057796700
       -0.0000000063        0.0010044862       -0.0004895213
       -0.0000213375       -0.0001571400       -0.0000120689
        0.0000213399       -0.0001571350       -0.0000120750
       -0.0000544075       -0.0000325288       -0.0000180463
        0.0000544036       -0.0000325300       -0.0000180562
        0.0000000026       -0.0002334426       -0.0002969963
        0.0004968374        0.0003695688       -0.0003275575
       -0.0579650212       -0.0313077750        0.0007796125
       -0.0059184526       -0.0043742900       -0.0000493962
        0.0004633663        0.0004246349        0.0001163150
        0.0621421675        0.0349504000       -0.0002180288
        0.0004001562        0.0001032024       -0.0001560836
        0.0002263900       -0.0000694550        0.0001821687
       -0.0000013413       -0.0005677389       -0.0000876587
        0.0001974762        0.0003875125       -0.0002895700
       -0.0000359613        0.0000729287        0.0000544038
       -0.0000051337       -0.0000112213        0.0000117200
        0.0000049162        0.0000090413       -0.0000119388
       -0.0000084962        0.0000163487       -0.0000205063
        0.0000057625        0.0000019225        0.0000044800
       -0.0000028875        0.0000000037        0.0000030337
        0.0000002413        0.0000058937        0.0000045637
       -0.0039823050       -0.0029089900        0.0001233775
       -0.0312130175       -0.0370559263        0.0006683837
        0.0043740312        0.0036052312       -0.0000807875
       -0.0045100163       -0.0032010551        0.0001151725
        0.0349504000        0.0398244900       -0.0012433063
        0.0001645262       -0.0004071776        0.0009978201
        0.0000584088        0.0000354650       -0.0001976701
        0.0000505025       -0.0002345125       -0.0002788687
        0.0001096738        0.0003100887       -0.0001371975
       -0.0000392013        0.0000158937        0.0000325225
        0.0000158125       -0.0000052475       -0.0000034213
        0.0000300387        0.0000172088       -0.0000116425
        0.0000009700       -0.0000095400       -0.0000041899
        0.0000019250        0.0000101262        0.0000090450
        0.0000000037        0.0000018949        0.0000014037
       -0.0000010299        0.0000021713        0.0000069950
       -0.0063655263       -0.0041049525        0.0004034925
       -0.0002381813        0.0000300987       -0.0146523463
        0.0000493087       -0.0000807913       -0.0000877837
        0.0068090838        0.0046327162        0.0000537663
       -0.0002180288       -0.0012433063        0.0150991926
       -0.0000395051        0.0009325712       -0.0014316200
       -0.0001145375       -0.0001794226        0.0003510075
        0.0002585224        0.0004345362        0.0003152937
       -0.0000857250       -0.0003766601       -0.0000667663
        0.0000062612        0.0000246749       -0.0000180538
       -0.0000242438       -0.0000174988        0.0000117437
       -0.0000445650       -0.0000463587        0.0000281337
        0.0000035949        0.0000035525        0.0000089837
       -0.0000044737       -0.0000090375       -0.0000178288
        0.0000030361       -0.0000013913       -0.0000040875
        0.0000000525       -0.0000011163        0.0000067837
        0.0000142798       -0.0000088738        0.0001992436
        0.0005125412        0.0003698298        0.0000257574
        0.0002263999       -0.0000583963        0.0001145462
       -0.0538524876       -0.0304470615        0.0000817586
        0.0004001562        0.0001645262       -0.0000395051
        0.0589303377        0.0339562649       -0.0003983263
       -0.0062714376       -0.0043620327       -0.0002635664
        0.0000599186        0.0002504061        0.0003898874
       -0.0001451038        0.0001475424       -0.0001153913
       -0.0002498626       -0.0001754689        0.0000213449
        0.0000967187        0.0000671524       -0.0000859776
        0.0002634773        0.0001258762        0.0000546336
        0.0000211524       -0.0000380226       -0.0000172963
        0.0000049124        0.0000300223        0.0000445787
       -0.0000085002       -0.0000009551        0.0000035874
       -0.0000024075       -0.0000099813       -0.0000194826
        0.0001077924        0.0002577299       -0.0000077488
       -0.0041691414       -0.0028288351       -0.0002274913
        0.0000694699        0.0000354674       -0.0001794176
       -0.0308749988       -0.0362568002        0.0002358725
        0.0001032024       -0.0004071776        0.0009325712
        0.0339562649        0.0395113277       -0.0007117750
        0.0043617712        0.0036822387        0.0002141374
       -0.0048035852       -0.0036225489        0.0006702212
        0.0006743412       -0.0005959250       -0.0011333176
        0.0002949573       -0.0000798414        0.0001571299
        0.0001344949        0.0000230224       -0.0000408088
        0.0001258924        0.0002875088       -0.0000305852
        0.0000380387       -0.0000151038        0.0000820425
        0.0000090537        0.0000172225        0.0000463774
       -0.0000163377       -0.0000095389       -0.0000035376
       -0.0000003888        0.0000014437       -0.0000059801
        0.0000379413       -0.0002983575        0.0002620713
        0.0067479725        0.0047122438        0.0002352338
       -0.0001821500       -0.0001976775        0.0003510101
       -0.0007355074        0.0000436474       -0.0154503812
       -0.0001560836        0.0009978201       -0.0014316200
       -0.0003983263       -0.0007117750        0.0158721325
        0.0002634550        0.0002141363        0.0000723037
       -0.0074340738       -0.0039013413        0.0015816951
        0.0010718438       -0.0011679875       -0.0011096600
        0.0007862099        0.0003561762       -0.0000120700
        0.0000757038       -0.0000285213        0.0000286612
       -0.0000546325        0.0000305976       -0.0005042963
       -0.0000172862       -0.0000820400        0.0000633013
        0.0000119426        0.0000116463        0.0000281312
       -0.0000204950        0.0000041912        0.0000089838
       -0.0000011475        0.0000147838        0.0000043288
        0.0000142811        0.0000088800       -0.0001992188
        0.0005125375       -0.0003699288       -0.0000257675
        0.0004001599       -0.0001645351        0.0000394875
       -0.0538524800        0.0304583274       -0.0000858063
        0.0002263900        0.0000584088       -0.0001145375
       -0.0062714376        0.0043617712        0.0002634550
        0.0589303376       -0.0339450700        0.0003940249
        0.0000599199       -0.0002505588       -0.0003899325
       -0.0001451000       -0.0001475963        0.0001153837
       -0.0002498601        0.0001754837       -0.0000213387
        0.0000967213       -0.0000671425        0.0000859912
        0.0000211475        0.0000380263        0.0000172837
        0.0002634787       -0.0001258563       -0.0000546450
       -0.0000084950        0.0000009638       -0.0000035863
        0.0000049111       -0.0000300238       -0.0000445713
       -0.0000024112        0.0000099925        0.0000194887
       -0.0001077876        0.0002577275       -0.0000077576
        0.0041691287       -0.0028288376       -0.0002274876
       -0.0001032002       -0.0004071863        0.0009325675
        0.0308863637       -0.0362568088        0.0002358699
       -0.0000694550        0.0000354650       -0.0001794226
       -0.0043620327        0.0036822387        0.0002141363
       -0.0339450700        0.0395113376       -0.0007117801
        0.0048036011       -0.0036225489        0.0006702125
       -0.0006743287       -0.0005959200       -0.0011333201
       -0.0002949388       -0.0000798476        0.0001571212
       -0.0001344763        0.0000230212       -0.0000408101
       -0.0000380213       -0.0000151100        0.0000820374
       -0.0001258638        0.0002875050       -0.0000306000
        0.0000163549       -0.0000095401       -0.0000035413
       -0.0000090363        0.0000172162        0.0000463663
        0.0000004075        0.0000014474       -0.0000059901
       -0.0000379352       -0.0002983600        0.0002620737
       -0.0067480251        0.0047122537        0.0002352412
        0.0001560774        0.0009978250       -0.0014316162
        0.0007307287        0.0000436511       -0.0154503838
        0.0001821687       -0.0001976701        0.0003510075
       -0.0002635664        0.0002141374        0.0000723037
        0.0003940249       -0.0007117801        0.0158721276
        0.0074340311       -0.0039013376        0.0015817063
       -0.0010718212       -0.0011679801       -0.0011096613
       -0.0007861639        0.0003561811       -0.0000120725
       -0.0000756889       -0.0000285238        0.0000286649
        0.0000172886       -0.0000820363        0.0000633074
        0.0000546474        0.0000306037       -0.0005043026
        0.0000205088        0.0000041925        0.0000089887
       -0.0000119326        0.0000116486        0.0000281300
        0.0000011563        0.0000147850        0.0000043274
        0.0001714661       -0.0000000063       -0.0000000026
        0.0001462024       -0.0000000201       -0.0000000801
       -0.0000013352       -0.0000505051       -0.0002585200
       -0.0265495976       -0.0000007551       -0.0000016739
       -0.0000013413        0.0000505025        0.0002585224
        0.0000599186       -0.0048035852       -0.0074340738
        0.0000599199        0.0048036011        0.0074340311
        0.0775314102       -0.0000099026       -0.0000026100
       -0.0253015538       -0.0000088964        0.0000003774
       -0.0265496001       -0.0000007539       -0.0000016789
        0.0001462111       -0.0000000189       -0.0000000801
        0.0000599236       -0.0048035938        0.0074340149
        0.0000599262        0.0048036037       -0.0074340775
       -0.0000013350        0.0000505012       -0.0002585139
       -0.0000013389       -0.0000505051        0.0002585261
        0.0001714712        0.0000000049       -0.0000000014
       -0.0000000001       -0.0015755001        0.0015695824
       -0.0000000726        0.0053595186        0.0038989999
        0.0005677211       -0.0002345189        0.0004345362
       -0.0000012901       -0.0277306551       -0.0088139388
       -0.0005677389       -0.0002345125        0.0004345362
        0.0002504061       -0.0036225489       -0.0039013413
       -0.0002505588       -0.0036225489       -0.0039013376
       -0.0000099026        0.2465237502       -0.0000054600
       -0.0000086700       -0.1832025788       -0.0000086051
       -0.0000012876       -0.0277306538        0.0088181074
       -0.0000000613        0.0053595198       -0.0038996313
        0.0002504162       -0.0036225413        0.0039011361
       -0.0002505539       -0.0036225426        0.0039011262
       -0.0005677350       -0.0002345213       -0.0004345488
        0.0005677236       -0.0002345227       -0.0004345488
        0.0000000012       -0.0015755038       -0.0015696338
        0.0000000024        0.0010187825       -0.0007458262
       -0.0000000350       -0.0040718200       -0.0090686737
        0.0000876737       -0.0002788775        0.0003152938
       -0.0000014675       -0.0076713525       -0.0494754625
       -0.0000876587       -0.0002788687        0.0003152937
        0.0003898874        0.0006702212        0.0015816951
       -0.0003899325        0.0006702125        0.0015817063
       -0.0000026100       -0.0000054600        0.1466218525
        0.0000005325       -0.0000094638       -0.0356300137
       -0.0000014651        0.0076760050       -0.0494754624
       -0.0000000212        0.0040713774       -0.0090686675
       -0.0003899300       -0.0006703112        0.0015816962
        0.0003898963       -0.0006703075        0.0015816988
        0.0000876788        0.0002788776        0.0003152913
       -0.0000876501        0.0002788725        0.0003152937
        0.0000000038       -0.0010187863       -0.0007458275
        0.0001425525        0.0000000113        0.0000000075
       -0.0007344075        0.0000000112        0.0000000099
        0.0001974712       -0.0001096600        0.0000857325
        0.0069990300       -0.0000001613       -0.0000000524
        0.0001974762        0.0001096738       -0.0000857250
       -0.0001451038        0.0006743412        0.0010718438
       -0.0001451000       -0.0006743287       -0.0010718212
       -0.0253015538       -0.0000086700        0.0000005325
        0.0122779950       -0.0000093150        0.0000005325
        0.0069990362       -0.0000001700       -0.0000000550
       -0.0007344025        0.0000000112        0.0000000250
       -0.0001451000        0.0006743351       -0.0010718288
       -0.0001450938       -0.0006743287        0.0010718413
        0.0001974738        0.0001096687        0.0000857362
        0.0001974750       -0.0001096650       -0.0000857237
        0.0001425538        0.0000000113        0.0000000112
        0.0000000024        0.0004770550       -0.0000499050
       -0.0000000250       -0.0005391663        0.0013159525
       -0.0003875138        0.0003100837       -0.0003766575
       -0.0000003337       -0.0114096938       -0.0027565000
        0.0003875125        0.0003100887       -0.0003766601
        0.0001475424       -0.0005959250       -0.0011679875
       -0.0001475963       -0.0005959200       -0.0011679801
       -0.0000088964       -0.1832025788       -0.0000094638
       -0.0000093150        0.2072889076       -0.0000080750
       -0.0000003401       -0.0114096864        0.0027559387
       -0.0000000201       -0.0005391664       -0.0013160113
        0.0001475500       -0.0005959325        0.0011678887
       -0.0001475988       -0.0005959325        0.0011678888
        0.0003875075        0.0003100838        0.0003766612
       -0.0003875113        0.0003100837        0.0003766574
        0.0000000050        0.0004770562        0.0000499062
       -0.0000000026       -0.0005200088        0.0001431263
        0.0000000300       -0.0000716888        0.0004698300
        0.0002895549       -0.0001372025       -0.0000667674
       -0.0000000800       -0.0099571088        0.0025224450
       -0.0002895700       -0.0001371975       -0.0000667663
       -0.0001153913       -0.0011333176       -0.0011096600
        0.0001153837       -0.0011333201       -0.0011096613
        0.0000003774       -0.0000086051       -0.0356300137
        0.0000005325       -0.0000080750        0.0340644951
       -0.0000000751        0.0099570799        0.0025224400
        0.0000000312        0.0000717937        0.0004698274
        0.0001153912        0.0011333088       -0.0011096663
       -0.0001153876        0.0011333075       -0.0011096712
        0.0002895563        0.0001372187       -0.0000667650
       -0.0002895651        0.0001372187       -0.0000667663
       -0.0000000025        0.0005200224        0.0001431362
        0.0000195023        0.0000000074        0.0000000062
        0.0001751361        0.0000000174        0.0000000099
       -0.0000359739        0.0000392099       -0.0000062538
        0.0054946224        0.0000000386       -0.0000000801
       -0.0000359613       -0.0000392013        0.0000062612
       -0.0002498626        0.0002949573        0.0007862099
       -0.0002498601       -0.0002949388       -0.0007861639
       -0.0265496001       -0.0000012876       -0.0000014651
        0.0069990362       -0.0000003401       -0.0000000751
        0.1448631802        0.0000103661       -0.0000070376
       -0.0234380902       -0.0000008976       -0.0000012388
       -0.0538524739       -0.0308749951        0.0007307261
       -0.0538524776        0.0308863649       -0.0007355038
        0.0004633787       -0.0045100114       -0.0068091339
        0.0004633773        0.0045100136        0.0068090949
       -0.0002136926        0.0000000049       -0.0000000051
       -0.0000000051        0.0003008512       -0.0004230276
       -0.0000000051       -0.0011681551       -0.0010144964
       -0.0000729251        0.0000158899        0.0000246737
        0.0000000312        0.0046353098       -0.0040231364
        0.0000729287        0.0000158937        0.0000246749
       -0.0001754689       -0.0000798414        0.0003561762
        0.0001754837       -0.0000798476        0.0003561811
       -0.0000007539       -0.0277306538        0.0076760050
       -0.0000001700       -0.0114096864        0.0099570799
        0.0000103661        0.1458633902        0.0063622437
       -0.0000009026       -0.0351701176       -0.0148240076
       -0.0304470601       -0.0362568063       -0.0000464214
        0.0304583386       -0.0362568139       -0.0000464250
        0.0004246287       -0.0032010476       -0.0046327150
       -0.0004247189       -0.0032010588       -0.0046327151
        0.0000000037        0.0037226661        0.0048904324
       -0.0000000001        0.0002334288       -0.0002969938
       -0.0000000138       -0.0010045513       -0.0004895213
       -0.0000544101        0.0000325200       -0.0000180512
       -0.0000000838        0.0040226937       -0.0057796700
        0.0000544038        0.0000325225       -0.0000180538
        0.0000213449        0.0001571299       -0.0000120700
       -0.0000213387        0.0001571212       -0.0000120725
       -0.0000016789        0.0088181074       -0.0494754624
       -0.0000000550        0.0027559387        0.0025224400
       -0.0000070376        0.0063622437        0.1344442626
       -0.0000012750       -0.0155160851       -0.0441878976
       -0.0000858051       -0.0002385787       -0.0154503913
        0.0000817599       -0.0002385812       -0.0154503937
       -0.0001163038       -0.0001152288        0.0000537687
        0.0001163174       -0.0001152326        0.0000537637
       -0.0000000800       -0.0053395500       -0.0058839738
       -0.0000026314        0.0000000112        0.0000000099
        0.0001651225        0.0000000150        0.0000000087
       -0.0000051276       -0.0000157913        0.0000242650
        0.0001751425        0.0000000086       -0.0000000063
       -0.0000051337        0.0000158125       -0.0000242438
        0.0000967187        0.0001344949        0.0000757038
        0.0000967213       -0.0001344763       -0.0000756889
        0.0001462111       -0.0000000613       -0.0000000212
       -0.0007344025       -0.0000000201        0.0000000312
       -0.0234380902       -0.0000009026       -0.0000012750
        0.1533597026        0.0000096699       -0.0000084175
        0.0005125474       -0.0041691388       -0.0067480264
        0.0005125387        0.0041691362        0.0067479775
       -0.0579650050       -0.0312130251        0.0002330700
       -0.0579650138        0.0312243299       -0.0002381813
       -0.0149492200       -0.0000011713       -0.0000022025
       -0.0000000014       -0.0000873926        0.0001530437
        0.0000000062        0.0003769062        0.0003270299
        0.0000112311       -0.0000052464       -0.0000175025
        0.0000000137       -0.0011681589        0.0010044862
       -0.0000112213       -0.0000052475       -0.0000174988
        0.0000671524        0.0000230224       -0.0000285213
       -0.0000671425        0.0000230212       -0.0000285238
       -0.0000000189        0.0053595198        0.0040713774
        0.0000000112       -0.0005391664        0.0000717937
       -0.0000008976       -0.0351701176       -0.0155160851
        0.0000096699        0.1470081577       -0.0106018202
        0.0003698337       -0.0028288425       -0.0047122114
       -0.0003699264       -0.0028288388       -0.0047122113
       -0.0313077739       -0.0370559339       -0.0000328151
        0.0313191886       -0.0370559339       -0.0000328151
       -0.0000012863       -0.0360456638        0.0300824212
        0.0000000049        0.0000741599       -0.0000884963
        0.0000000099       -0.0003270138       -0.0001883513
       -0.0000117076       -0.0000034201        0.0000117462
        0.0000000075        0.0010144799       -0.0004895213
        0.0000117200       -0.0000034213        0.0000117437
       -0.0000859776       -0.0000408088        0.0000286612
        0.0000859912       -0.0000408101        0.0000286649
       -0.0000000801       -0.0038996313       -0.0090686675
        0.0000000250       -0.0013160113        0.0004698274
       -0.0000012388       -0.0148240076       -0.0441878976
       -0.0000084175       -0.0106018202        0.1404716701
       -0.0000257551        0.0002274750        0.0002352387
        0.0000257587        0.0002274775        0.0002352375
       -0.0007838575       -0.0006709450       -0.0146523313
        0.0007796061       -0.0006709451       -0.0146523350
       -0.0000026825        0.0308659012       -0.0581652876
       -0.0000024026       -0.0000099776        0.0000194949
        0.0000967162        0.0000671550        0.0000859962
       -0.0000085026       -0.0000009513       -0.0000035887
       -0.0002498587       -0.0001754714       -0.0000213375
        0.0000049162        0.0000300387       -0.0000445650
        0.0002634773        0.0001258924       -0.0000546325
        0.0000211475       -0.0000380213        0.0000172886
        0.0000599236        0.0002504162       -0.0003899300
       -0.0001451000        0.0001475500        0.0001153912
       -0.0538524739       -0.0304470601       -0.0000858051
        0.0005125474        0.0003698337       -0.0000257551
        0.0589303276        0.0339562688        0.0003940274
       -0.0062714300       -0.0043620238        0.0002634562
        0.0004001650        0.0001645299        0.0000395037
        0.0002264049       -0.0000583976       -0.0001145363
        0.0000142925       -0.0000088701       -0.0001992075
       -0.0000003900        0.0000014450        0.0000059975
        0.0001344825        0.0000230175        0.0000408338
       -0.0000163475       -0.0000095425        0.0000035500
        0.0002949538       -0.0000798351       -0.0001571400
        0.0000090413        0.0000172088       -0.0000463587
        0.0001258762        0.0002875088        0.0000305976
        0.0000380263       -0.0000151100       -0.0000820363
       -0.0048035938       -0.0036225413       -0.0006703112
        0.0006743351       -0.0005959325        0.0011333088
       -0.0308749951       -0.0362568063       -0.0002385787
       -0.0041691388       -0.0028288425        0.0002274750
        0.0339562688        0.0395113375        0.0007096012
        0.0043617650        0.0036822375       -0.0002141162
        0.0001032001       -0.0004071825       -0.0009325712
        0.0000694662        0.0000354613        0.0001794450
        0.0001077938        0.0002577275        0.0000077675
        0.0000011423       -0.0000147663        0.0000043249
       -0.0000756989        0.0000285374        0.0000286574
        0.0000205049       -0.0000041877        0.0000089850
       -0.0007861763       -0.0003561439       -0.0000120689
       -0.0000119388       -0.0000116425        0.0000281337
        0.0000546336       -0.0000305852       -0.0005042963
        0.0000172837        0.0000820374        0.0000633074
        0.0074340149        0.0039011361        0.0015816962
       -0.0010718288        0.0011678887       -0.0011096663
        0.0007307261       -0.0000464214       -0.0154503913
       -0.0067480264       -0.0047122114        0.0002352387
        0.0003940274        0.0007096012        0.0158721352
       -0.0002635701       -0.0002141151        0.0000722987
        0.0001560712       -0.0009978326       -0.0014316200
        0.0001821699        0.0001976724        0.0003510099
       -0.0000379275        0.0002984112        0.0002620787
       -0.0000024038        0.0000099912       -0.0000194788
        0.0000967187       -0.0000671339       -0.0000859800
        0.0000049174       -0.0000300213        0.0000445787
       -0.0002498525        0.0001754962        0.0000213399
       -0.0000084962        0.0000009700        0.0000035949
        0.0000211524        0.0000380387       -0.0000172862
        0.0002634787       -0.0001258638        0.0000546474
        0.0000599262       -0.0002505539        0.0003898963
       -0.0001450938       -0.0001475988       -0.0001153876
       -0.0538524776        0.0304583386        0.0000817599
        0.0005125387       -0.0003699264        0.0000257587
       -0.0062714300        0.0043617650       -0.0002635701
        0.0589303276       -0.0339450663       -0.0003983251
        0.0002264012        0.0000584087        0.0001145524
        0.0004001662       -0.0001645314       -0.0000395001
        0.0000142899        0.0000088875        0.0001992487
        0.0000003961        0.0000014438        0.0000060062
       -0.0001344863        0.0000230212        0.0000408325
       -0.0000090363        0.0000172112       -0.0000463550
       -0.0002949388       -0.0000798376       -0.0001571350
        0.0000163487       -0.0000095400        0.0000035525
       -0.0000380226       -0.0000151038       -0.0000820400
       -0.0001258563        0.0002875050        0.0000306037
        0.0048036037       -0.0036225426       -0.0006703075
       -0.0006743287       -0.0005959325        0.0011333075
        0.0308863649       -0.0362568139       -0.0002385812
        0.0041691362       -0.0028288388        0.0002274775
       -0.0043620238        0.0036822375       -0.0002141151
       -0.0339450663        0.0395113351        0.0007095975
       -0.0000694450        0.0000354650        0.0001794550
       -0.0001032026       -0.0004071901       -0.0009325687
       -0.0001077787        0.0002577224        0.0000077674
       -0.0000011539       -0.0000147600        0.0000043238
        0.0000757012        0.0000285425        0.0000286587
        0.0000119412       -0.0000116437        0.0000281325
        0.0007862075       -0.0003561426       -0.0000120750
       -0.0000205063       -0.0000041899        0.0000089837
       -0.0000172963        0.0000820425        0.0000633013
       -0.0000546450       -0.0000306000       -0.0005043026
       -0.0074340775        0.0039011262        0.0015816988
        0.0010718413        0.0011678888       -0.0011096712
       -0.0007355038       -0.0000464250       -0.0154503937
        0.0067479775       -0.0047122113        0.0002352375
        0.0002634562       -0.0002141162        0.0000722987
       -0.0003983251        0.0007095975        0.0158721350
       -0.0001821525        0.0001976787        0.0003510149
       -0.0001560776       -0.0009978363       -0.0014316187
        0.0000379487        0.0002984137        0.0002620762
        0.0000002437        0.0000058913       -0.0000045576
       -0.0000051350       -0.0000112125       -0.0000117088
       -0.0000028889        0.0000000075       -0.0000030287
       -0.0000359675        0.0000729424       -0.0000544075
        0.0000057625        0.0000019250       -0.0000044737
        0.0000049124        0.0000090537        0.0000119426
       -0.0000084950        0.0000163549        0.0000205088
       -0.0000013350       -0.0005677350        0.0000876788
        0.0001974738        0.0003875075        0.0002895563
        0.0004633787        0.0004246287       -0.0001163038
       -0.0579650050       -0.0313077739       -0.0007838575
        0.0004001650        0.0001032001        0.0001560712
        0.0002264012       -0.0000694450       -0.0001821525
        0.0621421626        0.0349504000        0.0002134300
       -0.0059184514       -0.0043742888        0.0000493075
        0.0004968437        0.0003695737        0.0003276399
       -0.0000010363        0.0000021737       -0.0000069813
        0.0000158062       -0.0000052476        0.0000034387
        0.0000000075        0.0000019025       -0.0000013962
       -0.0000392038        0.0000158924       -0.0000325288
        0.0000019225        0.0000101262       -0.0000090375
        0.0000300223        0.0000172225        0.0000116463
        0.0000009638       -0.0000095401        0.0000041925
        0.0000505012       -0.0002345213        0.0002788776
        0.0001096687        0.0003100838        0.0001372187
       -0.0045100114       -0.0032010476       -0.0001152288
       -0.0312130251       -0.0370559339       -0.0006709450
        0.0001645299       -0.0004071825       -0.0009978326
        0.0000584087        0.0000354650        0.0001976787
        0.0349504000        0.0398244926        0.0012411512
        0.0043740274        0.0036052212        0.0000807950
       -0.0039823000       -0.0029089963       -0.0001233838
       -0.0000000401        0.0000011424        0.0000067863
        0.0000242537        0.0000175199        0.0000117437
       -0.0000030326        0.0000014025       -0.0000040800
       -0.0000062450       -0.0000246689       -0.0000180463
        0.0000044800        0.0000090450       -0.0000178288
        0.0000445787        0.0000463774        0.0000281312
       -0.0000035863       -0.0000035413        0.0000089887
       -0.0002585139       -0.0004345488        0.0003152913
        0.0000857362        0.0003766612       -0.0000667650
       -0.0068091339       -0.0046327150        0.0000537687
        0.0002330700       -0.0000328151       -0.0146523313
        0.0000395037       -0.0009325712       -0.0014316200
        0.0001145524        0.0001794550        0.0003510149
        0.0002134300        0.0012411512        0.0150991876
       -0.0000493876        0.0000807924       -0.0000877763
        0.0063654425        0.0041049650        0.0004034874
        0.0000002374       -0.0000058776        0.0000045587
       -0.0000051364        0.0000112423        0.0000117274
        0.0000057636       -0.0000019201        0.0000044825
       -0.0000359638       -0.0000729202        0.0000544036
       -0.0000028875        0.0000000037        0.0000030361
       -0.0000085002       -0.0000163377       -0.0000204950
        0.0000049111       -0.0000090363       -0.0000119326
       -0.0000013389        0.0005677236       -0.0000876501
        0.0001974750       -0.0003875113       -0.0002895651
        0.0004633773       -0.0004247189        0.0001163174
       -0.0579650138        0.0313191886        0.0007796061
        0.0002264049        0.0000694662        0.0001821699
        0.0004001662       -0.0001032026       -0.0001560776
       -0.0059184514        0.0043740274       -0.0000493876
        0.0621421627       -0.0349391801       -0.0002180151
        0.0004968474       -0.0003695738       -0.0003275539
        0.0000010361        0.0000021662       -0.0000069813
       -0.0000158050       -0.0000052489        0.0000034387
       -0.0000019201        0.0000101186       -0.0000090450
        0.0000392037        0.0000158886       -0.0000325300
        0.0000000037        0.0000018949       -0.0000013913
       -0.0000009551       -0.0000095389        0.0000041912
       -0.0000300238        0.0000172162        0.0000116486
       -0.0000505051       -0.0002345227        0.0002788725
       -0.0001096650        0.0003100837        0.0001372187
        0.0045100136       -0.0032010588       -0.0001152326
        0.0312243299       -0.0370559339       -0.0006709451
       -0.0000583976        0.0000354613        0.0001976724
       -0.0001645314       -0.0004071901       -0.0009978363
       -0.0043742888        0.0036052212        0.0000807924
       -0.0349391801        0.0398244951        0.0012411525
        0.0039823100       -0.0029089939       -0.0001233863
        0.0000000436        0.0000011399        0.0000067838
       -0.0000242500        0.0000175187        0.0000117399
       -0.0000044751        0.0000090363       -0.0000178275
        0.0000062587       -0.0000246701       -0.0000180562
        0.0000030337        0.0000014037       -0.0000040875
        0.0000035874       -0.0000035376        0.0000089838
       -0.0000445713        0.0000463663        0.0000281300
        0.0002585261       -0.0004345488        0.0003152937
       -0.0000857237        0.0003766574       -0.0000667663
        0.0068090949       -0.0046327151        0.0000537637
       -0.0002381813       -0.0000328151       -0.0146523350
       -0.0001145363        0.0001794450        0.0003510099
       -0.0000395001       -0.0009325687       -0.0014316187
        0.0000493075        0.0000807950       -0.0000877763
       -0.0002180151        0.0012411525        0.0150991926
       -0.0063655212        0.0041049675        0.0004034887
       -0.0000011401        0.0000000125        0.0000000038
       -0.0000026437        0.0000000050        0.0000000087
        0.0000002412        0.0000010387       -0.0000000462
        0.0000195138        0.0000000049        0.0000000026
        0.0000002413       -0.0000010299        0.0000000525
       -0.0000024075       -0.0000003888       -0.0000011475
       -0.0000024112        0.0000004075        0.0000011563
        0.0001714712        0.0000000012        0.0000000038
        0.0001425538        0.0000000050       -0.0000000025
       -0.0002136926        0.0000000037       -0.0000000800
       -0.0149492200       -0.0000012863       -0.0000026825
        0.0000142925        0.0001077938       -0.0000379275
        0.0000142899       -0.0001077787        0.0000379487
        0.0004968437       -0.0039823000        0.0063654425
        0.0004968474        0.0039823100       -0.0063655212
        0.0138152525       -0.0000010038       -0.0000023850
        0.0000000037        0.0000262000       -0.0000298825
        0.0000000038       -0.0000873862       -0.0000741438
       -0.0000058763        0.0000021687       -0.0000011175
        0.0000000075        0.0003008562       -0.0002334426
        0.0000058937        0.0000021713       -0.0000011163
       -0.0000099813        0.0000014437        0.0000147838
        0.0000099925        0.0000014474        0.0000147850
        0.0000000049       -0.0015755038       -0.0010187863
        0.0000000113        0.0004770562        0.0005200224
        0.0000000049        0.0037226661       -0.0053395500
       -0.0000011713       -0.0360456638        0.0308659012
       -0.0000088701        0.0002577275        0.0002984112
        0.0000088875        0.0002577224        0.0002984137
        0.0003695737       -0.0029089963        0.0041049650
       -0.0003695738       -0.0029089939        0.0041049675
       -0.0000010038        0.0384772301       -0.0335133000
        0.0000000049        0.0000299099       -0.0000638213
        0.0000000011       -0.0001530201       -0.0000885038
       -0.0000045513        0.0000069912        0.0000067763
        0.0000000012        0.0004230399       -0.0002969963
        0.0000045637        0.0000069950        0.0000067837
       -0.0000194826       -0.0000059801        0.0000043288
        0.0000194887       -0.0000059901        0.0000043274
       -0.0000000014       -0.0015696338       -0.0007458275
        0.0000000112        0.0000499062        0.0001431362
       -0.0000000051        0.0048904324       -0.0058839738
       -0.0000022025        0.0300824212       -0.0581652876
       -0.0001992075        0.0000077675        0.0002620787
        0.0001992487        0.0000077674        0.0002620762
        0.0003276399       -0.0001233838        0.0004034874
       -0.0003275539       -0.0001233863        0.0004034887
       -0.0000023850       -0.0335133000        0.0637480376
