   18   54
        0.0961329903       -0.0000159400       -0.0000129700
       -0.0260709902       -0.0000107303        0.0000045651
       -0.0353397152       -0.0000000301       -0.0000084199
       -0.0353397255       -0.0000000202       -0.0000084100
       -0.0122976400        0.0000021100        0.0000002299
       -0.0122976400        0.0000021200        0.0000002447
       -0.0081672198        0.0000002746        0.0000011997
       -0.0081672300        0.0000002848        0.0000011997
       -0.0000277655        0.0000005048       -0.0000002001
       -0.0000277552        0.0000005096       -0.0000002200
        0.0054058151        0.0000005048        0.0000010198
        0.0054058350        0.0000005048        0.0000010445
        0.0066103846        0.0000001600        0.0000000597
        0.0066103749        0.0000001498        0.0000000699
        0.0103362149        0.0000000799        0.0000001100
        0.0103362251        0.0000000796        0.0000001302
       -0.0014559950        0.0000001651        0.0000001648
       -0.0014559853        0.0000001600        0.0000001450
       -0.0000159400        0.6858053803        0.0000159898
       -0.0000107255       -0.3040031802       -0.0000128949
       -0.0000024900       -0.1724266403        0.0841456949
       -0.0000024951       -0.1724266198       -0.0841167602
        0.0000002299       -0.0193908150       -0.0420222750
        0.0000002399       -0.0193907951        0.0420231046
        0.0000000000        0.0412154097       -0.0038267953
       -0.0000000253        0.0412154247        0.0038248848
       -0.0000003854       -0.0120401103        0.0273850449
       -0.0000003800       -0.0120401103       -0.0273851950
        0.0000001498       -0.0270130403       -0.0152047352
        0.0000001796       -0.0270130303        0.0152046195
       -0.0000001054        0.0008251550       -0.0016202702
       -0.0000001251        0.0008251499        0.0016202151
       -0.0000000452       -0.0015481950        0.0043694149
       -0.0000000199       -0.0015481854       -0.0043695499
        0.0000000151       -0.0005225399       -0.0007952002
        0.0000000148       -0.0005225354        0.0007952198
       -0.0000129700        0.0000159898        0.7249701304
        0.0000045648       -0.0000129003       -0.1421521949
       -0.0000072154        0.1146186949       -0.2491046450
       -0.0000072154       -0.1145889252       -0.2491046502
        0.0000011249       -0.0270771250        0.0408621247
        0.0000011150        0.0270780998        0.0408621497
        0.0000004999        0.0334406096       -0.0598026602
        0.0000004900       -0.0334412553       -0.0598026551
        0.0000000546       -0.0044042952        0.0040608597
        0.0000000350        0.0044036997        0.0040608546
        0.0000004499       -0.0394891504       -0.0196219952
        0.0000004599        0.0394892098       -0.0196219904
       -0.0000000003       -0.0031729053       -0.0049593652
       -0.0000000003        0.0031728598       -0.0049593601
       -0.0000001751        0.0033008598       -0.0028368854
       -0.0000001251       -0.0033010153       -0.0028368751
       -0.0000000099       -0.0012946100       -0.0000057602
       -0.0000000051        0.0012946347       -0.0000057602
       -0.0260709902       -0.0000107255        0.0000045648
        0.0961329806       -0.0000159602       -0.0000129401
       -0.0122976405        0.0000021447        0.0000002697
       -0.0122976405        0.0000021447        0.0000002549
       -0.0353397104       -0.0000000202       -0.0000084250
       -0.0353397002       -0.0000000205       -0.0000084154
        0.0054058350        0.0000005144        0.0000010195
        0.0054058046        0.0000004997        0.0000010195
        0.0066104093        0.0000001648        0.0000000648
        0.0066103900        0.0000001646        0.0000000497
       -0.0081672300        0.0000002845        0.0000012145
       -0.0081672101        0.0000002845        0.0000012093
       -0.0000277407        0.0000005249       -0.0000001904
       -0.0000277902        0.0000005147       -0.0000002103
       -0.0014560101        0.0000001648        0.0000001398
       -0.0014559703        0.0000001495        0.0000001447
        0.0103362299        0.0000000747        0.0000001498
        0.0103362498        0.0000000597        0.0000001447
       -0.0000107303       -0.3040031802       -0.0000129003
       -0.0000159602        0.6858053905        0.0000159901
        0.0000002146       -0.0193908105        0.0420231200
        0.0000002245       -0.0193908051       -0.0420222750
       -0.0000024903       -0.1724266451       -0.0841167801
       -0.0000025003       -0.1724266303        0.0841456895
        0.0000001748       -0.0270130454        0.0152046147
        0.0000001748       -0.0270130502       -0.0152047451
       -0.0000001305        0.0008251348        0.0016201997
       -0.0000001199        0.0008251445       -0.0016202753
       -0.0000000352        0.0412153997        0.0038248848
       -0.0000000253        0.0412154046       -0.0038268055
       -0.0000003703       -0.0120401052       -0.0273851853
       -0.0000003953       -0.0120401151        0.0273850398
        0.0000000097       -0.0005225354        0.0007951897
        0.0000000199       -0.0005225155       -0.0007952352
       -0.0000000452       -0.0015482050       -0.0043695502
       -0.0000000355       -0.0015482252        0.0043694249
        0.0000045651       -0.0000128949       -0.1421521949
       -0.0000129401        0.0000159901        0.7249701099
        0.0000010996        0.0270781200        0.0408621503
        0.0000011147       -0.0270771000        0.0408621551
       -0.0000071950       -0.1145889348       -0.2491046399
       -0.0000071950        0.1146187148       -0.2491046351
        0.0000004601        0.0394891950       -0.0196219850
        0.0000004351       -0.0394891299       -0.0196219901
        0.0000000196        0.0031728550       -0.0049593550
        0.0000000003       -0.0031729002       -0.0049593550
        0.0000004849       -0.0334412448       -0.0598026301
        0.0000004999        0.0334406300       -0.0598026500
        0.0000000549        0.0044037151        0.0040608901
        0.0000000350       -0.0044042699        0.0040608953
       -0.0000000102        0.0012946450       -0.0000057699
        0.0000000250       -0.0012946001       -0.0000057548
       -0.0000001197       -0.0033010048       -0.0028368652
       -0.0000001401        0.0033008700       -0.0028368700
       -0.0353397152       -0.0000024900       -0.0000072154
       -0.0122976405        0.0000002146        0.0000010996
        0.0944473607       -0.0000243054       -0.0000192301
       -0.0027325103        0.0000002848       -0.0000002103
        0.0074165496        0.0000010596        0.0000001248
        0.0089494000        0.0000002197       -0.0000000654
        0.0070296349       -0.0000000153        0.0000000546
       -0.0352826203       -0.0000033654       -0.0000098507
       -0.0279642205       -0.0000163004        0.0000013046
       -0.0020974704        0.0000000944       -0.0000000352
       -0.0018754304       -0.0000000202        0.0000001148
       -0.0057517906       -0.0000002004        0.0000007742
       -0.0014287804        0.0000001447        0.0000001444
       -0.0001274407        0.0000000594        0.0000000296
        0.0002738295        0.0000000495        0.0000000148
        0.0012697200        0.0000000196        0.0000001799
       -0.0008728603        0.0000000398        0.0000000347
        0.0064827094        0.0000001697        0.0000000796
       -0.0000000301       -0.1724266403        0.1146186949
        0.0000021447       -0.0193908105        0.0270781200
       -0.0000243054        0.7707663104        0.0527348047
        0.0000002646        0.0159166498       -0.0108801152
        0.0000010897       -0.0011780750       -0.0018254249
        0.0000002149       -0.0059545454       -0.0003466454
        0.0000002299        0.0002503148       -0.0064826503
       -0.0000020651       -0.1981350255       -0.1621470753
       -0.0000194055       -0.3659813652       -0.0004715304
        0.0000000347        0.0007318596       -0.0015355752
        0.0000001796       -0.0030365402       -0.0015916802
        0.0000009749       -0.0278751904       -0.0280155655
        0.0000000446        0.0007700299        0.0000682047
       -0.0000000202       -0.0007184855        0.0015282296
       -0.0000000102        0.0007425746       -0.0013561953
       -0.0000001151        0.0113986397        0.0180345197
        0.0000000298        0.0001191898        0.0000767298
        0.0000000097       -0.0059983753        0.0005472148
       -0.0000084199        0.0841456949       -0.2491046450
        0.0000002697        0.0420231200        0.0408621503
       -0.0000192301        0.0527348047        0.7202715500
       -0.0000002001        0.0108784801       -0.0659644400
        0.0000001651        0.0018248801       -0.0595378148
       -0.0000000449       -0.0003466451       -0.0188366198
       -0.0000001799       -0.0271701450        0.0125707348
       -0.0000116700       -0.0985992349       -0.3499817453
        0.0000018449       -0.0010828001       -0.0550584750
       -0.0000000298        0.0016787999        0.0015962701
       -0.0000002399        0.0208040751        0.0091778401
       -0.0000002601       -0.0720213751        0.0311577895
       -0.0000000003       -0.0001043350       -0.0012851652
       -0.0000000253       -0.0007589651        0.0003891350
       -0.0000000301        0.0001934200       -0.0004571251
       -0.0000002851       -0.0161343351       -0.0176867550
       -0.0000000247        0.0004403103        0.0002566648
       -0.0000000850        0.0015295049        0.0016325001
       -0.0353397255       -0.0000024951       -0.0000072154
       -0.0122976405        0.0000002245        0.0000011147
       -0.0027325103        0.0000002646       -0.0000002001
        0.0944473607       -0.0000243003       -0.0000192304
        0.0089493898        0.0000001850       -0.0000000603
        0.0074165598        0.0000010647        0.0000001296
       -0.0352826052       -0.0000033654       -0.0000098606
        0.0070296096       -0.0000000153        0.0000000645
       -0.0020974807        0.0000000898       -0.0000000205
       -0.0279642404       -0.0000162856        0.0000012798
       -0.0057518105       -0.0000001901        0.0000007796
       -0.0018754054       -0.0000000304        0.0000001194
       -0.0001274304        0.0000000597        0.0000000244
       -0.0014288105        0.0000001396        0.0000001296
        0.0012696597        0.0000000347        0.0000001646
        0.0002738699        0.0000000446        0.0000000347
        0.0064827395        0.0000001799        0.0000000696
       -0.0008728705        0.0000000446        0.0000000497
       -0.0000000202       -0.1724266198       -0.1145889252
        0.0000021447       -0.0193908051       -0.0270771000
        0.0000002848        0.0159166498        0.0108784801
       -0.0000243003        0.7707663002       -0.0527016300
        0.0000001998       -0.0059545451        0.0003464899
        0.0000010900       -0.0011780602        0.0018248798
       -0.0000020449       -0.1981350204        0.1621887048
        0.0000001950        0.0002503347        0.0064825647
        0.0000000696        0.0007318599        0.0015356548
       -0.0000194350       -0.3659813601        0.0004329146
        0.0000009751       -0.0278751901        0.0280162999
        0.0000001899       -0.0030365351        0.0015917095
        0.0000000045       -0.0007184698       -0.0015281952
        0.0000000298        0.0007700348       -0.0000681200
       -0.0000001253        0.0113986448       -0.0180353950
        0.0000000151        0.0007425848        0.0013562152
        0.0000000151       -0.0059983699       -0.0005472552
        0.0000000398        0.0001191748       -0.0000766701
       -0.0000084100       -0.0841167602       -0.2491046502
        0.0000002549       -0.0420222750        0.0408621551
       -0.0000002103       -0.0108801152       -0.0659644400
       -0.0000192304       -0.0527016300        0.7202715602
       -0.0000000452        0.0003464950       -0.0188366349
        0.0000001498       -0.0018254102       -0.0595378202
       -0.0000116600        0.0986448148       -0.3499817501
       -0.0000002100        0.0271703948        0.0125707297
       -0.0000000304       -0.0016788101        0.0015962647
        0.0000018449        0.0010478948       -0.0550584900
       -0.0000002751        0.0720234348        0.0311577847
       -0.0000002299       -0.0208037204        0.0091778347
        0.0000000045        0.0007589799        0.0003891248
       -0.0000000153        0.0001043946       -0.0012851601
       -0.0000003200        0.0161328899       -0.0176867752
       -0.0000000102       -0.0001933805       -0.0004571052
       -0.0000000799       -0.0015295697        0.0016324998
       -0.0000000401       -0.0004402452        0.0002566500
       -0.0122976400        0.0000002299        0.0000011249
       -0.0353397104       -0.0000024903       -0.0000071950
        0.0074165496        0.0000010897        0.0000001651
        0.0089493898        0.0000001998       -0.0000000452
        0.0944473402       -0.0000242849       -0.0000192298
       -0.0027324899        0.0000002899       -0.0000002052
       -0.0018754147       -0.0000000253        0.0000001251
       -0.0057517900       -0.0000001751        0.0000007847
       -0.0014287906        0.0000001350        0.0000001450
       -0.0001274202        0.0000000298        0.0000000199
        0.0070296301        0.0000000051        0.0000000597
       -0.0352826004       -0.0000033552       -0.0000098504
       -0.0279642103       -0.0000162751        0.0000013097
       -0.0020974801        0.0000001049       -0.0000000051
       -0.0008728750        0.0000000747        0.0000000350
        0.0064827401        0.0000001899        0.0000000699
        0.0002738801        0.0000000401        0.0000000648
        0.0012696898        0.0000000298        0.0000001899
        0.0000021100       -0.0193908150       -0.0270771250
       -0.0000000202       -0.1724266451       -0.1145889348
        0.0000010596       -0.0011780750        0.0018248801
        0.0000001850       -0.0059545451        0.0003464950
       -0.0000242849        0.7707663201       -0.0527016499
        0.0000002851        0.0159166549        0.0108784599
        0.0000001700       -0.0030365553        0.0015917047
        0.0000009601       -0.0278751853        0.0280162897
        0.0000000546        0.0007700149       -0.0000681300
       -0.0000000099       -0.0007185054       -0.0015282001
        0.0000001850        0.0002503100        0.0064825599
       -0.0000020452       -0.1981350351        0.1621886898
       -0.0000194203       -0.3659813549        0.0004329149
        0.0000000099        0.0007318548        0.0015356400
       -0.0000000003        0.0001191700       -0.0000767150
        0.0000000301       -0.0059983850       -0.0005472850
        0.0000000301        0.0007425854        0.0013561998
       -0.0000001202        0.0113986201       -0.0180353800
        0.0000002299       -0.0420222750        0.0408621247
       -0.0000084250       -0.0841167801       -0.2491046399
        0.0000001248       -0.0018254249       -0.0595378148
       -0.0000000603        0.0003464899       -0.0188366349
       -0.0000192298       -0.0527016499        0.7202715801
       -0.0000002100       -0.0108801152       -0.0659644701
       -0.0000002299       -0.0208037252        0.0091778250
       -0.0000002800        0.0720234300        0.0311577600
       -0.0000000003        0.0001043850       -0.0012851802
       -0.0000000199        0.0007589597        0.0003890997
       -0.0000002200        0.0271703848        0.0125707248
       -0.0000116600        0.0986448049       -0.3499817501
        0.0000018247        0.0010478948       -0.0550585102
       -0.0000000702       -0.0016788101        0.0015962499
       -0.0000000699       -0.0004402401        0.0002566250
       -0.0000000898       -0.0015295703        0.0016324901
       -0.0000000199       -0.0001933950       -0.0004571203
       -0.0000003101        0.0161328700       -0.0176867701
       -0.0122976400        0.0000002399        0.0000011150
       -0.0353397002       -0.0000025003       -0.0000071950
        0.0089494000        0.0000002149       -0.0000000449
        0.0074165598        0.0000010900        0.0000001498
       -0.0027324899        0.0000002851       -0.0000002100
        0.0944473402       -0.0000242702       -0.0000192352
       -0.0057517653       -0.0000001802        0.0000007898
       -0.0018754201       -0.0000000099        0.0000001197
       -0.0001274202        0.0000000551        0.0000000298
       -0.0014287798        0.0000001549        0.0000001248
       -0.0352826203       -0.0000033552       -0.0000098501
        0.0070296500       -0.0000000102        0.0000000796
       -0.0020974801        0.0000001052       -0.0000000051
       -0.0279642404       -0.0000162754        0.0000013051
        0.0064826997        0.0000001947        0.0000000600
       -0.0008728301        0.0000000549        0.0000000600
        0.0012697200        0.0000000452        0.0000001899
        0.0002738597        0.0000000449        0.0000000401
        0.0000021200       -0.0193907951        0.0270780998
       -0.0000000205       -0.1724266303        0.1146187148
        0.0000002197       -0.0059545454       -0.0003466451
        0.0000010647       -0.0011780602       -0.0018254102
        0.0000002899        0.0159166549       -0.0108801152
       -0.0000242702        0.7707663104        0.0527347896
        0.0000009899       -0.0278751702       -0.0280155754
        0.0000001597       -0.0030365302       -0.0015916854
       -0.0000000006       -0.0007184951        0.0015282146
        0.0000000398        0.0007700194        0.0000681896
       -0.0000020603       -0.1981350351       -0.1621470753
        0.0000002046        0.0002503197       -0.0064826506
        0.0000000443        0.0007318650       -0.0015355602
       -0.0000194305       -0.3659813501       -0.0004715253
       -0.0000000404       -0.0059983805        0.0005472000
        0.0000000298        0.0001191748        0.0000767250
       -0.0000001151        0.0113986152        0.0180345145
        0.0000000097        0.0007425749       -0.0013561703
        0.0000002447        0.0420231046        0.0408621497
       -0.0000084154        0.0841456895       -0.2491046351
       -0.0000000654       -0.0003466454       -0.0188366198
        0.0000001296        0.0018248798       -0.0595378202
       -0.0000002052        0.0108784599       -0.0659644701
       -0.0000192352        0.0527347896        0.7202715705
       -0.0000002652       -0.0720213905        0.0311577847
       -0.0000002402        0.0208040447        0.0091778247
       -0.0000000006       -0.0007589702        0.0003891199
       -0.0000000153       -0.0001043603       -0.0012851902
       -0.0000116901       -0.0985992503       -0.3499817501
       -0.0000001955       -0.0271701504        0.0125707197
       -0.0000000355        0.0016787948        0.0015962598
        0.0000018198       -0.0010828003       -0.0550584804
       -0.0000001103        0.0015294947        0.0016324799
       -0.0000000301        0.0004402946        0.0002566350
       -0.0000003052       -0.0161343451       -0.0176867604
       -0.0000000205        0.0001933947       -0.0004571152
       -0.0081672198        0.0000000000        0.0000004999
        0.0054058350        0.0000001748        0.0000004601
        0.0070296349        0.0000002299       -0.0000001799
       -0.0352826052       -0.0000020449       -0.0000116600
       -0.0018754147        0.0000001700       -0.0000002299
       -0.0057517653        0.0000009899       -0.0000002652
        0.0965242901       -0.0000188803       -0.0000249651
        0.0003536650       -0.0000001199        0.0000000151
       -0.0002606052        0.0000000398        0.0000000350
        0.0016847250        0.0000002498       -0.0000000500
       -0.0400828250       -0.0000116802        0.0000014597
        0.0001309948       -0.0000000503        0.0000000796
        0.0000205296        0.0000000398        0.0000000350
        0.0095177549        0.0000000699        0.0000001199
       -0.0290904754       -0.0000030153       -0.0000122603
       -0.0007025849        0.0000000446        0.0000000350
        0.0004876850       -0.0000000099        0.0000001950
        0.0001344247        0.0000000199        0.0000000250
        0.0000002746        0.0412154097        0.0334406096
        0.0000005144       -0.0270130454        0.0394891950
       -0.0000000153        0.0002503148       -0.0271701450
       -0.0000033654       -0.1981350204        0.0986448148
       -0.0000000253       -0.0030365553       -0.0208037252
       -0.0000001802       -0.0278751702       -0.0720213905
       -0.0000188803        0.6897883605        0.0086152644
       -0.0000001353        0.0190012148        0.0102103698
       -0.0000000054        0.0000546049       -0.0004575955
       -0.0000004852       -0.0112662255        0.0288223697
       -0.0000116952       -0.3237998254        0.0333119647
       -0.0000000554       -0.0181728603        0.0093304993
        0.0000000094        0.0002241546       -0.0001915706
       -0.0000002257        0.0006596994       -0.0020083502
       -0.0000033603       -0.1329997053       -0.1351373902
       -0.0000000051        0.0001323497       -0.0002253154
        0.0000000298       -0.0087281401       -0.0040631005
       -0.0000000054       -0.0002988952        0.0002684149
        0.0000011997       -0.0038267953       -0.0598026602
        0.0000010195        0.0152046147       -0.0196219850
        0.0000000546       -0.0064826503        0.0125707348
       -0.0000098606        0.1621887048       -0.3499817501
        0.0000001251        0.0015917047        0.0091778250
        0.0000007898       -0.0280155754        0.0311577847
       -0.0000249651        0.0086152644        0.7975541405
        0.0000000048       -0.0102106551       -0.0063184652
        0.0000000296        0.0002822000        0.0002164697
        0.0000000449       -0.0051714454        0.0049332448
        0.0000014447       -0.0333403102       -0.1196238003
        0.0000000847        0.0093304848       -0.0051687707
        0.0000000193       -0.0000381502        0.0002286095
       -0.0000000102       -0.0032858054       -0.0046964652
       -0.0000144703       -0.1360216652       -0.2933650902
        0.0000000000       -0.0003110301       -0.0005025703
       -0.0000002552        0.0294090151        0.0032471448
        0.0000000045        0.0001279145       -0.0000043951
       -0.0081672300       -0.0000000253        0.0000004900
        0.0054058046        0.0000001748        0.0000004351
       -0.0352826203       -0.0000020651       -0.0000116700
        0.0070296096        0.0000001950       -0.0000002100
       -0.0057517900        0.0000009601       -0.0000002800
       -0.0018754201        0.0000001597       -0.0000002402
        0.0003536650       -0.0000001353        0.0000000048
        0.0965243203       -0.0000188950       -0.0000249801
        0.0016847298        0.0000002447       -0.0000000603
       -0.0002606203        0.0000000296       -0.0000000003
        0.0001309650       -0.0000000603        0.0000000648
       -0.0400828202       -0.0000116802        0.0000014444
        0.0095177646        0.0000000500        0.0000000898
        0.0000204994        0.0000000298        0.0000000298
       -0.0007026404        0.0000000296        0.0000000250
       -0.0290904399       -0.0000030403       -0.0000122603
        0.0001344398        0.0000000202        0.0000000048
        0.0004876495       -0.0000000452        0.0000001799
        0.0000002848        0.0412154247       -0.0334412553
        0.0000004997       -0.0270130502       -0.0394891299
       -0.0000033654       -0.1981350255       -0.0985992349
       -0.0000000153        0.0002503347        0.0271703948
       -0.0000001751       -0.0278751853        0.0720234300
       -0.0000000099       -0.0030365302        0.0208040447
       -0.0000001199        0.0190012148       -0.0102106551
       -0.0000188950        0.6897883503       -0.0085631902
       -0.0000004655       -0.0112662204       -0.0288226204
       -0.0000000051        0.0000546345        0.0004576049
       -0.0000000750       -0.0181728603       -0.0093307253
       -0.0000116802       -0.3237998254       -0.0333403153
       -0.0000002106        0.0006597250        0.0020083297
       -0.0000000202        0.0002241796        0.0001915950
       -0.0000000250        0.0001323548        0.0002252898
       -0.0000033251       -0.1329997002        0.1351722599
        0.0000000048       -0.0002988799       -0.0002684203
        0.0000000298       -0.0087281452        0.0040623149
        0.0000011997        0.0038248848       -0.0598026551
        0.0000010195       -0.0152047451       -0.0196219901
       -0.0000098507       -0.1621470753       -0.3499817453
        0.0000000645        0.0064825647        0.0125707297
        0.0000007847        0.0280162897        0.0311577600
        0.0000001197       -0.0015916854        0.0091778247
        0.0000000151        0.0102103698       -0.0063184652
       -0.0000249801       -0.0085631902        0.7975541405
        0.0000000495        0.0051708449        0.0049332445
        0.0000000000       -0.0002822154        0.0002164546
        0.0000000549       -0.0093307301       -0.0051687653
        0.0000014694        0.0333119797       -0.1196237855
        0.0000000244        0.0032857500       -0.0046964604
       -0.0000000153        0.0000381897        0.0002285998
       -0.0000000352        0.0003110696       -0.0005025902
       -0.0000144450        0.1360546295       -0.2933650603
        0.0000000199       -0.0001278900       -0.0000043852
       -0.0000002805       -0.0294090154        0.0032471351
       -0.0000277655       -0.0000003854        0.0000000546
        0.0066104093       -0.0000001305        0.0000000196
       -0.0279642205       -0.0000194055        0.0000018449
       -0.0020974807        0.0000000696       -0.0000000304
       -0.0014287906        0.0000000546       -0.0000000003
       -0.0001274202       -0.0000000006       -0.0000000006
       -0.0002606052       -0.0000000054        0.0000000296
        0.0016847298       -0.0000004655        0.0000000495
        0.0194010408       -0.0000176306        0.0000014046
        0.0001134799        0.0000000244       -0.0000000153
        0.0000205097       -0.0000000054        0.0000000045
        0.0095177893       -0.0000002206        0.0000000193
       -0.0011628407        0.0000000298        0.0000000145
        0.0001741893        0.0000000097        0.0000000145
        0.0001567395        0.0000000196       -0.0000000102
       -0.0047514601        0.0000000344        0.0000000097
        0.0000294995        0.0000000296        0.0000000094
        0.0001188397        0.0000000145        0.0000000344
        0.0000005048       -0.0120401103       -0.0044042952
        0.0000001648        0.0008251348        0.0031728550
       -0.0000163004       -0.3659813652       -0.0010828001
        0.0000000898        0.0007318599       -0.0016788101
        0.0000001350        0.0007700149        0.0001043850
        0.0000000551       -0.0007184951       -0.0007589702
        0.0000000398        0.0000546049        0.0002822000
        0.0000002447       -0.0112662204        0.0051708449
       -0.0000176306        0.3861687503        0.0012833348
        0.0000000051        0.0004816098        0.0007933500
        0.0000000148        0.0002241549        0.0000381698
        0.0000000446        0.0006596895       -0.0032858154
        0.0000000045       -0.0001103501       -0.0000047802
       -0.0000000205       -0.0001462453        0.0002567549
       -0.0000000151       -0.0000171553        0.0000600150
        0.0000000099        0.0010317547       -0.0001933250
        0.0000000048        0.0000548400        0.0000419448
        0.0000000048       -0.0007223454        0.0001698550
       -0.0000002001        0.0273850449        0.0040608597
        0.0000000648        0.0016201997       -0.0049593550
        0.0000013046       -0.0004715304       -0.0550584750
       -0.0000000205        0.0015356548        0.0015962647
        0.0000001450       -0.0000681300       -0.0012851802
        0.0000000298        0.0015282146        0.0003891199
        0.0000000350       -0.0004575955        0.0002164697
       -0.0000000603       -0.0288226204        0.0049332445
        0.0000014046        0.0012833348        0.0539058004
       -0.0000000051       -0.0007933403       -0.0003012451
        0.0000000199        0.0001915947        0.0002285995
        0.0000000998       -0.0020083604       -0.0046964553
        0.0000000145        0.0000048098        0.0001846797
       -0.0000000054        0.0002567700       -0.0004154302
       -0.0000000102       -0.0000135452       -0.0000060803
        0.0000000199        0.0003814347        0.0011510750
        0.0000000051       -0.0000611800       -0.0000235502
        0.0000000097       -0.0015265201        0.0000792298
       -0.0000277552       -0.0000003800        0.0000000350
        0.0066103900       -0.0000001199        0.0000000003
       -0.0020974704        0.0000000347       -0.0000000298
       -0.0279642404       -0.0000194350        0.0000018449
       -0.0001274202       -0.0000000099       -0.0000000199
       -0.0014287798        0.0000000398       -0.0000000153
        0.0016847250       -0.0000004852        0.0000000449
       -0.0002606203       -0.0000000051        0.0000000000
        0.0001134799        0.0000000051       -0.0000000051
        0.0194010602       -0.0000176053        0.0000013799
        0.0095177597       -0.0000002302        0.0000000048
        0.0000205097       -0.0000000151        0.0000000048
        0.0001741995        0.0000000051        0.0000000148
       -0.0011628703        0.0000000199        0.0000000199
       -0.0047514999        0.0000000097       -0.0000000202
        0.0001567503        0.0000000097       -0.0000000048
        0.0001188198        0.0000000151        0.0000000148
        0.0000294699       -0.0000000051        0.0000000048
        0.0000005096       -0.0120401103        0.0044036997
        0.0000001646        0.0008251445       -0.0031729002
        0.0000000944        0.0007318596        0.0016787999
       -0.0000162856       -0.3659813601        0.0010478948
        0.0000000298       -0.0007185054        0.0007589597
        0.0000001549        0.0007700194       -0.0001043603
        0.0000002498       -0.0112662255       -0.0051714454
        0.0000000296        0.0000546345       -0.0002822154
        0.0000000244        0.0004816098       -0.0007933403
       -0.0000176053        0.3861687406       -0.0013165803
        0.0000000398        0.0006597148        0.0032857395
        0.0000000247        0.0002241495       -0.0000381607
        0.0000000094       -0.0001462203       -0.0002567202
       -0.0000000105       -0.0001103453        0.0000047996
       -0.0000000205        0.0010317746        0.0001933898
        0.0000000148       -0.0000171352       -0.0000599854
        0.0000000000       -0.0007223304       -0.0001698004
        0.0000000045        0.0000548496       -0.0000419053
       -0.0000002200       -0.0273851950        0.0040608546
        0.0000000497       -0.0016202753       -0.0049593550
       -0.0000000352       -0.0015355752        0.0015962701
        0.0000012798        0.0004329146       -0.0550584900
        0.0000000199       -0.0015282001        0.0003890997
        0.0000001248        0.0000681896       -0.0012851902
       -0.0000000500        0.0288223697        0.0049332448
       -0.0000000003        0.0004576049        0.0002164546
       -0.0000000153        0.0007933500       -0.0003012451
        0.0000013799       -0.0013165803        0.0539058203
        0.0000000799        0.0020083246       -0.0046964752
        0.0000000398       -0.0001915751        0.0002285896
        0.0000000045       -0.0002567350       -0.0004154603
       -0.0000000003       -0.0000047851        0.0001846598
       -0.0000000301       -0.0003812102        0.0011510548
        0.0000000199        0.0000136049       -0.0000060652
        0.0000000051        0.0015265152        0.0000792147
       -0.0000000003        0.0000612249       -0.0000235650
        0.0054058151        0.0000001498        0.0000004499
       -0.0081672300       -0.0000000352        0.0000004849
       -0.0018754304        0.0000001796       -0.0000002399
       -0.0057518105        0.0000009751       -0.0000002751
        0.0070296301        0.0000001850       -0.0000002200
       -0.0352826203       -0.0000020603       -0.0000116901
       -0.0400828250       -0.0000116952        0.0000014447
        0.0001309650       -0.0000000750        0.0000000549
        0.0000205097        0.0000000148        0.0000000199
        0.0095177597        0.0000000398        0.0000000799
        0.0965243203       -0.0000188851       -0.0000249852
        0.0003536849       -0.0000001353       -0.0000000054
       -0.0002606106        0.0000000247        0.0000000097
        0.0016846894        0.0000002348       -0.0000000401
        0.0004876500       -0.0000000151        0.0000001600
        0.0001344199        0.0000000097        0.0000000247
       -0.0290904302       -0.0000030349       -0.0000122452
       -0.0007026000        0.0000000247        0.0000000398
        0.0000005048       -0.0270130403       -0.0394891504
        0.0000002845        0.0412153997       -0.0334412448
       -0.0000000202       -0.0030365402        0.0208040751
       -0.0000001901       -0.0278751901        0.0720234348
        0.0000000051        0.0002503100        0.0271703848
       -0.0000033552       -0.1981350351       -0.0985992503
       -0.0000116802       -0.3237998254       -0.0333403102
       -0.0000000603       -0.0181728603       -0.0093307301
       -0.0000000054        0.0002241549        0.0001915947
       -0.0000002302        0.0006597148        0.0020083246
       -0.0000188851        0.6897883503       -0.0085631950
       -0.0000001052        0.0190012148       -0.0102106506
        0.0000000196        0.0000546447        0.0004576148
       -0.0000004752       -0.0112662204       -0.0288226201
        0.0000000148       -0.0087281302        0.0040623050
        0.0000000048       -0.0002988801       -0.0002684149
       -0.0000033199       -0.1329997050        0.1351722548
       -0.0000000153        0.0001323448        0.0002253100
        0.0000010198       -0.0152047352       -0.0196219952
        0.0000012145        0.0038248848       -0.0598026301
        0.0000001148       -0.0015916802        0.0091778401
        0.0000007796        0.0280162999        0.0311577847
        0.0000000597        0.0064825599        0.0125707248
       -0.0000098501       -0.1621470753       -0.3499817501
        0.0000014597        0.0333119647       -0.1196238003
        0.0000000648       -0.0093307253       -0.0051687653
        0.0000000045        0.0000381698        0.0002285995
        0.0000000048        0.0032857395       -0.0046964752
       -0.0000249852       -0.0085631950        0.7975541405
        0.0000000196        0.0102103746       -0.0063184555
       -0.0000000003       -0.0002821952        0.0002164697
        0.0000000395        0.0051708597        0.0049332598
       -0.0000003104       -0.0294090003        0.0032471249
        0.0000000048       -0.0001278755       -0.0000044051
       -0.0000144402        0.1360546199       -0.2933650555
       -0.0000000256        0.0003110497       -0.0005025700
        0.0054058350        0.0000001796        0.0000004599
       -0.0081672101       -0.0000000253        0.0000004999
       -0.0057517906        0.0000009749       -0.0000002601
       -0.0018754054        0.0000001899       -0.0000002299
       -0.0352826004       -0.0000020452       -0.0000116600
        0.0070296500        0.0000002046       -0.0000001955
        0.0001309948       -0.0000000554        0.0000000847
       -0.0400828202       -0.0000116802        0.0000014694
        0.0095177893        0.0000000446        0.0000000998
        0.0000205097        0.0000000247        0.0000000398
        0.0003536849       -0.0000001052        0.0000000196
        0.0965242805       -0.0000188703       -0.0000249554
        0.0016847395        0.0000002748       -0.0000000253
       -0.0002606154        0.0000000648        0.0000000449
        0.0001344199        0.0000000446        0.0000000347
        0.0004876796       -0.0000000253        0.0000001697
       -0.0007025801        0.0000000497        0.0000000648
       -0.0290904302       -0.0000030104       -0.0000122350
        0.0000005048       -0.0270130303        0.0394892098
        0.0000002845        0.0412154046        0.0334406300
       -0.0000002004       -0.0278751904       -0.0720213751
       -0.0000000304       -0.0030365351       -0.0208037204
       -0.0000033552       -0.1981350351        0.0986448049
       -0.0000000102        0.0002503197       -0.0271701504
       -0.0000000503       -0.0181728603        0.0093304848
       -0.0000116802       -0.3237998254        0.0333119797
       -0.0000002206        0.0006596895       -0.0020083604
       -0.0000000151        0.0002241495       -0.0001915751
       -0.0000001353        0.0190012148        0.0102103746
       -0.0000188703        0.6897883605        0.0086152843
       -0.0000004704       -0.0112662204        0.0288223796
       -0.0000000102        0.0000546345       -0.0004575853
       -0.0000000304       -0.0002988853        0.0002684098
        0.0000000350       -0.0087281353       -0.0040631102
       -0.0000000102        0.0001323500       -0.0002253103
       -0.0000033305       -0.1329997156       -0.1351373751
        0.0000010445        0.0152046195       -0.0196219904
        0.0000012093       -0.0038268055       -0.0598026500
        0.0000007742       -0.0280155655        0.0311577895
        0.0000001194        0.0015917095        0.0091778347
       -0.0000098504        0.1621886898       -0.3499817501
        0.0000000796       -0.0064826506        0.0125707197
        0.0000000796        0.0093304993       -0.0051687707
        0.0000014444       -0.0333403153       -0.1196237855
        0.0000000193       -0.0032858154       -0.0046964553
        0.0000000048       -0.0000381607        0.0002285896
       -0.0000000054       -0.0102106506       -0.0063184555
       -0.0000249554        0.0086152843        0.7975541308
        0.0000000594       -0.0051714304        0.0049332493
       -0.0000000153        0.0002822196        0.0002164947
       -0.0000000003        0.0001279344       -0.0000044054
       -0.0000002603        0.0294090046        0.0032471345
        0.0000000045       -0.0003110151       -0.0005025555
       -0.0000144556       -0.1360216754       -0.2933650651
        0.0066103846       -0.0000001054       -0.0000000003
       -0.0000277407       -0.0000003703        0.0000000549
       -0.0014287804        0.0000000446       -0.0000000003
       -0.0001274304        0.0000000045        0.0000000045
       -0.0279642103       -0.0000194203        0.0000018247
       -0.0020974801        0.0000000443       -0.0000000355
        0.0000205296        0.0000000094        0.0000000193
        0.0095177646       -0.0000002106        0.0000000244
       -0.0011628407        0.0000000045        0.0000000145
        0.0001741995        0.0000000094        0.0000000045
       -0.0002606106        0.0000000196       -0.0000000003
        0.0016847395       -0.0000004704        0.0000000594
        0.0194010408       -0.0000176004        0.0000013947
        0.0001134796        0.0000000247       -0.0000000054
        0.0000294597        0.0000000244       -0.0000000105
        0.0001188295        0.0000000296        0.0000000145
        0.0001567599        0.0000000298        0.0000000097
       -0.0047514703        0.0000000193       -0.0000000003
        0.0000001600        0.0008251550       -0.0031729053
        0.0000005249       -0.0120401052        0.0044037151
        0.0000001447        0.0007700299       -0.0001043350
        0.0000000597       -0.0007184698        0.0007589799
       -0.0000162751       -0.3659813549        0.0010478948
        0.0000001052        0.0007318650        0.0016787948
        0.0000000398        0.0002241546       -0.0000381502
        0.0000000500        0.0006597250        0.0032857500
        0.0000000298       -0.0001103501        0.0000048098
        0.0000000051       -0.0001462203       -0.0002567350
        0.0000000247        0.0000546447       -0.0002821952
        0.0000002748       -0.0112662204       -0.0051714304
       -0.0000176004        0.3861687202       -0.0013165652
        0.0000000148        0.0004816198       -0.0007933249
        0.0000000048        0.0000548548       -0.0000419200
        0.0000000250       -0.0007223102       -0.0001698248
        0.0000000202       -0.0000171448       -0.0000599954
        0.0000000199        0.0010317697        0.0001934100
        0.0000000597       -0.0016202702       -0.0049593652
       -0.0000001904       -0.0273851853        0.0040608901
        0.0000001444        0.0000682047       -0.0012851652
        0.0000000244       -0.0015281952        0.0003891248
        0.0000013097        0.0004329149       -0.0550585102
       -0.0000000051       -0.0015355602        0.0015962598
        0.0000000350       -0.0001915706        0.0002286095
        0.0000000898        0.0020083297       -0.0046964604
        0.0000000145       -0.0000047802        0.0001846797
        0.0000000148       -0.0002567202       -0.0004154603
        0.0000000097        0.0004576148        0.0002164697
       -0.0000000253        0.0288223796        0.0049332493
        0.0000013947       -0.0013165652        0.0539058004
       -0.0000000205        0.0007933500       -0.0003012451
       -0.0000000054        0.0000612445       -0.0000235701
        0.0000000247        0.0015265448        0.0000792198
        0.0000000350        0.0000136251       -0.0000060555
       -0.0000000003       -0.0003812053        0.0011510750
        0.0066103749       -0.0000001251       -0.0000000003
       -0.0000277902       -0.0000003953        0.0000000350
       -0.0001274407       -0.0000000202       -0.0000000253
       -0.0014288105        0.0000000298       -0.0000000153
       -0.0020974801        0.0000000099       -0.0000000702
       -0.0279642404       -0.0000194305        0.0000018198
        0.0095177549       -0.0000002257       -0.0000000102
        0.0000204994       -0.0000000202       -0.0000000153
        0.0001741893       -0.0000000205       -0.0000000054
       -0.0011628703       -0.0000000105       -0.0000000003
        0.0016846894       -0.0000004752        0.0000000395
       -0.0002606154       -0.0000000102       -0.0000000153
        0.0001134796        0.0000000148       -0.0000000205
        0.0194010806       -0.0000176254        0.0000013799
        0.0001187794       -0.0000000105       -0.0000000205
        0.0000294699        0.0000000097       -0.0000000102
       -0.0047514800        0.0000000048       -0.0000000054
        0.0001567298       -0.0000000105       -0.0000000102
        0.0000001498        0.0008251499        0.0031728598
        0.0000005147       -0.0120401151       -0.0044042699
        0.0000000594       -0.0007184855       -0.0007589651
        0.0000001396        0.0007700348        0.0001043946
        0.0000001049        0.0007318548       -0.0016788101
       -0.0000162754       -0.3659813501       -0.0010828003
        0.0000000699        0.0006596994       -0.0032858054
        0.0000000298        0.0002241796        0.0000381897
        0.0000000097       -0.0001462453        0.0002567700
        0.0000000199       -0.0001103453       -0.0000047851
        0.0000002348       -0.0112662204        0.0051708597
        0.0000000648        0.0000546345        0.0002822196
        0.0000000247        0.0004816198        0.0007933500
       -0.0000176254        0.3861687304        0.0012833650
       -0.0000000102       -0.0007223252        0.0001698498
        0.0000000250        0.0000548647        0.0000419499
        0.0000000148        0.0010317700       -0.0001932952
        0.0000000148       -0.0000171451        0.0000600249
        0.0000000699        0.0016202151       -0.0049593601
       -0.0000002103        0.0273850398        0.0040608953
        0.0000000296        0.0015282296        0.0003891350
        0.0000001296       -0.0000681200       -0.0012851601
       -0.0000000051        0.0015356400        0.0015962499
        0.0000013051       -0.0004715253       -0.0550584804
        0.0000001199       -0.0020083502       -0.0046964652
        0.0000000298        0.0001915950        0.0002285998
        0.0000000145        0.0002567549       -0.0004154302
        0.0000000199        0.0000047996        0.0001846598
       -0.0000000401       -0.0288226201        0.0049332598
        0.0000000449       -0.0004575853        0.0002164947
       -0.0000000054       -0.0007933249       -0.0003012451
        0.0000013799        0.0012833650        0.0539057902
       -0.0000000051       -0.0015264902        0.0000792051
        0.0000000250       -0.0000611752       -0.0000235551
        0.0000000301        0.0003814401        0.0011510897
        0.0000000199       -0.0000135500       -0.0000060652
        0.0103362149       -0.0000000452       -0.0000001751
       -0.0014560101        0.0000000097       -0.0000000102
        0.0002738295       -0.0000000102       -0.0000000301
        0.0012696597       -0.0000001253       -0.0000003200
       -0.0008728750       -0.0000000003       -0.0000000699
        0.0064826997       -0.0000000404       -0.0000001103
       -0.0290904754       -0.0000033603       -0.0000144703
       -0.0007026404       -0.0000000250       -0.0000000352
        0.0001567395       -0.0000000151       -0.0000000102
       -0.0047514999       -0.0000000205       -0.0000000301
        0.0004876500        0.0000000148       -0.0000003104
        0.0001344199       -0.0000000304       -0.0000000003
        0.0000294597        0.0000000048       -0.0000000054
        0.0001187794       -0.0000000102       -0.0000000051
        0.0200424404       -0.0000032651       -0.0000131450
       -0.0000299400        0.0000000097        0.0000000000
       -0.0025134699       -0.0000000099       -0.0000000153
        0.0000886695        0.0000000000       -0.0000000051
        0.0000000799       -0.0015481950        0.0033008598
        0.0000001648       -0.0005225354        0.0012946450
        0.0000000495        0.0007425746        0.0001934200
        0.0000000347        0.0113986448        0.0161328899
        0.0000000747        0.0001191700       -0.0004402401
        0.0000001947       -0.0059983805        0.0015294947
       -0.0000030153       -0.1329997053       -0.1360216652
        0.0000000296        0.0001323548        0.0003110696
        0.0000000196       -0.0000171553       -0.0000135452
        0.0000000097        0.0010317746       -0.0003812102
       -0.0000000151       -0.0087281302       -0.0294090003
        0.0000000446       -0.0002988853        0.0001279344
        0.0000000244        0.0000548548        0.0000612445
       -0.0000000105       -0.0007223252       -0.0015264902
       -0.0000032651        0.1360479905        0.1444473597
        0.0000000250        0.0000532495        0.0000863648
        0.0000000298        0.0012456701        0.0003543997
        0.0000000296        0.0000096747       -0.0000162450
        0.0000001100        0.0043694149       -0.0028368854
        0.0000001398        0.0007951897       -0.0000057699
        0.0000000148       -0.0013561953       -0.0004571251
        0.0000001646       -0.0180353950       -0.0176867752
        0.0000000350       -0.0000767150        0.0002566250
        0.0000000600        0.0005472000        0.0016324799
       -0.0000122603       -0.1351373902       -0.2933650902
        0.0000000250        0.0002252898       -0.0005025902
       -0.0000000102        0.0000600150       -0.0000060803
       -0.0000000202        0.0001933898        0.0011510548
        0.0000001600        0.0040623050        0.0032471249
        0.0000000347        0.0002684098       -0.0000044054
       -0.0000000105       -0.0000419200       -0.0000235701
       -0.0000000205        0.0001698498        0.0000792051
       -0.0000131450        0.1444473597        0.3079100003
        0.0000000148       -0.0000863253       -0.0001468251
       -0.0000000051       -0.0003543150        0.0007813748
       -0.0000000102       -0.0000162902       -0.0000220501
        0.0103362251       -0.0000000199       -0.0000001251
       -0.0014559703        0.0000000199        0.0000000250
        0.0012697200       -0.0000001151       -0.0000002851
        0.0002738699        0.0000000151       -0.0000000102
        0.0064827401        0.0000000301       -0.0000000898
       -0.0008728301        0.0000000298       -0.0000000301
       -0.0007025849       -0.0000000051        0.0000000000
       -0.0290904399       -0.0000033251       -0.0000144450
       -0.0047514601        0.0000000099        0.0000000199
        0.0001567503        0.0000000148        0.0000000199
        0.0001344199        0.0000000048        0.0000000048
        0.0004876796        0.0000000350       -0.0000002603
        0.0001188295        0.0000000250        0.0000000247
        0.0000294699        0.0000000250        0.0000000250
       -0.0000299400        0.0000000250        0.0000000148
        0.0200423801       -0.0000032551       -0.0000130899
        0.0000887201        0.0000000250        0.0000000350
       -0.0025134500        0.0000000298        0.0000000099
        0.0000000796       -0.0015481854       -0.0033010153
        0.0000001495       -0.0005225155       -0.0012946001
        0.0000000196        0.0113986397       -0.0161343351
        0.0000000446        0.0007425848       -0.0001933805
        0.0000001899       -0.0059983850       -0.0015295703
        0.0000000549        0.0001191748        0.0004402946
        0.0000000446        0.0001323497       -0.0003110301
       -0.0000030403       -0.1329997002        0.1360546295
        0.0000000344        0.0010317547        0.0003814347
        0.0000000097       -0.0000171352        0.0000136049
        0.0000000097       -0.0002988801       -0.0001278755
       -0.0000000253       -0.0087281353        0.0294090046
        0.0000000296       -0.0007223102        0.0015265448
        0.0000000097        0.0000548647       -0.0000611752
        0.0000000097        0.0000532495       -0.0000863253
       -0.0000032551        0.1360479905       -0.1444133952
        0.0000000298        0.0000096850        0.0000163297
        0.0000000344        0.0012456695       -0.0003543101
        0.0000001302       -0.0043695499       -0.0028368751
        0.0000001447       -0.0007952352       -0.0000057548
        0.0000001799        0.0180345197       -0.0176867550
        0.0000000347        0.0013562152       -0.0004571052
        0.0000000699       -0.0005472850        0.0016324901
        0.0000000600        0.0000767250        0.0002566350
        0.0000000350       -0.0002253154       -0.0005025703
       -0.0000122603        0.1351722599       -0.2933650603
        0.0000000097       -0.0001933250        0.0011510750
       -0.0000000048       -0.0000599854       -0.0000060652
        0.0000000247       -0.0002684149       -0.0000044051
        0.0000001697       -0.0040631102        0.0032471345
        0.0000000145       -0.0001698248        0.0000792198
       -0.0000000102        0.0000419499       -0.0000235551
        0.0000000000        0.0000863648       -0.0001468251
       -0.0000130899       -0.1444133952        0.3079099702
        0.0000000250        0.0000163152       -0.0000220251
        0.0000000048        0.0003543698        0.0007813850
       -0.0014559950        0.0000000151       -0.0000000099
        0.0103362299       -0.0000000452       -0.0000001197
       -0.0008728603        0.0000000298       -0.0000000247
        0.0064827395        0.0000000151       -0.0000000799
        0.0002738801        0.0000000301       -0.0000000199
        0.0012697200       -0.0000001151       -0.0000003052
        0.0004876850        0.0000000298       -0.0000002552
        0.0001344398        0.0000000048        0.0000000199
        0.0000294995        0.0000000048        0.0000000051
        0.0001188198        0.0000000000        0.0000000051
       -0.0290904302       -0.0000033199       -0.0000144402
       -0.0007025801       -0.0000000102        0.0000000045
        0.0001567599        0.0000000202        0.0000000350
       -0.0047514800        0.0000000148        0.0000000301
       -0.0025134699        0.0000000298       -0.0000000051
        0.0000887201        0.0000000298        0.0000000250
        0.0200423801       -0.0000032298       -0.0000130902
       -0.0000299153        0.0000000298        0.0000000301
        0.0000001651       -0.0005225399       -0.0012946100
        0.0000000747       -0.0015482050       -0.0033010048
        0.0000000398        0.0001191898        0.0004403103
        0.0000001799       -0.0059983699       -0.0015295697
        0.0000000401        0.0007425854       -0.0001933950
        0.0000000452        0.0113986152       -0.0161343451
       -0.0000000099       -0.0087281401        0.0294090151
        0.0000000202       -0.0002988799       -0.0001278900
        0.0000000296        0.0000548400       -0.0000611800
        0.0000000151       -0.0007223304        0.0015265152
       -0.0000030349       -0.1329997050        0.1360546199
        0.0000000497        0.0001323500       -0.0003110151
        0.0000000298       -0.0000171448        0.0000136251
        0.0000000048        0.0010317700        0.0003814401
       -0.0000000099        0.0012456701       -0.0003543150
        0.0000000250        0.0000096850        0.0000163152
       -0.0000032298        0.1360479899       -0.1444133900
        0.0000000151        0.0000532449       -0.0000863048
        0.0000001648       -0.0007952002       -0.0000057602
        0.0000001498       -0.0043695502       -0.0028368652
        0.0000000347        0.0000767298        0.0002566648
        0.0000000696       -0.0005472552        0.0016324998
        0.0000000648        0.0013561998       -0.0004571203
        0.0000001899        0.0180345145       -0.0176867604
        0.0000001950       -0.0040631005        0.0032471448
        0.0000000048       -0.0002684203       -0.0000043852
        0.0000000094        0.0000419448       -0.0000235502
        0.0000000148       -0.0001698004        0.0000792147
       -0.0000122452        0.1351722548       -0.2933650555
        0.0000000648       -0.0002253103       -0.0005025555
        0.0000000097       -0.0000599954       -0.0000060555
       -0.0000000054       -0.0001932952        0.0011510897
       -0.0000000153        0.0003543997        0.0007813748
        0.0000000350        0.0000163297       -0.0000220251
       -0.0000130902       -0.1444133900        0.3079099605
        0.0000000145        0.0000863696       -0.0001468101
       -0.0014559853        0.0000000148       -0.0000000051
        0.0103362498       -0.0000000355       -0.0000001401
        0.0064827094        0.0000000097       -0.0000000850
       -0.0008728705        0.0000000398       -0.0000000401
        0.0012696898       -0.0000001202       -0.0000003101
        0.0002738597        0.0000000097       -0.0000000205
        0.0001344247       -0.0000000054        0.0000000045
        0.0004876495        0.0000000298       -0.0000002805
        0.0001188397        0.0000000048        0.0000000097
        0.0000294699        0.0000000045       -0.0000000003
       -0.0007026000       -0.0000000153       -0.0000000256
       -0.0290904302       -0.0000033305       -0.0000144556
       -0.0047514703        0.0000000199       -0.0000000003
        0.0001567298        0.0000000148        0.0000000199
        0.0000886695        0.0000000296       -0.0000000102
       -0.0025134500        0.0000000344        0.0000000048
       -0.0000299153        0.0000000151        0.0000000145
        0.0200424006       -0.0000032452       -0.0000131104
        0.0000001600       -0.0005225354        0.0012946347
        0.0000000597       -0.0015482252        0.0033008700
        0.0000001697       -0.0059983753        0.0015295049
        0.0000000446        0.0001191748       -0.0004402452
        0.0000000298        0.0113986201        0.0161328700
        0.0000000449        0.0007425749        0.0001933947
        0.0000000199       -0.0002988952        0.0001279145
       -0.0000000452       -0.0087281452       -0.0294090154
        0.0000000145       -0.0007223454       -0.0015265201
       -0.0000000051        0.0000548496        0.0000612249
        0.0000000247        0.0001323448        0.0003110497
       -0.0000030104       -0.1329997156       -0.1360216754
        0.0000000193        0.0010317697       -0.0003812053
       -0.0000000105       -0.0000171451       -0.0000135500
        0.0000000000        0.0000096747       -0.0000162902
        0.0000000298        0.0012456695        0.0003543698
        0.0000000298        0.0000532449        0.0000863696
       -0.0000032452        0.1360480104        0.1444473847
        0.0000001450        0.0007952198       -0.0000057602
        0.0000001447        0.0043694249       -0.0028368700
        0.0000000796        0.0005472148        0.0016325001
        0.0000000497       -0.0000766701        0.0002566500
        0.0000001899       -0.0180353800       -0.0176867701
        0.0000000401       -0.0013561703       -0.0004571152
        0.0000000250        0.0002684149       -0.0000043951
        0.0000001799        0.0040623149        0.0032471351
        0.0000000344        0.0001698550        0.0000792298
        0.0000000048       -0.0000419053       -0.0000235650
        0.0000000398        0.0002253100       -0.0005025700
       -0.0000122350       -0.1351373751       -0.2933650651
       -0.0000000003        0.0001934100        0.0011510750
       -0.0000000102        0.0000600249       -0.0000060652
       -0.0000000051       -0.0000162450       -0.0000220501
        0.0000000099       -0.0003543101        0.0007813850
        0.0000000301       -0.0000863048       -0.0001468101
       -0.0000131104        0.1444473847        0.3079099702
