   16   48
        0.1392763450        0.0533661525       -0.0117316363
       -0.0332727788       -0.0016358437        0.0041859338
       -0.0098091975       -0.0079440662        0.0025042138
        0.0046657988        0.0004580088       -0.0023761575
       -0.0535576287       -0.0352862763       -0.0236571100
       -0.0441677562       -0.0104437624        0.0312636687
        0.0000026750        0.0001288601        0.0002675100
       -0.0016724637       -0.0014766512       -0.0000134300
       -0.0012574112        0.0006612138       -0.0011342950
        0.0005683275        0.0000743775        0.0002099912
        0.0000227500        0.0000210463        0.0002678512
       -0.0005811575        0.0015528413        0.0005062050
       -0.0000172400        0.0004013937       -0.0002735475
        0.0000205476        0.0000454650       -0.0000365950
        0.0002556250       -0.0002249212       -0.0000367588
       -0.0004766874        0.0003073038        0.0000492251
        0.0533661525        0.1557076899        0.0151299900
       -0.0021739525       -0.0324826687        0.0054744025
       -0.0018735462        0.0021739875       -0.0024968649
       -0.0072246825       -0.0103198474        0.0032579413
       -0.0329172600       -0.0754369488       -0.0366850674
       -0.0125700324       -0.0393371674        0.0165801050
        0.0004862413        0.0007705501       -0.0000931887
        0.0007375462        0.0000896413       -0.0012577037
        0.0010663650       -0.0000005062        0.0005361225
       -0.0001014262       -0.0000911125        0.0000360400
       -0.0001278499        0.0003224763       -0.0001052762
        0.0010891851       -0.0013178762       -0.0006764974
       -0.0001806913        0.0006137387        0.0001391876
        0.0001305263       -0.0000708474       -0.0001549862
       -0.0000471737       -0.0004025561       -0.0000588913
        0.0003455776       -0.0002188400        0.0003820313
       -0.0117316363        0.0151299900        0.2073345725
        0.0009480238        0.0018535275       -0.0286157137
       -0.0020260025       -0.0041161137        0.0036414463
       -0.0015347850        0.0003060900        0.0015218263
       -0.0138978175       -0.0256750688       -0.0660425725
        0.0218993938        0.0060058176       -0.1089749575
       -0.0002712588       -0.0000610375       -0.0000112075
        0.0081214362        0.0080352725       -0.0053346487
       -0.0011002775        0.0001039051       -0.0012476050
       -0.0006746450       -0.0006267337       -0.0010545813
       -0.0002687162       -0.0011646987       -0.0008318600
        0.0002669913       -0.0006886512       -0.0006178575
       -0.0000487450        0.0003480874        0.0001418300
        0.0005481663        0.0001025700       -0.0004648637
       -0.0000809162       -0.0000802624       -0.0001865612
       -0.0001534249        0.0005339175        0.0007416725
       -0.0332727788       -0.0021739525        0.0009480238
        0.1246999699       -0.0122430512        0.0015141951
       -0.0424512550        0.0045350725       -0.0127549325
       -0.0283822825        0.0118176438        0.0032519313
        0.0021842750       -0.0063564113        0.0008877113
        0.0027362151       -0.0027141661        0.0026235912
       -0.0039466937        0.0017007464       -0.0014387599
       -0.0161682399        0.0020338526        0.0066273613
       -0.0055545011        0.0005836588       -0.0033708337
        0.0006984688       -0.0004433512        0.0004121350
       -0.0006514437        0.0014708526        0.0002348050
        0.0022474214       -0.0058493149       -0.0012553312
       -0.0027567500        0.0080002962        0.0021760400
        0.0001636576       -0.0002361887       -0.0000873275
        0.0001722788        0.0003540988        0.0001310926
        0.0002813376       -0.0004753049        0.0000960500
       -0.0016358437       -0.0324826687        0.0018535275
       -0.0122430512        0.1278223074        0.0135778075
        0.0048820026       -0.0237014100        0.0024253263
        0.0122449625       -0.0469215112       -0.0068741175
       -0.0078226724       -0.0015390188       -0.0006459688
       -0.0014725536        0.0040534301        0.0001649438
        0.0085800500       -0.0007992562        0.0047551863
        0.0011268513       -0.0177331874       -0.0096172050
       -0.0056156225        0.0005279051       -0.0030352712
       -0.0008997449        0.0000278351       -0.0005840337
        0.0001952751       -0.0013421275       -0.0003770787
        0.0024351063       -0.0055586450       -0.0015850324
       -0.0001736012       -0.0009201150       -0.0000336299
       -0.0001404012        0.0004250288        0.0000476738
        0.0006533801       -0.0019034137       -0.0002729625
       -0.0001096674        0.0000444187        0.0001925000
        0.0041859338        0.0054744025       -0.0286157137
        0.0015141951        0.0135778075        0.1748530698
       -0.0117202863        0.0028770601       -0.0325955661
        0.0031791401       -0.0055319936       -0.0261297637
       -0.0055102512       -0.0081233637        0.0012489700
        0.0076494326        0.0060237639       -0.0058078700
        0.0014597113        0.0003316251        0.0011821214
        0.0032952313       -0.0135281274       -0.0797082212
        0.0034887401       -0.0004695761        0.0014188938
       -0.0090970599        0.0014387776       -0.0052839062
        0.0038740613       -0.0093886299       -0.0018731937
       -0.0014621524        0.0034170226        0.0004289101
       -0.0015037287        0.0047100275        0.0009026351
        0.0003812676       -0.0002267750        0.0000434351
        0.0003781476       -0.0006605961       -0.0000107436
       -0.0001187461        0.0000683363       -0.0000539861
       -0.0098091975       -0.0018735462       -0.0020260025
       -0.0424512550        0.0048820026       -0.0117202863
        0.1396511524        0.0097087875       -0.0089960200
       -0.0032514475        0.0022582613       -0.0018116925
        0.0001350976       -0.0000505663        0.0001584726
        0.0002279138       -0.0003157537       -0.0006712187
       -0.0273727700        0.0099162863        0.0020519213
        0.0012240876       -0.0001374574        0.0003196063
       -0.0416779638       -0.0283698412        0.0139901925
       -0.0164721200        0.0013416337        0.0082187075
        0.0001363014       -0.0004125675       -0.0001620612
        0.0000230600       -0.0004321337        0.0000184338
        0.0000688438        0.0000591700        0.0000337963
       -0.0005639212        0.0011042200        0.0000762588
       -0.0025287775        0.0080465301        0.0018444200
        0.0026605976       -0.0057170762       -0.0013283749
       -0.0079440662        0.0021739875       -0.0041161137
        0.0045350725       -0.0237014100        0.0028770601
        0.0097087875        0.1445870224       -0.0014292562
        0.0088718538       -0.0011808649        0.0047027937
       -0.0001967524       -0.0022230113        0.0001373687
        0.0000619988       -0.0007543161        0.0004111737
        0.0091685975       -0.0497256787       -0.0052959599
       -0.0010299424        0.0004462589       -0.0006617862
       -0.0280294950       -0.0441957562        0.0145647726
        0.0015092138       -0.0168664862       -0.0095152675
       -0.0001798862        0.0004213001        0.0001197488
       -0.0000894612        0.0003417613        0.0000907900
        0.0007470101       -0.0017718850       -0.0003884711
        0.0004207389       -0.0012058975       -0.0000927874
       -0.0001818675       -0.0004463974       -0.0001426800
        0.0026362826       -0.0058992649       -0.0012699599
        0.0025042138       -0.0024968649        0.0036414463
       -0.0127549325        0.0024253263       -0.0325955661
       -0.0089960200       -0.0014292562        0.1562551849
        0.0017092713        0.0001598364        0.0012934813
        0.0000397251        0.0008546312       -0.0000599174
       -0.0000137412        0.0006319927       -0.0014355712
        0.0015156188       -0.0047447336       -0.0250824286
       -0.0082955712        0.0013703850       -0.0036194775
        0.0133249888        0.0143639527       -0.0222418086
        0.0098624438       -0.0089982763       -0.0765363262
        0.0003009050       -0.0001634611        0.0001048888
       -0.0000505536        0.0000939050       -0.0000096424
        0.0003652138       -0.0006748462       -0.0000020299
        0.0034657689       -0.0092476699       -0.0011407637
       -0.0014016511        0.0045351589        0.0007726438
       -0.0015797212        0.0033107051        0.0006554301
        0.0046657988       -0.0072246825       -0.0015347850
       -0.0283822825        0.0122449625        0.0031791401
       -0.0032514475        0.0088718538        0.0017092713
        0.1535539549        0.0075463526        0.0018388238
       -0.0021541987       -0.0006992875       -0.0003701888
       -0.0007919125       -0.0000935324        0.0004965013
       -0.0014295875       -0.0002855124       -0.0009521699
       -0.0000987537        0.0008997138       -0.0000346537
        0.0002990076        0.0000573826        0.0001846926
        0.0004590500       -0.0000899887        0.0002480275
       -0.0163158799        0.0009670101        0.0085552163
       -0.0416665474       -0.0286496424        0.0139272675
       -0.0647613874        0.0059590850       -0.0272891375
        0.0000114426       -0.0000463712        0.0000288075
       -0.0001762174        0.0005014525        0.0000527250
        0.0000385914        0.0000474413       -0.0000404112
        0.0004580088       -0.0103198474        0.0003060900
        0.0118176438       -0.0469215112       -0.0055319936
        0.0022582613       -0.0011808649        0.0001598364
        0.0075463526        0.1364192573       -0.0043466225
       -0.0003741324        0.0001252425        0.0000390425
       -0.0000919474       -0.0000577074       -0.0008034299
       -0.0002644074        0.0000936389       -0.0000976186
        0.0005674126       -0.0007982199       -0.0001807412
       -0.0002920074       -0.0000310411       -0.0000476287
       -0.0003091662        0.0000771789       -0.0001930812
        0.0013006314       -0.0154057874       -0.0080586899
       -0.0296333074       -0.0461490549        0.0152187276
        0.0070435076       -0.0159035899        0.0035708651
        0.0000363676       -0.0000364211        0.0000005375
       -0.0000786512        0.0000968914       -0.0000442024
        0.0000208177       -0.0000087586       -0.0000011499
       -0.0023761575        0.0032579413        0.0015218263
        0.0032519313       -0.0068741175       -0.0261297637
       -0.0018116925        0.0047027937        0.0012934813
        0.0018388238       -0.0043466225        0.1552128499
        0.0002905813       -0.0000439763        0.0000837075
        0.0006519913       -0.0001786024       -0.0007517262
       -0.0008291062       -0.0001077125       -0.0006160862
        0.0034241650       -0.0085196012       -0.0003859100
        0.0002488051       -0.0000129587        0.0000825275
       -0.0000111162        0.0002322638        0.0001340238
        0.0082301788       -0.0063392962       -0.0792383875
        0.0141239613        0.0148560176       -0.0216464299
       -0.0268801187        0.0031015188       -0.0298089187
       -0.0000316924        0.0000222325        0.0001240837
       -0.0001556749        0.0002777001        0.0001221100
        0.0000348164       -0.0000378087        0.0000022788
       -0.0535576287       -0.0329172600       -0.0138978175
        0.0021842750       -0.0078226724       -0.0055102512
        0.0001350976       -0.0001967524        0.0000397251
       -0.0021541987       -0.0003741324        0.0002905813
        0.0422284474        0.0389893400        0.0271298664
        0.0109267289        0.0030791914       -0.0073463600
       -0.0000486412       -0.0000376224       -0.0001185299
        0.0000009162       -0.0000695562       -0.0005082012
       -0.0001677925        0.0000156239        0.0000493089
       -0.0000122899        0.0000160075        0.0000021075
        0.0001069401       -0.0000203137       -0.0000147524
        0.0002939626       -0.0005902512       -0.0001289924
        0.0001628376       -0.0001124612        0.0000969114
       -0.0000096936        0.0000147188        0.0000168301
       -0.0000352912        0.0000217713       -0.0000276649
       -0.0000537561        0.0000077164       -0.0000711987
       -0.0352862763       -0.0754369488       -0.0256750688
       -0.0063564113       -0.0015390188       -0.0081233637
       -0.0000505663       -0.0022230113        0.0008546312
       -0.0006992875        0.0001252425       -0.0000439763
        0.0389893400        0.0722928800        0.0514126225
        0.0037197338        0.0068602787       -0.0181801525
        0.0001827687       -0.0004428762        0.0001685563
       -0.0000465775       -0.0001400488       -0.0001967700
       -0.0006791750        0.0001570113       -0.0003203512
        0.0000184124        0.0001465975        0.0000506125
        0.0000135075        0.0000803487        0.0000641175
        0.0000726212       -0.0002682100        0.0000722638
        0.0001609825       -0.0000544501        0.0000636125
       -0.0001882712        0.0000137688        0.0001852749
        0.0000678074        0.0002617563        0.0000392287
        0.0000848263        0.0001665450       -0.0003515513
       -0.0236571100       -0.0366850674       -0.0660425725
        0.0008877113       -0.0006459688        0.0012489700
        0.0001584726        0.0001373687       -0.0000599174
       -0.0003701888        0.0000390425        0.0000837075
        0.0271298664        0.0514126225        0.0948846974
       -0.0043160012       -0.0145138637       -0.0324090575
        0.0001723262       -0.0000835412       -0.0000383199
       -0.0003613700        0.0000238188        0.0014052350
       -0.0000468112        0.0000144538        0.0002039501
        0.0002974237        0.0001570875        0.0003697137
        0.0000541350        0.0004069226        0.0002624350
        0.0000323151       -0.0000795537        0.0001498813
        0.0001187087       -0.0001647375       -0.0000260625
       -0.0002140574       -0.0000100537        0.0001948350
        0.0000534038        0.0000860964        0.0000632050
        0.0000632088       -0.0000743287       -0.0002912437
       -0.0441677562       -0.0125700324        0.0218993938
        0.0027362151       -0.0014725536        0.0076494326
        0.0002279138        0.0000619988       -0.0000137412
       -0.0007919125       -0.0000919474        0.0006519913
        0.0109267289        0.0037197338       -0.0043160012
        0.0321611148        0.0123155039       -0.0272070362
       -0.0000188574       -0.0000412973        0.0000561951
       -0.0008139325       -0.0013534061        0.0006805714
       -0.0000051849        0.0000223889        0.0002982076
       -0.0003114137       -0.0000426462        0.0004411989
       -0.0001281474       -0.0001332961       -0.0001521312
        0.0002744314       -0.0003003486       -0.0001868999
        0.0000785963       -0.0001074449        0.0001652251
       -0.0000489598       -0.0000207262        0.0000139563
       -0.0000475212        0.0000412076       -0.0000052524
       -0.0000715898       -0.0000282412        0.0000181426
       -0.0104437624       -0.0393371674        0.0060058176
       -0.0027141661        0.0040534301        0.0060237639
       -0.0003157537       -0.0007543161        0.0006319927
       -0.0000935324       -0.0000577074       -0.0001786024
        0.0030791914        0.0068602787       -0.0145138637
        0.0123155039        0.0300627973        0.0003586989
       -0.0000939224       -0.0003534836        0.0000257302
       -0.0013642499       -0.0009213998        0.0007385938
       -0.0002539824        0.0001384701       -0.0001296511
       -0.0000559199       -0.0000861586        0.0001521763
       -0.0001663462       -0.0000535536        0.0005920126
       -0.0000894586        0.0000737577        0.0003344690
        0.0000825126       -0.0000431024        0.0000365164
        0.0000667551        0.0000801139       -0.0000340636
        0.0000088501        0.0001142639       -0.0000334398
        0.0000373914        0.0002235338       -0.0000251536
        0.0312636687        0.0165801050       -0.1089749575
        0.0026235912        0.0001649438       -0.0058078700
       -0.0006712187        0.0004111737       -0.0014355712
        0.0004965013       -0.0008034299       -0.0007517262
       -0.0073463600       -0.0181801525       -0.0324090575
       -0.0272070362        0.0003586989        0.1466124699
        0.0002513301        0.0001491101        0.0000227939
        0.0006128488        0.0007577713        0.0003641450
        0.0001394925       -0.0000704924        0.0006152601
        0.0003548038        0.0002498663        0.0007990126
        0.0000217963        0.0005756238        0.0005266826
       -0.0002290062        0.0002114650        0.0004267126
       -0.0000434500       -0.0000089126       -0.0000628275
       -0.0002746474       -0.0000161300        0.0002790663
        0.0000338988       -0.0000490412        0.0001148563
       -0.0000333961       -0.0003453637       -0.0003196912
        0.0000026750        0.0004862413       -0.0002712588
       -0.0039466937        0.0085800500        0.0014597113
       -0.0273727700        0.0091685975        0.0015156188
       -0.0014295875       -0.0002644074       -0.0008291062
       -0.0000486412        0.0001827687        0.0001723262
       -0.0000188574       -0.0000939224        0.0002513301
        0.1520958449        0.0066078876        0.0024623826
        0.0004210700       -0.0001702987        0.0002234038
        0.0027930363       -0.0057147474       -0.0011441899
       -0.0003817137        0.0012304262        0.0001498050
       -0.0000083387       -0.0000208424        0.0000038750
        0.0000955389        0.0000754026       -0.0000638312
       -0.0000969725        0.0005213000        0.0000729825
       -0.0158610636        0.0012884226        0.0079777226
       -0.0659743124        0.0054102689       -0.0266252812
       -0.0402694449       -0.0272824399        0.0146437576
        0.0001288601        0.0007705501       -0.0000610375
        0.0017007464       -0.0007992562        0.0003316251
        0.0099162863       -0.0497256787       -0.0047447336
       -0.0002855124        0.0000936389       -0.0001077125
       -0.0000376224       -0.0004428762       -0.0000835412
       -0.0000412973       -0.0003534836        0.0001491101
        0.0066078876        0.1345962373       -0.0035026324
       -0.0002920299        0.0001013476       -0.0000661198
        0.0028537126       -0.0059179024       -0.0012436386
        0.0004345301       -0.0010926962       -0.0001354724
        0.0000339251       -0.0000233086       -0.0000037924
        0.0000169364        0.0000268764       -0.0000165974
       -0.0001009999        0.0001413326       -0.0000612649
        0.0012417927       -0.0164610299       -0.0100761186
        0.0061233501       -0.0151290124        0.0031046351
       -0.0282964411       -0.0457852312        0.0165094151
        0.0002675100       -0.0000931887       -0.0000112075
       -0.0014387599        0.0047551863        0.0011821214
        0.0020519213       -0.0052959599       -0.0250824286
       -0.0009521699       -0.0000976186       -0.0006160862
       -0.0001185299        0.0001685563       -0.0000383199
        0.0000561951        0.0000257302        0.0000227939
        0.0024623826       -0.0035026324        0.1522588148
       -0.0000452749        0.0002324851        0.0001200088
       -0.0014240450        0.0030704389        0.0006358988
        0.0034054438       -0.0089244862       -0.0007041249
       -0.0000437461        0.0000325113        0.0001080001
        0.0000111951       -0.0000946549       -0.0000059499
       -0.0001955162        0.0002964114        0.0001762226
        0.0074919589       -0.0094122499       -0.0762643299
       -0.0263520687        0.0027006389       -0.0282769599
        0.0148230051        0.0161303376       -0.0235047624
       -0.0016724637        0.0007375462        0.0081214362
       -0.0161682399        0.0011268513        0.0032952313
        0.0012240876       -0.0010299424       -0.0082955712
       -0.0000987537        0.0005674126        0.0034241650
        0.0000009162       -0.0000465775       -0.0003613700
       -0.0008139325       -0.0013642499        0.0006128488
        0.0004210700       -0.0002920299       -0.0000452749
        0.0182351499       -0.0004654824       -0.0064973087
        0.0003115925       -0.0000991361        0.0002556788
       -0.0014906450        0.0003491725       -0.0008286212
       -0.0000703187        0.0006628650        0.0001146875
        0.0001307938       -0.0000419437       -0.0001256587
        0.0000420513       -0.0002170062        0.0000601975
       -0.0000640124        0.0001421850        0.0001674725
        0.0000301876       -0.0000695825        0.0000816550
       -0.0000178837        0.0000396750        0.0000130776
       -0.0014766512        0.0000896413        0.0080352725
        0.0020338526       -0.0177331874       -0.0135281274
       -0.0001374574        0.0004462589        0.0013703850
        0.0008997138       -0.0007982199       -0.0085196012
       -0.0000695562       -0.0001400488        0.0000238188
       -0.0013534061       -0.0009213998        0.0007577713
       -0.0001702987        0.0001013476        0.0002324851
       -0.0004654824        0.0197446948        0.0113969888
       -0.0000204224        0.0000482889       -0.0001095886
        0.0002406001        0.0001057751        0.0001986025
        0.0006933726       -0.0015890774       -0.0001865313
       -0.0002212686        0.0002754526        0.0001487663
       -0.0000065349        0.0003574838        0.0002155076
        0.0000707051        0.0000144613       -0.0000160474
       -0.0000198362        0.0000066601       -0.0000322625
        0.0000026952       -0.0000085437        0.0000062214
       -0.0000134300       -0.0012577037       -0.0053346487
        0.0066273613       -0.0096172050       -0.0797082212
        0.0003196063       -0.0006617862       -0.0036194775
       -0.0000346537       -0.0001807412       -0.0003859100
       -0.0005082012       -0.0001967700        0.0014052350
        0.0006805714        0.0007385938        0.0003641450
        0.0002234038       -0.0000661198        0.0001200088
       -0.0064973087        0.0113969888        0.0861572599
       -0.0001186599       -0.0000882837        0.0001480838
       -0.0006674600        0.0000416813        0.0000386850
       -0.0000225687       -0.0000335950        0.0003470637
       -0.0000200336       -0.0001877424        0.0000537263
        0.0001181026       -0.0000629562        0.0001387813
       -0.0000845049        0.0001798438        0.0001512225
        0.0000002913       -0.0000112049        0.0001152150
       -0.0000093861        0.0000015388        0.0000086639
       -0.0012574112        0.0010663650       -0.0011002775
       -0.0055545011       -0.0056156225        0.0034887401
       -0.0416779638       -0.0280294950        0.0133249888
        0.0002990076       -0.0002920074        0.0002488051
       -0.0001677925       -0.0006791750       -0.0000468112
       -0.0000051849       -0.0002539824        0.0001394925
        0.0027930363        0.0028537126       -0.0014240450
        0.0003115925       -0.0000204224       -0.0001186599
        0.0456071274        0.0306447964       -0.0148364274
       -0.0006412562       -0.0004770250        0.0004429801
       -0.0000203374        0.0000236651       -0.0000131237
       -0.0000089049        0.0002984351       -0.0000789712
        0.0001290476        0.0000479613       -0.0000723124
        0.0000868188       -0.0002486949       -0.0000530337
        0.0002355463       -0.0002187112       -0.0000659362
       -0.0001290812        0.0009089101        0.0001640826
        0.0006612138       -0.0000005062        0.0001039051
        0.0005836588        0.0005279051       -0.0004695761
       -0.0283698412       -0.0441957562        0.0143639527
        0.0000573826       -0.0000310411       -0.0000129587
        0.0000156239        0.0001570113        0.0000144538
        0.0000223889        0.0001384701       -0.0000704924
       -0.0057147474       -0.0059179024        0.0030704389
       -0.0000991361        0.0000482889       -0.0000882837
        0.0306447964        0.0487351548       -0.0162343236
        0.0010170726        0.0010974576       -0.0001083799
        0.0000224189        0.0000077814       -0.0000261149
        0.0002064364        0.0000849914        0.0000305189
        0.0000011326        0.0000761351       -0.0000429412
       -0.0000652211        0.0003354688       -0.0001870999
        0.0000852651        0.0003938864        0.0001300989
        0.0009404552       -0.0014575237       -0.0004732512
       -0.0011342950        0.0005361225       -0.0012476050
       -0.0033708337       -0.0030352712        0.0014188938
        0.0139901925        0.0145647726       -0.0222418086
        0.0001846926       -0.0000476287        0.0000825275
        0.0000493089       -0.0003203512        0.0002039501
        0.0002982076       -0.0001296511        0.0006152601
       -0.0011441899       -0.0012436386        0.0006358988
        0.0002556788       -0.0001095886        0.0001480838
       -0.0148364274       -0.0162343236        0.0223992824
        0.0058730688        0.0061631351       -0.0024092324
        0.0000083300        0.0000349701        0.0000012925
       -0.0000234186        0.0000034601        0.0000729976
        0.0000137901       -0.0000701299       -0.0000292099
       -0.0001861736        0.0000855351        0.0001306326
       -0.0000245775        0.0001814876       -0.0000035799
        0.0000466514       -0.0003791050        0.0002224826
        0.0005683275       -0.0001014262       -0.0006746450
        0.0006984688       -0.0008997449       -0.0090970599
       -0.0164721200        0.0015092138        0.0098624438
        0.0004590500       -0.0003091662       -0.0000111162
       -0.0000122899        0.0000184124        0.0002974237
       -0.0003114137       -0.0000559199        0.0003548038
       -0.0003817137        0.0004345301        0.0034054438
       -0.0014906450        0.0002406001       -0.0006674600
       -0.0006412562        0.0010170726        0.0058730688
        0.0175601549       -0.0025157875       -0.0093229662
       -0.0000612299        0.0001502976        0.0000865025
       -0.0000016037        0.0000388138        0.0000233126
        0.0000158825       -0.0000609987        0.0000718187
       -0.0000563661        0.0007498176       -0.0000391699
       -0.0000061125       -0.0001447912        0.0000226812
        0.0001324051       -0.0000710825       -0.0001912324
        0.0000743775       -0.0000911125       -0.0006267337
       -0.0004433512        0.0000278351        0.0014387776
        0.0013416337       -0.0168664862       -0.0089982763
       -0.0000899887        0.0000771789        0.0002322638
        0.0000160075        0.0001465975        0.0001570875
       -0.0000426462       -0.0000861586        0.0002498663
        0.0012304262       -0.0010926962       -0.0089244862
        0.0003491725        0.0001057751        0.0000416813
       -0.0004770250        0.0010974576        0.0061631351
       -0.0025157875        0.0176532974        0.0102351025
        0.0001309864        0.0000155901        0.0000253525
        0.0000038639       -0.0000082999        0.0000286875
       -0.0000268500       -0.0000058937       -0.0000367874
        0.0007468826       -0.0016982975       -0.0002487162
       -0.0000253300        0.0003718414        0.0001895025
       -0.0002725061        0.0003529063        0.0000671275
        0.0002099912        0.0000360400       -0.0010545813
        0.0004121350       -0.0005840337       -0.0052839062
        0.0082187075       -0.0095152675       -0.0765363262
        0.0002480275       -0.0001930812        0.0001340238
        0.0000021075        0.0000506125        0.0003697137
        0.0004411989        0.0001521763        0.0007990126
        0.0001498050       -0.0001354724       -0.0007041249
       -0.0008286212        0.0001986025        0.0000386850
        0.0004429801       -0.0001083799       -0.0024092324
       -0.0093229662        0.0102351025        0.0836618175
       -0.0000963725        0.0001818088        0.0002053963
       -0.0000280349       -0.0000047399       -0.0000005887
       -0.0000091500        0.0000011950        0.0001392451
        0.0000689025       -0.0001070750        0.0004027300
        0.0001395000       -0.0001075136        0.0001210775
       -0.0000537837       -0.0001052187        0.0001169325
        0.0000227500       -0.0001278499       -0.0002687162
       -0.0006514437        0.0001952751        0.0038740613
        0.0001363014       -0.0001798862        0.0003009050
       -0.0163158799        0.0013006314        0.0082301788
        0.0001069401        0.0000135075        0.0000541350
       -0.0001281474       -0.0001663462        0.0000217963
       -0.0000083387        0.0000339251       -0.0000437461
       -0.0000703187        0.0006933726       -0.0000225687
       -0.0000203374        0.0000224189        0.0000083300
       -0.0000612299        0.0001309864       -0.0000963725
        0.0159376349       -0.0019065711       -0.0097215249
       -0.0006476249        0.0010700713        0.0056919138
        0.0016919662       -0.0010353862       -0.0079905899
        0.0000095001       -0.0000327662       -0.0000382450
       -0.0000032749       -0.0000008911       -0.0000094337
        0.0000011526       -0.0000106899        0.0000031938
        0.0000210463        0.0003224763       -0.0011646987
        0.0014708526       -0.0013421275       -0.0093886299
       -0.0004125675        0.0004213001       -0.0001634611
        0.0009670101       -0.0154057874       -0.0063392962
       -0.0000203137        0.0000803487        0.0004069226
       -0.0001332961       -0.0000535536        0.0005756238
       -0.0000208424       -0.0000233086        0.0000325113
        0.0006628650       -0.0015890774       -0.0000335950
        0.0000236651        0.0000077814        0.0000349701
        0.0001502976        0.0000155901        0.0001818088
       -0.0019065711        0.0164096149        0.0084233876
       -0.0004435536        0.0011123826        0.0063867726
       -0.0003313762        0.0000210038        0.0009750501
       -0.0000273074        0.0000372976        0.0000435500
       -0.0000007012        0.0000003939        0.0000237376
        0.0000009577       -0.0000147549       -0.0000017299
        0.0002678512       -0.0001052762       -0.0008318600
        0.0002348050       -0.0003770787       -0.0018731937
       -0.0001620612        0.0001197488        0.0001048888
        0.0085552163       -0.0080586899       -0.0792383875
       -0.0000147524        0.0000641175        0.0002624350
       -0.0001521312        0.0005920126        0.0005266826
        0.0000038750       -0.0000037924        0.0001080001
        0.0001146875       -0.0001865313        0.0003470637
       -0.0000131237       -0.0000261149        0.0000012925
        0.0000865025        0.0000253525        0.0002053963
       -0.0097215249        0.0084233876        0.0859796624
        0.0002701776       -0.0001544337       -0.0021142049
        0.0005422513       -0.0003463862       -0.0034737124
       -0.0000292124        0.0000465462       -0.0000035387
        0.0000088376       -0.0000169474        0.0000012825
        0.0000025489       -0.0000020712       -0.0000020400
       -0.0005811575        0.0010891851        0.0002669913
        0.0022474214        0.0024351063       -0.0014621524
        0.0000230600       -0.0000894612       -0.0000505536
       -0.0416665474       -0.0296333074        0.0141239613
        0.0002939626        0.0000726212        0.0000323151
        0.0002744314       -0.0000894586       -0.0002290062
        0.0000955389        0.0000169364        0.0000111951
        0.0001307938       -0.0002212686       -0.0000200336
       -0.0000089049        0.0002064364       -0.0000234186
       -0.0000016037        0.0000038639       -0.0000280349
       -0.0006476249       -0.0004435536        0.0002701776
        0.0444827573        0.0321258852       -0.0157364749
       -0.0046349087       -0.0054446862        0.0028460013
       -0.0000006737       -0.0000026749       -0.0000014649
        0.0000087213       -0.0000240624        0.0000003313
       -0.0000153948        0.0000073301       -0.0000000887
        0.0015528413       -0.0013178762       -0.0006886512
       -0.0058493149       -0.0055586450        0.0034170226
       -0.0004321337        0.0003417613        0.0000939050
       -0.0286496424       -0.0461490549        0.0148560176
       -0.0005902512       -0.0002682100       -0.0000795537
       -0.0003003486        0.0000737577        0.0002114650
        0.0000754026        0.0000268764       -0.0000946549
       -0.0000419437        0.0002754526       -0.0001877424
        0.0002984351        0.0000849914        0.0000034601
        0.0000388138       -0.0000082999       -0.0000047399
        0.0010700713        0.0011123826       -0.0001544337
        0.0321258852        0.0501831823       -0.0166266749
        0.0007270476        0.0011281725       -0.0007385936
       -0.0000048836       -0.0000124537        0.0000012338
        0.0000075138        0.0000096951       -0.0000024224
       -0.0000184073        0.0000780738       -0.0000056712
        0.0005062050       -0.0006764974       -0.0006178575
       -0.0012553312       -0.0015850324        0.0004289101
        0.0000184338        0.0000907900       -0.0000096424
        0.0139272675        0.0152187276       -0.0216464299
       -0.0001289924        0.0000722638        0.0001498813
       -0.0001868999        0.0003344690        0.0004267126
       -0.0000638312       -0.0000165974       -0.0000059499
       -0.0001256587        0.0001487663        0.0000537263
       -0.0000789712        0.0000305189        0.0000729976
        0.0000233126        0.0000286875       -0.0000005887
        0.0056919138        0.0063867726       -0.0021142049
       -0.0157364749       -0.0166266749        0.0216540774
       -0.0025998562       -0.0033911687        0.0016263839
        0.0000051389       -0.0000115912       -0.0000091924
       -0.0000043649        0.0000137664       -0.0000028025
        0.0000078589       -0.0000174175       -0.0000063812
       -0.0000172400       -0.0001806913       -0.0000487450
       -0.0027567500       -0.0001736012       -0.0015037287
        0.0000688438        0.0007470101        0.0003652138
       -0.0647613874        0.0070435076       -0.0268801187
        0.0001628376        0.0001609825        0.0001187087
        0.0000785963        0.0000825126       -0.0000434500
       -0.0000969725       -0.0001009999       -0.0001955162
        0.0000420513       -0.0000065349        0.0001181026
        0.0001290476        0.0000011326        0.0000137901
        0.0000158825       -0.0000268500       -0.0000091500
        0.0016919662       -0.0003313762        0.0005422513
       -0.0046349087        0.0007270476       -0.0025998562
        0.0701105999       -0.0080619937        0.0301022875
       -0.0000018487       -0.0000004850        0.0000196150
       -0.0000290087        0.0000751176        0.0000075625
       -0.0000019524        0.0000399938       -0.0000006537
        0.0004013937        0.0006137387        0.0003480874
        0.0080002962       -0.0009201150        0.0047100275
        0.0000591700       -0.0017718850       -0.0006748462
        0.0059590850       -0.0159035899        0.0031015188
       -0.0001124612       -0.0000544501       -0.0001647375
       -0.0001074449       -0.0000431024       -0.0000089126
        0.0005213000        0.0001413326        0.0002964114
       -0.0002170062        0.0003574838       -0.0000629562
        0.0000479613        0.0000761351       -0.0000701299
       -0.0000609987       -0.0000058937        0.0000011950
       -0.0010353862        0.0000210038       -0.0003463862
       -0.0054446862        0.0011281725       -0.0033911687
       -0.0080619937        0.0165253149       -0.0036986237
       -0.0000043737        0.0000085763       -0.0000234550
        0.0000782275       -0.0001823150       -0.0000318237
       -0.0000284349        0.0000090338        0.0000143275
       -0.0002735475        0.0001391876        0.0001418300
        0.0021760400       -0.0000336299        0.0009026351
        0.0000337963       -0.0003884711       -0.0000020299
       -0.0272891375        0.0035708651       -0.0298089187
        0.0000969114        0.0000636125       -0.0000260625
        0.0001652251        0.0000365164       -0.0000628275
        0.0000729825       -0.0000612649        0.0001762226
        0.0000601975        0.0002155076        0.0001387813
       -0.0000723124       -0.0000429412       -0.0000292099
        0.0000718187       -0.0000367874        0.0001392451
       -0.0079905899        0.0009750501       -0.0034737124
        0.0028460013       -0.0007385936        0.0016263839
        0.0301022875       -0.0036986237        0.0302884624
       -0.0000150324        0.0000345013        0.0000003113
        0.0000179764       -0.0000334762       -0.0000080787
        0.0000029476       -0.0000026162       -0.0000031899
        0.0000205476        0.0001305263        0.0005481663
        0.0001636576       -0.0001404012        0.0003812676
       -0.0005639212        0.0004207389        0.0034657689
        0.0000114426        0.0000363676       -0.0000316924
       -0.0000096936       -0.0001882712       -0.0002140574
       -0.0000489598        0.0000667551       -0.0002746474
       -0.0158610636        0.0012417927        0.0074919589
       -0.0000640124        0.0000707051       -0.0000845049
        0.0000868188       -0.0000652211       -0.0001861736
       -0.0000563661        0.0007468826        0.0000689025
        0.0000095001       -0.0000273074       -0.0000292124
       -0.0000006737       -0.0000048836        0.0000051389
       -0.0000018487       -0.0000043737       -0.0000150324
        0.0152679948       -0.0021145974       -0.0087829149
        0.0015878251       -0.0013739874       -0.0080471536
       -0.0005412899        0.0012052313        0.0056977814
        0.0000454650       -0.0000708474        0.0001025700
       -0.0002361887        0.0004250288       -0.0002267750
        0.0011042200       -0.0012058975       -0.0092476699
       -0.0000463712       -0.0000364211        0.0000222325
        0.0000147188        0.0000137688       -0.0000100537
       -0.0000207262        0.0000801139       -0.0000161300
        0.0012884226       -0.0164610299       -0.0094122499
        0.0001421850        0.0000144613        0.0001798438
       -0.0002486949        0.0003354688        0.0000855351
        0.0007498176       -0.0016982975       -0.0001070750
       -0.0000327662        0.0000372976        0.0000465462
       -0.0000026749       -0.0000124537       -0.0000115912
       -0.0000004850        0.0000085763        0.0000345013
       -0.0021145974        0.0172365249        0.0113674675
       -0.0003120287        0.0000073639        0.0009070876
       -0.0003302136        0.0013260288        0.0062798338
       -0.0000365950       -0.0001549862       -0.0004648637
       -0.0000873275        0.0000476738        0.0000434351
        0.0000762588       -0.0000927874       -0.0011407637
        0.0000288075        0.0000005375        0.0001240837
        0.0000168301        0.0001852749        0.0001948350
        0.0000139563       -0.0000340636        0.0002790663
        0.0079777226       -0.0100761186       -0.0762643299
        0.0001674725       -0.0000160474        0.0001512225
       -0.0000530337       -0.0001870999        0.0001306326
       -0.0000391699       -0.0002487162        0.0004027300
       -0.0000382450        0.0000435500       -0.0000035387
       -0.0000014649        0.0000012338       -0.0000091924
        0.0000196150       -0.0000234550        0.0000003113
       -0.0087829149        0.0113674675        0.0831930174
        0.0004288575       -0.0004656812       -0.0037075625
        0.0003031651       -0.0003518975       -0.0029293024
        0.0002556250       -0.0000471737       -0.0000809162
        0.0001722788        0.0006533801        0.0003781476
       -0.0025287775       -0.0001818675       -0.0014016511
       -0.0001762174       -0.0000786512       -0.0001556749
       -0.0000352912        0.0000678074        0.0000534038
       -0.0000475212        0.0000088501        0.0000338988
       -0.0659743124        0.0061233501       -0.0263520687
        0.0000301876       -0.0000198362        0.0000002913
        0.0002355463        0.0000852651       -0.0000245775
       -0.0000061125       -0.0000253300        0.0001395000
       -0.0000032749       -0.0000007012        0.0000088376
        0.0000087213        0.0000075138       -0.0000043649
       -0.0000290087        0.0000782275        0.0000179764
        0.0015878251       -0.0003120287        0.0004288575
        0.0713314849       -0.0069215361        0.0295266201
       -0.0048213099        0.0005573813       -0.0025623886
       -0.0002249212       -0.0004025561       -0.0000802624
        0.0003540988       -0.0019034137       -0.0006605961
        0.0080465301       -0.0004463974        0.0045351589
        0.0005014525        0.0000968914        0.0002777001
        0.0000217713        0.0002617563        0.0000860964
        0.0000412076        0.0001142639       -0.0000490412
        0.0054102689       -0.0151290124        0.0027006389
       -0.0000695825        0.0000066601       -0.0000112049
       -0.0002187112        0.0003938864        0.0001814876
       -0.0001447912        0.0003718414       -0.0001075136
       -0.0000008911        0.0000003939       -0.0000169474
       -0.0000240624        0.0000096951        0.0000137664
        0.0000751176       -0.0001823150       -0.0000334762
       -0.0013739874        0.0000073639       -0.0004656812
       -0.0069215361        0.0158649398       -0.0030882762
       -0.0054774586        0.0009356688       -0.0032830049
       -0.0000367588       -0.0000588913       -0.0001865612
        0.0001310926       -0.0002729625       -0.0000107436
        0.0018444200       -0.0001426800        0.0007726438
        0.0000527250       -0.0000442024        0.0001221100
       -0.0000276649        0.0000392287        0.0000632050
       -0.0000052524       -0.0000334398        0.0001148563
       -0.0266252812        0.0031046351       -0.0282769599
        0.0000816550       -0.0000322625        0.0001152150
       -0.0000659362        0.0001300989       -0.0000035799
        0.0000226812        0.0001895025        0.0001210775
       -0.0000094337        0.0000237376        0.0000012825
        0.0000003313       -0.0000024224       -0.0000028025
        0.0000075625       -0.0000318237       -0.0000080787
       -0.0080471536        0.0009070876       -0.0037075625
        0.0295266201       -0.0030882762        0.0291030149
        0.0031551414       -0.0006886150        0.0017825888
       -0.0004766874        0.0003455776       -0.0001534249
        0.0002813376       -0.0001096674       -0.0001187461
        0.0026605976        0.0026362826       -0.0015797212
        0.0000385914        0.0000208177        0.0000348164
       -0.0000537561        0.0000848263        0.0000632088
       -0.0000715898        0.0000373914       -0.0000333961
       -0.0402694449       -0.0282964411        0.0148230051
       -0.0000178837        0.0000026952       -0.0000093861
       -0.0001290812        0.0009404552        0.0000466514
        0.0001324051       -0.0002725061       -0.0000537837
        0.0000011526        0.0000009577        0.0000025489
       -0.0000153948       -0.0000184073        0.0000078589
       -0.0000019524       -0.0000284349        0.0000029476
       -0.0005412899       -0.0003302136        0.0003031651
       -0.0048213099       -0.0054774586        0.0031551414
        0.0432842498        0.0304722976       -0.0164906348
        0.0003073038       -0.0002188400        0.0005339175
       -0.0004753049        0.0000444187        0.0000683363
       -0.0057170762       -0.0058992649        0.0033107051
        0.0000474413       -0.0000087586       -0.0000378087
        0.0000077164        0.0001665450       -0.0000743287
       -0.0000282412        0.0002235338       -0.0003453637
       -0.0272824399       -0.0457852312        0.0161303376
        0.0000396750       -0.0000085437        0.0000015388
        0.0009089101       -0.0014575237       -0.0003791050
       -0.0000710825        0.0003529063       -0.0001052187
       -0.0000106899       -0.0000147549       -0.0000020712
        0.0000073301        0.0000780738       -0.0000174175
        0.0000399938        0.0000090338       -0.0000026162
        0.0012052313        0.0013260288       -0.0003518975
        0.0005573813        0.0009356688       -0.0006886150
        0.0304722976        0.0502565949       -0.0180395474
        0.0000492251        0.0003820313        0.0007416725
        0.0000960500        0.0001925000       -0.0000539861
       -0.0013283749       -0.0012699599        0.0006554301
       -0.0000404112       -0.0000011499        0.0000022788
       -0.0000711987       -0.0003515513       -0.0002912437
        0.0000181426       -0.0000251536       -0.0003196912
        0.0146437576        0.0165094151       -0.0235047624
        0.0000130776        0.0000062214        0.0000086639
        0.0001640826       -0.0004732512        0.0002224826
       -0.0001912324        0.0000671275        0.0001169325
        0.0000031938       -0.0000017299       -0.0000020400
       -0.0000000887       -0.0000056712       -0.0000063812
       -0.0000006537        0.0000143275       -0.0000031899
        0.0056977814        0.0062798338       -0.0029293024
       -0.0025623886       -0.0032830049        0.0017825888
       -0.0164906348       -0.0180395474        0.0235802374
