CMA Database Generation


      CCCCCCCC      MMMMMM     MMMMMM           AAAAA
    CCCCCCCCCCCC    MMMMMMM   MMMMMMM          AAAAAAA
   CCCC      CCCC   MMMMMMMM MMMMMMMM         AAAA AAAA
  CCCC              MMMM MMMMMMM MMMM        AAAA   AAAA
  CCCC              MMMM  MMMM   MMMM       AAAA     AAAA
  CCCC              MMMM         MMMM      AAAA       AAAA
  CCCC              MMMM         MMMM     AAAAAAAAAAAAAAAAA 
   CCCC      CCCC   MMMM         MMMM    AAAAAAAAAAAAAAAAAAA
    CCCCCCCCCCCC    MMMM         MMMM   AAAA             AAAA
      CCCCCCCC      MMMM         MMMM  AAAA               AAAA

Authors: Dr. Mitchell Lahm, Nathaniel Kitzmiller, Dr. Henry Mull

Combinations of levels of theory (high, low): ('CCSD_T_aTZ', 'CCSD_T_DZ')
Coordinate types: Nattys
Number of off-diagonal corrections: 0

Generating database entries for 1 jobs:
6_water_ammonia     

////////////////////////////////////////////
//            6_water_ammonia             //
////////////////////////////////////////////
I am in /home/vulcan/lo21740/benchmarker/3_Dimers/6_water_ammonia and I can see ['CCSD_T_aTZ', 'CCSD_T_haDZ', 'manual_projection.py', '__pycache__', 'CCSD_T_DZ']
/home/vulcan/lo21740/benchmarker/3_Dimers/6_water_ammonia/CCSD_T_aTZ

==================================================
                Current Parameters
--------------------------------------------------
  Job                     water_ammonia (3.6)
  High level of theory    CCSD_T_aTZ
  Low level of theory     CCSD_T_DZ
  Coordinate type         Nattys
==================================================

You have imported the merger script!
Initial Geometric Internal Coordinate Values:
('1', '4') R1 = 5.5533048738949695
('1', '2') R2 = 1.8392708010988794
('1', '3') R3 = 1.8153877245951742
('4', '5') R4 = 1.9187601300345205
('4', '6') R5 = 1.917848429652465
('4', '7') R6 = 1.917848429652465
('3', '1', '2') A1 = 104.74458363142787
('1', '2', '4') A2 = 170.63714345192733
('6', '4', '7') A3 = 106.77108695901755
('5', '4', '6') A4 = 106.57651734390926
('5', '4', '7') A5 = 106.57651734390926
('5', '4', '1') A6 = 100.2217320380383
('6', '4', '1') A7 = 117.6989738777025
('7', '4', '1') A8 = 117.6989738777025
('3', '1', '4', '5') D1 = 180.0
('3', '1', '4', '6') D2 = 65.033758622595
('3', '1', '4', '7') D3 = -65.033758622595
('2', '4', '1', '3') Ly1 = 0.0
Final Geometric Internal Coordinate Values:
('1', '4') R1 = 5.5533048738949695
('1', '2') R2 = 1.8392708010988794
('1', '3') R3 = 1.8153877245951742
('4', '5') R4 = 1.9187601300345205
('4', '6') R5 = 1.917848429652465
('4', '7') R6 = 1.917848429652465
('3', '1', '2') A1 = 104.74458363142787
('1', '2', '4') A2 = 170.63714345192733
('6', '4', '7') A3 = 106.77108695901755
('5', '4', '6') A4 = 106.57651734390926
('5', '4', '7') A5 = 106.57651734390926
('5', '4', '1') A6 = 100.2217320380383
('6', '4', '1') A7 = 117.6989738777025
('7', '4', '1') A8 = 117.6989738777025
('3', '1', '4', '5') D1 = 180.0
('3', '1', '4', '6') D2 = 65.033758622595
('3', '1', '4', '7') D3 = -65.033758622595
('2', '4', '1', '3') Ly1 = 0.0
Final - Initial Geometric Internal Coordinate Values:
R1 = 0.0
R2 = 0.0
R3 = 0.0
R4 = 0.0
R5 = 0.0
R6 = 0.0
A1 = 0.0
A2 = 0.0
A3 = 0.0
A4 = 0.0
A5 = 0.0
A6 = 0.0
A7 = 0.0
A8 = 0.0
D1 = 0.0
D2 = 0.0
D3 = 0.0
Ly1 = 0.0
this is proj, check for this when redundants executed
[[ 1.      0.      0.      0.      0.      0.      0.      0.      0.      0.      0.      0.      0.      0.      0.    ]
 [ 0.      0.7071  0.7071  0.      0.      0.      0.      0.      0.      0.      0.      0.      0.      0.      0.    ]
 [ 0.      0.7071 -0.7071  0.      0.      0.      0.      0.      0.      0.      0.      0.      0.      0.      0.    ]
 [ 0.      0.      0.      0.5774  0.8165  0.      0.      0.      0.      0.      0.      0.      0.      0.      0.    ]
 [ 0.      0.      0.      0.5774 -0.4082  0.7071  0.      0.      0.      0.      0.      0.      0.      0.      0.    ]
 [ 0.      0.      0.      0.5774 -0.4082 -0.7071  0.      0.      0.      0.      0.      0.      0.      0.      0.    ]
 [ 0.      0.      0.      0.      0.      0.      1.      0.      0.      0.      0.      0.      0.      0.      0.    ]
 [ 0.      0.      0.      0.      0.      0.      0.      1.      0.      0.      0.      0.      0.      0.      0.    ]
 [ 0.      0.      0.      0.      0.      0.      0.      0.      0.4082  0.8165  0.      0.      0.      0.      0.    ]
 [ 0.      0.      0.      0.      0.      0.      0.      0.      0.4082 -0.4082  0.7071  0.      0.      0.      0.    ]
 [ 0.      0.      0.      0.      0.      0.      0.      0.      0.4082 -0.4082 -0.7071  0.      0.      0.      0.    ]
 [ 0.      0.      0.      0.      0.      0.      0.      0.     -0.4082  0.      0.      0.8165  0.      0.      0.    ]
 [ 0.      0.      0.      0.      0.      0.      0.      0.     -0.4082  0.      0.     -0.4082  0.7071  0.      0.    ]
 [ 0.      0.      0.      0.      0.      0.      0.      0.     -0.4082  0.      0.     -0.4082 -0.7071  0.      0.    ]
 [ 0.      0.      0.      0.      0.      0.      0.      0.      0.      0.      0.      0.      0.      0.5774  0.    ]
 [ 0.      0.      0.      0.      0.      0.      0.      0.      0.      0.      0.      0.      0.      0.5774  0.    ]
 [ 0.      0.      0.      0.      0.      0.      0.      0.      0.      0.      0.      0.      0.      0.5774  0.    ]
 [ 0.      0.      0.      0.      0.      0.      0.      0.      0.      0.      0.      0.      0.      0.      1.    ]]
Normal Coordinate Values:
Normal Coordinate #1   :  5.55330
Normal Coordinate #2   :  2.58423
Normal Coordinate #3   :  0.01689
Normal Coordinate #4   :  3.32234
Normal Coordinate #5   :  0.00074
Normal Coordinate #6   :  0.00000
Normal Coordinate #7   :  1.82814
Normal Coordinate #8   :  2.97818
Normal Coordinate #9   : -0.11184
Normal Coordinate #10  :  0.00277
Normal Coordinate #11  : -0.00000
Normal Coordinate #12  : -0.24906
Normal Coordinate #13  : -0.00000
Normal Coordinate #14  :  1.81380
Normal Coordinate #15  :  0.00000
If something looks wrong with the final frequencies, check these energies!
(Job number 1 == Reference energy) :D
/home/vulcan/lo21740/benchmarker/3_Dimers/6_water_ammonia/CCSD_T_aTZ/Disps_CCSD_T_DZ/DispsInit
Reference energy: -132.655504712524
Relative plus     2   0    0: -0.000007509
Relative minus    3   0    0:  0.000008972
Relative plus     4   0    1: -0.000009724
Relative minus    5   0    1:  0.000063439
Relative plus     6   0    2:  0.000044169
Relative minus    7   0    2:  0.000010995
Relative plus     8   0    3: -0.000120540
Relative minus    9   0    3:  0.000169637
Relative plus    10   0    4:  0.000018187
Relative minus   11   0    4:  0.000031676
Relative plus    12   0    5:  0.000016722
Relative minus   13   0    5:  0.000033204
Relative plus    14   0    6:  0.000066507
Relative minus   15   0    6: -0.000049221
Relative plus    16   0    7: -0.000023712
Relative minus   17   0    7:  0.000026859
Relative plus    18   0    8:  0.000044236
Relative minus   19   0    8: -0.000035451
Relative plus    20   0    9: -0.000005256
Relative minus   21   0    9:  0.000022293
Relative plus    22   0   10:  0.000000326
Relative minus   23   0   10:  0.000016806
Relative plus    24   0   11: -0.000000574
Relative minus   25   0   11:  0.000002997
Relative plus    26   0   12: -0.000007048
Relative minus   27   0   12:  0.000009438
Relative plus    28   0   13: -0.000007497
Relative minus   29   0   13:  0.000008984
Relative plus    30   0   14: -0.000007489
Relative minus   31   0   14:  0.000008992
Relative plus    32   1    1: -0.000002238
Relative minus   33   1    1:  0.000054459
Relative plus    34   1    2:  0.000045967
Relative minus   35   1    2:  0.000054386
Relative plus    36   1    3: -0.000115510
Relative minus   37   1    3:  0.000214882
Relative plus    38   1    4:  0.000023436
Relative minus   39   1    4:  0.000077141
Relative plus    40   1    5:  0.000021994
Relative minus   41   1    5:  0.000078690
Relative plus    42   1    6:  0.000075193
Relative minus   43   1    6: -0.000000189
Relative plus    44   1    7: -0.000017990
Relative minus   45   1    7:  0.000072776
Relative plus    46   1    8:  0.000049209
Relative minus   47   1    8:  0.000009735
Relative plus    48   1    9:  0.000000017
Relative minus   49   1    9:  0.000067783
Relative plus    50   1   10:  0.000005596
Relative minus   51   1   10:  0.000062294
Relative plus    52   1   11:  0.000004536
Relative minus   53   1   11:  0.000048309
Relative plus    54   1   12: -0.000001770
Relative minus   55   1   12:  0.000054918
Relative plus    56   1   13: -0.000002226
Relative minus   57   1   13:  0.000054471
Relative plus    58   1   14: -0.000002218
Relative minus   59   1   14:  0.000054478
Relative plus    60   2    2:  0.000051670
Relative minus   61   2    2:  0.000002032
Relative plus    62   2    3: -0.000061602
Relative minus   63   2    3:  0.000162454
Relative plus    64   2    4:  0.000077353
Relative minus   65   2    4:  0.000024723
Relative plus    66   2    5:  0.000075902
Relative minus   67   2    5:  0.000026263
Relative plus    68   2    6:  0.000124628
Relative minus   69   2    6: -0.000057214
Relative plus    70   2    7:  0.000035709
Relative minus   71   2    7:  0.000020140
Relative plus    72   2    8:  0.000103122
Relative minus   73   2    8: -0.000042687
Relative plus    74   2    9:  0.000053923
Relative minus   75   2    9:  0.000015354
Relative plus    76   2   10:  0.000059504
Relative minus   77   2   10:  0.000009867
Relative plus    78   2   11:  0.000058569
Relative minus   79   2   11: -0.000003994
Relative plus    80   2   12:  0.000052138
Relative minus   81   2   12:  0.000002491
Relative plus    82   2   13:  0.000051682
Relative minus   83   2   13:  0.000002044
Relative plus    84   2   14:  0.000051690
Relative minus   85   2   14:  0.000002052
Relative plus    86   3    3: -0.000113159
Relative minus   87   3    3:  0.000160537
Relative plus    88   3    4: -0.000087954
Relative minus   89   3    4:  0.000183679
Relative plus    90   3    5: -0.000089389
Relative minus   91   3    5:  0.000185239
Relative plus    92   3    6: -0.000039452
Relative minus   93   3    6:  0.000102042
Relative plus    94   3    7: -0.000129197
Relative minus   95   3    7:  0.000178588
Relative plus    96   3    8: -0.000057291
Relative minus   97   3    8:  0.000120248
Relative plus    98   3    9: -0.000111322
Relative minus   99   3    9:  0.000173498
Relative plus   100   3   10: -0.000105348
Relative minus  101   3   10:  0.000168396
Relative plus   102   3   11: -0.000105948
Relative minus  103   3   11:  0.000154847
Relative plus   104   3   12: -0.000112697
Relative minus  105   3   12:  0.000161003
Relative plus   106   3   13: -0.000113146
Relative minus  107   3   13:  0.000160549
Relative plus   108   3   14: -0.000113138
Relative minus  109   3   14:  0.000160557
Relative plus   110   4    4:  0.000025695
Relative minus  111   4    4:  0.000022704
Relative plus   112   4    5:  0.000050258
Relative minus  113   4    5:  0.000046608
Relative plus   114   4    6:  0.000099329
Relative minus  115   4    6: -0.000035864
Relative plus   116   4    7:  0.000009518
Relative minus  117   4    7:  0.000040617
Relative plus   118   4    8:  0.000077389
Relative minus  119   4    8: -0.000021781
Relative plus   120   4    9:  0.000025745
Relative minus  121   4    9:  0.000033842
Relative plus   122   4   10:  0.000033525
Relative minus  123   4   10:  0.000030543
Relative plus   124   4   11:  0.000032900
Relative minus  125   4   11:  0.000016995
Relative plus   126   4   12:  0.000026159
Relative minus  127   4   12:  0.000023167
Relative plus   128   4   13:  0.000025708
Relative minus  129   4   13:  0.000022716
Relative plus   130   4   14:  0.000025715
Relative minus  131   4   14:  0.000022724
Relative plus   132   5    5:  0.000024232
Relative minus  133   5    5:  0.000024232
Relative plus   134   5    6:  0.000097916
Relative minus  135   5    6: -0.000034285
Relative plus   136   5    7:  0.000008227
Relative minus  137   5    7:  0.000042317
Relative plus   138   5    8:  0.000075943
Relative minus  139   5    8: -0.000020237
Relative plus   140   5    9:  0.000026480
Relative minus  141   5    9:  0.000037524
Relative plus   142   5   10:  0.000034286
Relative minus  143   5   10:  0.000034286
Relative plus   144   5   11:  0.000031205
Relative minus  145   5   11:  0.000018291
Relative plus   146   5   12:  0.000024893
Relative minus  147   5   12:  0.000024893
Relative plus   148   5   13:  0.000024270
Relative minus  149   5   13:  0.000024270
Relative plus   150   5   14:  0.000024215
Relative minus  151   5   14:  0.000024215
Relative plus   152   6    6:  0.000073685
Relative minus  153   6    6: -0.000058516
Relative plus   154   6    7:  0.000058475
Relative minus  155   6    7: -0.000039634
Relative plus   156   6    8:  0.000125329
Relative minus  157   6    8: -0.000103041
Relative plus   158   6    9:  0.000075960
Relative minus  159   6    9: -0.000045172
Relative plus   160   6   10:  0.000081519
Relative minus  161   6   10: -0.000050681
Relative plus   162   6   11:  0.000080349
Relative minus  163   6   11: -0.000064768
Relative plus   164   6   12:  0.000074149
Relative minus  165   6   12: -0.000058053
Relative plus   166   6   13:  0.000073697
Relative minus  167   6   13: -0.000058503
Relative plus   168   6   14:  0.000073706
Relative minus  169   6   14: -0.000058497
Relative plus   170   7    7: -0.000016005
Relative minus  171   7    7:  0.000018086
Relative plus   172   7    8:  0.000035786
Relative minus  173   7    8: -0.000026302
Relative plus   174   7    9: -0.000013767
Relative minus  175   7    9:  0.000031394
Relative plus   176   7   10: -0.000008170
Relative minus  177   7   10:  0.000025921
Relative plus   178   7   11: -0.000010194
Relative minus  179   7   11:  0.000010977
Relative plus   180   7   12: -0.000015541
Relative minus  181   7   12:  0.000018550
Relative plus   182   7   13: -0.000015993
Relative minus  183   7   13:  0.000018099
Relative plus   184   7   14: -0.000015986
Relative minus  185   7   14:  0.000018108
Relative plus   186   8    8:  0.000051707
Relative minus  187   8    8: -0.000044464
Relative plus   188   8    9:  0.000053275
Relative minus  189   8    9: -0.000031726
Relative plus   190   8   10:  0.000059491
Relative minus  191   8   10: -0.000036579
Relative plus   192   8   11:  0.000058970
Relative minus  193   8   11: -0.000050087
Relative plus   194   8   12:  0.000052171
Relative minus  195   8   12: -0.000044001
Relative plus   196   8   13:  0.000051719
Relative minus  197   8   13: -0.000044452
Relative plus   198   8   14:  0.000051727
Relative minus  199   8   14: -0.000044444
Relative plus   200   9    9:  0.000002236
Relative minus  201   9    9:  0.000013305
Relative plus   202   9   10:  0.000010081
Relative minus  203   9   10:  0.000021130
Relative plus   204   9   11:  0.000009380
Relative minus  205   9   11:  0.000007537
Relative plus   206   9   12:  0.000002698
Relative minus  207   9   12:  0.000013771
Relative plus   208   9   13:  0.000002248
Relative minus  209   9   13:  0.000013317
Relative plus   210   9   14:  0.000002256
Relative minus  211   9   14:  0.000013326
Relative plus   212  10   10:  0.000007835
Relative minus  213  10   10:  0.000007835
Relative plus   214  10   11:  0.000014804
Relative minus  215  10   11:  0.000001898
Relative plus   216  10   12:  0.000008001
Relative minus  217  10   12:  0.000008001
Relative plus   218  10   13:  0.000007828
Relative minus  219  10   13:  0.000007828
Relative plus   220  10   14:  0.000007859
Relative minus  221  10   14:  0.000007859
Relative plus   222  11   11:  0.000006973
Relative minus  223  11   11: -0.000005941
Relative plus   224  11   12:  0.000007439
Relative minus  225  11   12: -0.000005479
Relative plus   226  11   13:  0.000006985
Relative minus  227  11   13: -0.000005928
Relative plus   228  11   14:  0.000006993
Relative minus  229  11   14: -0.000005919
Relative plus   230  12   12:  0.000000464
Relative minus  231  12   12:  0.000000464
Relative plus   232  12   13:  0.000000647
Relative minus  233  12   13:  0.000000647
Relative plus   234  12   14:  0.000000265
Relative minus  235  12   14:  0.000000265
Relative plus   236  13   13:  0.000000012
Relative minus  237  13   13:  0.000000012
Relative plus   238  13   14: -0.000000001
Relative minus  239  13   14: -0.000000001
Relative plus   240  14   14:  0.000000020
Relative minus  241  14   14:  0.000000020
Relative energies plus-displacements on the diagonal and plus/plus-displacements on the off-diagonal elements
[[-7.51e-06 -9.72e-06  4.42e-05 -1.21e-04  1.82e-05  1.67e-05  6.65e-05 -2.37e-05  4.42e-05 -5.26e-06  3.26e-07
  -5.74e-07 -7.05e-06 -7.50e-06 -7.49e-06]
 [ 0.00e+00 -2.24e-06  4.60e-05 -1.16e-04  2.34e-05  2.20e-05  7.52e-05 -1.80e-05  4.92e-05  1.71e-08  5.60e-06
   4.54e-06 -1.77e-06 -2.23e-06 -2.22e-06]
 [ 0.00e+00  0.00e+00  5.17e-05 -6.16e-05  7.74e-05  7.59e-05  1.25e-04  3.57e-05  1.03e-04  5.39e-05  5.95e-05
   5.86e-05  5.21e-05  5.17e-05  5.17e-05]
 [ 0.00e+00  0.00e+00  0.00e+00 -1.13e-04 -8.80e-05 -8.94e-05 -3.95e-05 -1.29e-04 -5.73e-05 -1.11e-04 -1.05e-04
  -1.06e-04 -1.13e-04 -1.13e-04 -1.13e-04]
 [ 0.00e+00  0.00e+00  0.00e+00  0.00e+00  2.57e-05  5.03e-05  9.93e-05  9.52e-06  7.74e-05  2.57e-05  3.35e-05
   3.29e-05  2.62e-05  2.57e-05  2.57e-05]
 [ 0.00e+00  0.00e+00  0.00e+00  0.00e+00  0.00e+00  2.42e-05  9.79e-05  8.23e-06  7.59e-05  2.65e-05  3.43e-05
   3.12e-05  2.49e-05  2.43e-05  2.42e-05]
 [ 0.00e+00  0.00e+00  0.00e+00  0.00e+00  0.00e+00  0.00e+00  7.37e-05  5.85e-05  1.25e-04  7.60e-05  8.15e-05
   8.03e-05  7.41e-05  7.37e-05  7.37e-05]
 [ 0.00e+00  0.00e+00  0.00e+00  0.00e+00  0.00e+00  0.00e+00  0.00e+00 -1.60e-05  3.58e-05 -1.38e-05 -8.17e-06
  -1.02e-05 -1.55e-05 -1.60e-05 -1.60e-05]
 [ 0.00e+00  0.00e+00  0.00e+00  0.00e+00  0.00e+00  0.00e+00  0.00e+00  0.00e+00  5.17e-05  5.33e-05  5.95e-05
   5.90e-05  5.22e-05  5.17e-05  5.17e-05]
 [ 0.00e+00  0.00e+00  0.00e+00  0.00e+00  0.00e+00  0.00e+00  0.00e+00  0.00e+00  0.00e+00  2.24e-06  1.01e-05
   9.38e-06  2.70e-06  2.25e-06  2.26e-06]
 [ 0.00e+00  0.00e+00  0.00e+00  0.00e+00  0.00e+00  0.00e+00  0.00e+00  0.00e+00  0.00e+00  0.00e+00  7.83e-06
   1.48e-05  8.00e-06  7.83e-06  7.86e-06]
 [ 0.00e+00  0.00e+00  0.00e+00  0.00e+00  0.00e+00  0.00e+00  0.00e+00  0.00e+00  0.00e+00  0.00e+00  0.00e+00
   6.97e-06  7.44e-06  6.99e-06  6.99e-06]
 [ 0.00e+00  0.00e+00  0.00e+00  0.00e+00  0.00e+00  0.00e+00  0.00e+00  0.00e+00  0.00e+00  0.00e+00  0.00e+00
   0.00e+00  4.64e-07  6.47e-07  2.65e-07]
 [ 0.00e+00  0.00e+00  0.00e+00  0.00e+00  0.00e+00  0.00e+00  0.00e+00  0.00e+00  0.00e+00  0.00e+00  0.00e+00
   0.00e+00  0.00e+00  1.24e-08 -1.12e-09]
 [ 0.00e+00  0.00e+00  0.00e+00  0.00e+00  0.00e+00  0.00e+00  0.00e+00  0.00e+00  0.00e+00  0.00e+00  0.00e+00
   0.00e+00  0.00e+00  0.00e+00  2.03e-08]]
Relative energies minus-displacements on the diagonal and minus/minus-displacements on the off-diagonal elements
[[ 8.97e-06  6.34e-05  1.10e-05  1.70e-04  3.17e-05  3.32e-05 -4.92e-05  2.69e-05 -3.55e-05  2.23e-05  1.68e-05
   3.00e-06  9.44e-06  8.98e-06  8.99e-06]
 [ 0.00e+00  5.45e-05  5.44e-05  2.15e-04  7.71e-05  7.87e-05 -1.89e-07  7.28e-05  9.73e-06  6.78e-05  6.23e-05
   4.83e-05  5.49e-05  5.45e-05  5.45e-05]
 [ 0.00e+00  0.00e+00  2.03e-06  1.62e-04  2.47e-05  2.63e-05 -5.72e-05  2.01e-05 -4.27e-05  1.54e-05  9.87e-06
  -3.99e-06  2.49e-06  2.04e-06  2.05e-06]
 [ 0.00e+00  0.00e+00  0.00e+00  1.61e-04  1.84e-04  1.85e-04  1.02e-04  1.79e-04  1.20e-04  1.73e-04  1.68e-04
   1.55e-04  1.61e-04  1.61e-04  1.61e-04]
 [ 0.00e+00  0.00e+00  0.00e+00  0.00e+00  2.27e-05  4.66e-05 -3.59e-05  4.06e-05 -2.18e-05  3.38e-05  3.05e-05
   1.70e-05  2.32e-05  2.27e-05  2.27e-05]
 [ 0.00e+00  0.00e+00  0.00e+00  0.00e+00  0.00e+00  2.42e-05 -3.43e-05  4.23e-05 -2.02e-05  3.75e-05  3.43e-05
   1.83e-05  2.49e-05  2.43e-05  2.42e-05]
 [ 0.00e+00  0.00e+00  0.00e+00  0.00e+00  0.00e+00  0.00e+00 -5.85e-05 -3.96e-05 -1.03e-04 -4.52e-05 -5.07e-05
  -6.48e-05 -5.81e-05 -5.85e-05 -5.85e-05]
 [ 0.00e+00  0.00e+00  0.00e+00  0.00e+00  0.00e+00  0.00e+00  0.00e+00  1.81e-05 -2.63e-05  3.14e-05  2.59e-05
   1.10e-05  1.85e-05  1.81e-05  1.81e-05]
 [ 0.00e+00  0.00e+00  0.00e+00  0.00e+00  0.00e+00  0.00e+00  0.00e+00  0.00e+00 -4.45e-05 -3.17e-05 -3.66e-05
  -5.01e-05 -4.40e-05 -4.45e-05 -4.44e-05]
 [ 0.00e+00  0.00e+00  0.00e+00  0.00e+00  0.00e+00  0.00e+00  0.00e+00  0.00e+00  0.00e+00  1.33e-05  2.11e-05
   7.54e-06  1.38e-05  1.33e-05  1.33e-05]
 [ 0.00e+00  0.00e+00  0.00e+00  0.00e+00  0.00e+00  0.00e+00  0.00e+00  0.00e+00  0.00e+00  0.00e+00  7.83e-06
   1.90e-06  8.00e-06  7.83e-06  7.86e-06]
 [ 0.00e+00  0.00e+00  0.00e+00  0.00e+00  0.00e+00  0.00e+00  0.00e+00  0.00e+00  0.00e+00  0.00e+00  0.00e+00
  -5.94e-06 -5.48e-06 -5.93e-06 -5.92e-06]
 [ 0.00e+00  0.00e+00  0.00e+00  0.00e+00  0.00e+00  0.00e+00  0.00e+00  0.00e+00  0.00e+00  0.00e+00  0.00e+00
   0.00e+00  4.64e-07  6.47e-07  2.65e-07]
 [ 0.00e+00  0.00e+00  0.00e+00  0.00e+00  0.00e+00  0.00e+00  0.00e+00  0.00e+00  0.00e+00  0.00e+00  0.00e+00
   0.00e+00  0.00e+00  1.24e-08 -1.12e-09]
 [ 0.00e+00  0.00e+00  0.00e+00  0.00e+00  0.00e+00  0.00e+00  0.00e+00  0.00e+00  0.00e+00  0.00e+00  0.00e+00
   0.00e+00  0.00e+00  0.00e+00  2.03e-08]]
Computed Force Constants:
[[ 1.46e-02  1.60e-04  3.20e-07  1.28e-03  3.30e-06  8.20e-07  3.27e-03 -1.98e-03  4.01e-04  1.69e-04  8.30e-07
  -3.65e-04  8.15e-07  8.50e-07  8.70e-07]
 [ 1.60e-04  5.22e-01 -2.78e-02 -1.13e-03 -2.14e-04 -3.40e-07  3.81e-02  2.42e-03 -2.60e-03  1.94e-04 -3.40e-07
  -2.04e-03 -1.40e-07 -3.20e-07 -3.10e-07]
 [ 3.20e-07 -2.78e-02  5.37e-01 -1.14e-03 -1.25e-04 -3.85e-07 -7.28e-03  3.30e-04 -2.55e-03  1.72e-04 -3.90e-07
  -7.95e-04 -1.60e-07 -3.70e-07 -3.55e-07]
 [ 1.28e-03 -1.13e-03 -1.14e-03  4.74e-01 -2.63e-04  4.03e-05  2.16e-04 -3.44e-04  4.17e-02 -3.72e-03  3.01e-08
   2.44e-03  2.60e-07  3.45e-07  3.35e-07]
 [ 3.30e-06 -2.14e-04 -1.25e-04 -2.63e-04  4.84e-01  1.94e-05 -5.16e-04 -1.73e-03 -1.70e-04 -2.18e-02 -2.11e-06
   2.32e-03 -1.02e-06 -9.45e-07 -9.60e-07]
 [ 8.20e-07 -3.40e-07 -3.85e-07  4.03e-05  1.94e-05  4.85e-01 -8.50e-07 -1.70e-07 -1.10e-07 -4.97e-09  2.22e-02
  -5.49e-08  1.98e-03  2.60e-04 -3.68e-04]
 [ 3.27e-03  3.81e-02 -7.28e-03  2.16e-04 -5.16e-04 -8.50e-07  1.52e-01  7.96e-03 -6.14e-04  3.96e-04 -8.40e-07
  -3.11e-03 -6.45e-07 -8.15e-07 -7.75e-07]
 [-1.98e-03  2.42e-03  3.30e-04 -3.44e-04 -1.73e-03 -1.70e-07  7.96e-03  2.08e-02  8.04e-04  2.80e-05 -9.99e-08
  -1.17e-02 -6.55e-07 -1.20e-07  1.35e-07]
 [ 4.01e-04 -2.60e-03 -2.55e-03  4.17e-02 -1.70e-04 -1.10e-07 -6.14e-04  8.04e-04  7.24e-02 -6.17e-03  1.06e-06
   3.04e-03  6.40e-07  8.00e-08  8.03e-08]
 [ 1.69e-04  1.94e-04  1.72e-04 -3.72e-03 -2.18e-02 -4.97e-09  3.96e-04  2.80e-05 -6.17e-03  1.55e-01  2.21e-06
   1.72e-03  1.48e-06  1.14e-06  1.16e-06]
 [ 8.30e-07 -3.40e-07 -3.90e-07  3.01e-08 -2.11e-06  2.22e-02 -8.40e-07 -9.99e-08  1.06e-06  2.21e-06  1.57e-01
   8.55e-07 -2.97e-03 -1.88e-04  4.15e-05]
 [-3.65e-04 -2.04e-03 -7.95e-04  2.44e-03  2.32e-03 -5.49e-08 -3.11e-03 -1.17e-02  3.04e-03  1.72e-03  8.55e-07
   1.03e-02 -1.10e-07  2.50e-08  3.52e-08]
 [ 8.15e-07 -1.40e-07 -1.60e-07  2.60e-07 -1.02e-06  1.98e-03 -6.45e-07 -6.55e-07  6.40e-07  1.48e-06 -2.97e-03
  -1.10e-07  9.28e-03  1.70e-03 -2.19e-03]
 [ 8.50e-07 -3.20e-07 -3.70e-07  3.45e-07 -9.45e-07  2.60e-04 -8.15e-07 -1.20e-07  8.00e-08  1.14e-06 -1.88e-04
   2.50e-08  1.70e-03  2.48e-04 -3.39e-04]
 [ 8.70e-07 -3.10e-07 -3.55e-07  3.35e-07 -9.60e-07 -3.68e-04 -7.75e-07  1.35e-07  8.03e-08  1.16e-06  4.15e-05
   3.52e-08 -2.19e-03 -3.39e-04  4.07e-04]]
print_const has run
Force Constants saved at:
/CCSD_T_aTZ/Disps_CCSD_T_DZ
             frequency #:        1       2       3       4       5       6       7       8       9      10      11      12      13      14      15
--------------------------------------------------------------------------------------------------------------------------------------------------
               frequency:      0.0     0.0     0.0     0.0     0.0     0.0     0.0     0.0     0.0     0.0     0.0     0.0     0.0     0.0     0.0
--------------------------------------------------------------------------------------------------------------------------------------------------
          O1   N4   STRE:    100.0     0.0     0.0     0.0     0.0     0.0     0.0     0.0     0.0     0.0     0.0     0.0     0.0     0.0     0.0
          O1   H2   STRE:      0.0    50.0    50.0     0.0     0.0     0.0     0.0     0.0     0.0     0.0     0.0     0.0     0.0     0.0     0.0
          O1   H3   STRE:      0.0    50.0    50.0     0.0     0.0     0.0     0.0     0.0     0.0     0.0     0.0     0.0     0.0     0.0     0.0
          N4   H5   STRE:      0.0     0.0     0.0    33.3    66.7    -0.0     0.0     0.0     0.0     0.0     0.0     0.0     0.0     0.0     0.0
          N4   H6   STRE:      0.0     0.0     0.0    33.3    16.7    50.0     0.0     0.0     0.0     0.0     0.0     0.0     0.0     0.0     0.0
          N4   H7   STRE:      0.0     0.0     0.0    33.3    16.7    50.0     0.0     0.0     0.0     0.0     0.0     0.0     0.0     0.0     0.0
     H3   O1   H2   BEND:      0.0     0.0     0.0     0.0     0.0     0.0   100.0     0.0     0.0     0.0     0.0     0.0     0.0     0.0     0.0
     O1   H2   N4   BEND:      0.0     0.0     0.0     0.0     0.0     0.0     0.0   100.0     0.0     0.0     0.0     0.0     0.0     0.0     0.0
     H6   N4   H7   BEND:      0.0     0.0     0.0     0.0     0.0     0.0     0.0     0.0    16.7    66.7     0.0     0.0     0.0     0.0     0.0
     H5   N4   H6   BEND:      0.0     0.0     0.0     0.0     0.0     0.0     0.0     0.0    16.7    16.7    50.0     0.0     0.0     0.0     0.0
     H5   N4   H7   BEND:      0.0     0.0     0.0     0.0     0.0     0.0     0.0     0.0    16.7    16.7    50.0     0.0     0.0     0.0     0.0
     H5   N4   O1   BEND:      0.0     0.0     0.0     0.0     0.0     0.0     0.0     0.0    16.7    -0.0     0.0    66.7     0.0     0.0     0.0
     H6   N4   O1   BEND:      0.0     0.0     0.0     0.0     0.0     0.0     0.0     0.0    16.7    -0.0     0.0    16.7    50.0     0.0     0.0
     H7   N4   O1   BEND:      0.0     0.0     0.0     0.0     0.0     0.0     0.0     0.0    16.7    -0.0     0.0    16.7    50.0     0.0     0.0
H3   O1   N4   H5   TORS:      0.0     0.0     0.0     0.0     0.0     0.0     0.0     0.0     0.0     0.0     0.0     0.0     0.0    33.3     0.0
H3   O1   N4   H6   TORS:      0.0     0.0     0.0     0.0     0.0     0.0     0.0     0.0     0.0     0.0     0.0     0.0     0.0    33.3     0.0
H3   O1   N4   H7   TORS:      0.0     0.0     0.0     0.0     0.0     0.0     0.0     0.0     0.0     0.0     0.0     0.0     0.0    33.3     0.0
H2   N4   O1   H3   LINY:      0.0     0.0     0.0     0.0     0.0     0.0     0.0     0.0     0.0     0.0     0.0     0.0     0.0     0.0   100.0

sym_sort:
[]
Initial Frequencies:
/home/vulcan/lo21740/github/concordantmodes/concordantmodes/gf_method.py:72: ComplexWarning: Casting complex values to real discards the imaginary part
  self.freq = self.freq.astype(float)
frequency #  1:    -131.35
frequency #  2:     -32.09
frequency #  3:     126.73
frequency #  4:     211.08
frequency #  5:     451.50
frequency #  6:     638.12
frequency #  7:    1122.83
frequency #  8:    1680.55
frequency #  9:    1694.39
frequency # 10:    1713.36
frequency # 11:    3569.46
frequency # 12:    3715.72
frequency # 13:    3720.51
frequency # 14:    3720.90
frequency # 15:    3954.70
////////////////////////////////////////////
//    Total Energy Distribution (TED)     //
////////////////////////////////////////////
             frequency #:        1       2       3       4       5       6       7       8       9      10      11      12      13      14      15
--------------------------------------------------------------------------------------------------------------------------------------------------
               frequency:   -131.4   -32.1   126.7   211.1   451.5   638.1  1122.8  1680.6  1694.4  1713.4  3569.5  3715.7  3720.5  3720.9  3954.7
--------------------------------------------------------------------------------------------------------------------------------------------------
               Mode #  1       0.0     0.0     3.4    96.4    -0.3     0.0     0.4     0.0    -0.0    -0.0    -0.0     0.0     0.0     0.0     0.0
               Mode #  2       0.0     0.0     0.0     0.0     0.0    -0.0     0.0    -0.0    -0.0     0.0     0.1     0.5     0.1    74.7    24.7
               Mode #  3       0.0     0.0    -0.0     0.0    -0.0    -0.0     0.0     0.0     0.0     0.0     0.0     0.2     0.0    24.5    75.3
               Mode #  4       0.0     0.0    -0.0     0.0    -0.0    -0.0     0.0     0.0     0.0     0.0    99.8     0.0     0.0     0.1     0.0
               Mode #  5       0.0     0.0    -0.0    -0.0    -0.0    -0.0    -0.0    -0.1    -0.0    -0.0     0.0    99.5     0.0     0.6    -0.0
               Mode #  6      -0.0     0.0    -0.0    -0.0     0.0     0.0     0.0    -0.0    -0.1    -0.0     0.0     0.0   100.0     0.1     0.0
               Mode #  7       0.0     0.0     0.6    -0.1    10.7    -0.0     0.0    13.3     0.0    75.5    -0.0    -0.0    -0.0    -0.0     0.0
               Mode #  8       0.0     0.0    21.5     1.2    66.2     0.0    -0.0     1.2     0.0     9.9    -0.0    -0.0    -0.0    -0.0     0.0
               Mode #  9      -0.0     0.0     0.1     0.3     0.0     0.0    99.6    -0.0     0.0    -0.0     0.0    -0.0     0.0     0.0     0.0
               Mode # 10      -0.0    -0.0     0.4     0.0     0.4     0.0    -0.0    85.6     0.0    13.8    -0.0    -0.1    -0.0    -0.0     0.0
               Mode # 11       0.1     0.0    -0.0     0.0     0.0     0.7     0.0     0.0    99.3     0.0    -0.0    -0.0    -0.1    -0.0     0.0
               Mode # 12       0.0     0.0    74.0     2.2    23.0     0.0    -0.0    -0.0    -0.0     0.9    -0.0    -0.0     0.0     0.0     0.0
               Mode # 13      85.6     1.0     0.0     0.0     0.0    13.1     0.0     0.0     0.4     0.0    -0.0    -0.0    -0.0    -0.0    -0.0
               Mode # 14       0.0    97.0     0.0     0.0     0.0     3.0     0.0     0.0     0.0    -0.0     0.0     0.0     0.0     0.0     0.0
               Mode # 15      14.3     2.1     0.0     0.0     0.0    83.3     0.0    -0.0     0.3     0.0     0.0     0.0     0.1     0.0     0.0

TED Frequencies:
frequency #  1:    -131.35
frequency #  2:     -32.09
frequency #  3:     126.73
frequency #  4:     211.08
frequency #  5:     451.50
frequency #  6:     638.12
frequency #  7:    1122.83
frequency #  8:    1680.55
frequency #  9:    1694.39
frequency # 10:    1713.36
frequency # 11:    3569.46
frequency # 12:    3715.72
frequency # 13:    3720.51
frequency # 14:    3720.90
frequency # 15:    3954.70
////////////////////////////////////////////
//    Total Energy Distribution (TED)     //
////////////////////////////////////////////
             frequency #:        1       2       3       4       5       6       7       8       9      10      11      12      13      14      15
--------------------------------------------------------------------------------------------------------------------------------------------------
               frequency:   -131.4   -32.1   126.7   211.1   451.5   638.1  1122.8  1680.6  1694.4  1713.4  3569.5  3715.7  3720.5  3720.9  3954.7
--------------------------------------------------------------------------------------------------------------------------------------------------
               Mode #  1     100.0     0.0     0.0     0.0     0.0     0.0     0.0     0.0     0.0     0.0     0.0     0.0     0.0     0.0     0.0
               Mode #  2       0.0   100.0     0.0     0.0     0.0     0.0     0.0     0.0     0.0     0.0     0.0     0.0     0.0     0.0     0.0
               Mode #  3       0.0     0.0   100.0     0.0     0.0     0.0     0.0     0.0     0.0     0.0     0.0     0.0     0.0     0.0     0.0
               Mode #  4       0.0     0.0     0.0   100.0     0.0     0.0     0.0     0.0     0.0     0.0     0.0     0.0     0.0     0.0     0.0
               Mode #  5       0.0     0.0     0.0     0.0   100.0     0.0     0.0     0.0     0.0     0.0     0.0     0.0     0.0     0.0     0.0
               Mode #  6       0.0     0.0     0.0     0.0     0.0   100.0     0.0     0.0     0.0     0.0     0.0     0.0     0.0     0.0     0.0
               Mode #  7       0.0     0.0     0.0     0.0     0.0     0.0   100.0     0.0     0.0     0.0     0.0     0.0     0.0     0.0     0.0
               Mode #  8       0.0     0.0     0.0     0.0     0.0     0.0     0.0   100.0     0.0     0.0     0.0     0.0     0.0     0.0     0.0
               Mode #  9       0.0     0.0     0.0     0.0     0.0     0.0     0.0     0.0   100.0     0.0     0.0     0.0     0.0     0.0     0.0
               Mode # 10       0.0     0.0     0.0     0.0     0.0     0.0     0.0     0.0     0.0   100.0     0.0     0.0     0.0     0.0     0.0
               Mode # 11       0.0     0.0     0.0     0.0     0.0     0.0     0.0     0.0     0.0     0.0   100.0     0.0     0.0     0.0     0.0
               Mode # 12       0.0     0.0     0.0     0.0     0.0     0.0     0.0     0.0     0.0     0.0     0.0   100.0     0.0     0.0     0.0
               Mode # 13       0.0     0.0     0.0     0.0     0.0     0.0     0.0     0.0     0.0     0.0     0.0     0.0   100.0     0.0     0.0
               Mode # 14       0.0     0.0     0.0     0.0     0.0     0.0     0.0     0.0     0.0     0.0     0.0     0.0     0.0   100.0     0.0
               Mode # 15       0.0     0.0     0.0     0.0     0.0     0.0     0.0     0.0     0.0     0.0     0.0     0.0     0.0     0.0   100.0

eigs
15
Everything before this statement has been crosschecked with merger/coordep
/home/vulcan/lo21740/benchmarker/3_Dimers/6_water_ammonia
Initial Geometric Internal Coordinate Values:
('1', '4') R1 = 5.5533048738949695
('1', '2') R2 = 1.8392708010988794
('1', '3') R3 = 1.8153877245951742
('4', '5') R4 = 1.9187601300345205
('4', '6') R5 = 1.917848429652465
('4', '7') R6 = 1.917848429652465
('3', '1', '2') A1 = 104.74458363142787
('1', '2', '4') A2 = 170.63714345192733
('6', '4', '7') A3 = 106.77108695901755
('5', '4', '6') A4 = 106.57651734390926
('5', '4', '7') A5 = 106.57651734390926
('5', '4', '1') A6 = 100.2217320380383
('6', '4', '1') A7 = 117.6989738777025
('7', '4', '1') A8 = 117.6989738777025
('3', '1', '4', '5') D1 = 180.0
('3', '1', '4', '6') D2 = 65.033758622595
('3', '1', '4', '7') D3 = -65.033758622595
('2', '4', '1', '3') Ly1 = 0.0
Final Geometric Internal Coordinate Values:
('1', '4') R1 = 5.5533048738949695
('1', '2') R2 = 1.8392708010988794
('1', '3') R3 = 1.8153877245951742
('4', '5') R4 = 1.9187601300345205
('4', '6') R5 = 1.917848429652465
('4', '7') R6 = 1.917848429652465
('3', '1', '2') A1 = 104.74458363142787
('1', '2', '4') A2 = 170.63714345192733
('6', '4', '7') A3 = 106.77108695901755
('5', '4', '6') A4 = 106.57651734390926
('5', '4', '7') A5 = 106.57651734390926
('5', '4', '1') A6 = 100.2217320380383
('6', '4', '1') A7 = 117.6989738777025
('7', '4', '1') A8 = 117.6989738777025
('3', '1', '4', '5') D1 = 180.0
('3', '1', '4', '6') D2 = 65.033758622595
('3', '1', '4', '7') D3 = -65.033758622595
('2', '4', '1', '3') Ly1 = 0.0
Final - Initial Geometric Internal Coordinate Values:
R1 = 0.0
R2 = 0.0
R3 = 0.0
R4 = 0.0
R5 = 0.0
R6 = 0.0
A1 = 0.0
A2 = 0.0
A3 = 0.0
A4 = 0.0
A5 = 0.0
A6 = 0.0
A7 = 0.0
A8 = 0.0
D1 = 0.0
D2 = 0.0
D3 = 0.0
Ly1 = 0.0
True
Giraffe G
[[ 7.35e-05  1.54e-05  3.28e-05 -2.50e-05  9.19e-06  0.00e+00 -1.56e-05  2.60e-06  4.78e-05  6.51e-06  0.00e+00
  -1.64e-06  0.00e+00  0.00e+00  0.00e+00]
 [ 1.54e-05  5.70e-04  0.00e+00  0.00e+00  0.00e+00  0.00e+00 -2.57e-05 -2.95e-05  2.90e-07  0.00e+00  0.00e+00
  -5.29e-06  0.00e+00  0.00e+00  0.00e+00]
 [ 3.28e-05  0.00e+00  5.87e-04  0.00e+00  0.00e+00  0.00e+00 -1.68e-07 -4.03e-06 -2.29e-07  0.00e+00  0.00e+00
   4.18e-06  0.00e+00  0.00e+00  0.00e+00]
 [-2.50e-05  0.00e+00  0.00e+00  5.61e-04  6.01e-08  0.00e+00  0.00e+00  1.07e-06 -3.14e-05  3.04e-10  0.00e+00
  -9.23e-07  0.00e+00  0.00e+00  0.00e+00]
 [ 9.19e-06  0.00e+00  0.00e+00  6.01e-08  5.95e-04  0.00e+00  0.00e+00  1.18e-05  3.88e-06  3.53e-05  0.00e+00
  -1.64e-05  0.00e+00  0.00e+00  0.00e+00]
 [ 0.00e+00  0.00e+00  0.00e+00  0.00e+00  0.00e+00  5.95e-04  0.00e+00  0.00e+00  0.00e+00  0.00e+00 -3.53e-05
   0.00e+00 -2.41e-05  5.71e-06 -3.42e-04]
 [-1.56e-05 -2.57e-05 -1.68e-07  0.00e+00  0.00e+00  0.00e+00  3.52e-04  2.52e-04 -2.90e-07  0.00e+00  0.00e+00
   5.29e-06  0.00e+00  0.00e+00  0.00e+00]
 [ 2.60e-06 -2.95e-05 -4.03e-06  1.07e-06  1.18e-05  0.00e+00  2.52e-04  3.70e-04 -1.29e-06  8.24e-06  0.00e+00
  -8.45e-09  0.00e+00  0.00e+00  0.00e+00]
 [ 4.78e-05  2.90e-07 -2.29e-07 -3.14e-05  3.88e-06  0.00e+00 -2.90e-07 -1.29e-06  3.82e-04  2.77e-05  0.00e+00
  -5.87e-07  0.00e+00  0.00e+00  0.00e+00]
 [ 6.51e-06  0.00e+00  0.00e+00  3.04e-10  3.53e-05  0.00e+00  0.00e+00  8.24e-06  2.77e-05  3.80e-04  0.00e+00
   9.41e-05  0.00e+00  0.00e+00  0.00e+00]
 [ 0.00e+00  0.00e+00  0.00e+00  0.00e+00  0.00e+00 -3.53e-05  0.00e+00  0.00e+00  0.00e+00  0.00e+00  3.80e-04
   0.00e+00 -3.72e-05 -2.83e-05  2.39e-04]
 [-1.64e-06 -5.29e-06  4.18e-06 -9.23e-07 -1.64e-05  0.00e+00  5.29e-06 -8.45e-09 -5.87e-07  9.41e-05  0.00e+00
   1.55e-04  0.00e+00  0.00e+00  0.00e+00]
 [ 0.00e+00  0.00e+00  0.00e+00  0.00e+00  0.00e+00 -2.41e-05  0.00e+00  0.00e+00  0.00e+00  0.00e+00 -3.72e-05
   0.00e+00  1.61e-04 -1.20e-05  2.57e-04]
 [ 0.00e+00  0.00e+00  0.00e+00  0.00e+00  0.00e+00  5.71e-06  0.00e+00  0.00e+00  0.00e+00  0.00e+00 -2.83e-05
   0.00e+00 -1.20e-05  7.93e-04 -2.05e-04]
 [ 0.00e+00  0.00e+00  0.00e+00  0.00e+00  0.00e+00 -3.42e-04  0.00e+00  0.00e+00  0.00e+00  0.00e+00  2.39e-04
   0.00e+00  2.57e-04 -2.05e-04  1.90e-02]]
Giraffe F
[[ 1.23e-02  3.43e-03  3.47e-03  7.20e-04  1.56e-04  0.00e+00  3.51e-03 -2.48e-03 -9.91e-05  2.15e-04  0.00e+00
  -1.30e-04  0.00e+00  0.00e+00  0.00e+00]
 [ 3.43e-03  5.01e-01 -3.30e-02 -7.28e-04 -3.00e-04  0.00e+00  3.69e-02  2.21e-03 -2.53e-03  5.13e-05  0.00e+00
  -2.20e-03  0.00e+00  0.00e+00  0.00e+00]
 [ 3.47e-03 -3.30e-02  5.11e-01 -7.26e-04 -2.35e-04  0.00e+00 -6.45e-03 -2.27e-04 -2.37e-03  1.26e-04  0.00e+00
  -1.22e-03  0.00e+00  0.00e+00  0.00e+00]
 [ 7.20e-04 -7.28e-04 -7.26e-04  4.46e-01 -5.28e-04  0.00e+00  1.49e-04 -2.87e-04  4.24e-02 -3.77e-03  0.00e+00
   2.65e-03  0.00e+00  0.00e+00  0.00e+00]
 [ 1.56e-04 -3.00e-04 -2.35e-04 -5.28e-04  4.52e-01  0.00e+00 -5.11e-04 -1.66e-03 -3.44e-04 -2.28e-02  0.00e+00
   2.49e-03  0.00e+00  0.00e+00  0.00e+00]
 [ 0.00e+00  0.00e+00  0.00e+00  0.00e+00  0.00e+00  4.53e-01  0.00e+00  0.00e+00  0.00e+00  0.00e+00  2.25e-02
   0.00e+00 -1.08e-03  1.96e-04  1.55e-04]
 [ 3.51e-03  3.69e-02 -6.45e-03  1.49e-04 -5.11e-04  0.00e+00  1.47e-01  7.19e-03 -6.12e-04  2.83e-04  0.00e+00
  -3.15e-03  0.00e+00  0.00e+00  0.00e+00]
 [-2.48e-03  2.21e-03 -2.27e-04 -2.87e-04 -1.66e-03  0.00e+00  7.19e-03  2.14e-02  1.00e-03 -1.75e-04  0.00e+00
  -1.04e-02  0.00e+00  0.00e+00  0.00e+00]
 [-9.91e-05 -2.53e-03 -2.37e-03  4.24e-02 -3.44e-04  0.00e+00 -6.12e-04  1.00e-03  7.17e-02 -6.17e-03  0.00e+00
   3.36e-03  0.00e+00  0.00e+00  0.00e+00]
 [ 2.15e-04  5.13e-05  1.26e-04 -3.77e-03 -2.28e-02  0.00e+00  2.83e-04 -1.75e-04 -6.17e-03  1.54e-01  0.00e+00
  -6.77e-04  0.00e+00  0.00e+00  0.00e+00]
 [ 0.00e+00  0.00e+00  0.00e+00  0.00e+00  0.00e+00  2.25e-02  0.00e+00  0.00e+00  0.00e+00  0.00e+00  1.55e-01
   0.00e+00  3.94e-03 -5.57e-04 -3.82e-04]
