   15   45
        0.6584353895       -0.1114034498        0.0309633754
       -0.3329363949        0.0599615754        0.0170374551
       -0.0248648345        0.0025607005       -0.0519280948
       -0.0300443148        0.0080502102        0.0176476402
        0.0431340453       -0.0107079899        0.0118713103
       -0.1720300997        0.0277010150        0.0768288552
       -0.1216089896        0.0158664852       -0.1201313498
       -0.0089221496        0.0017626706       -0.0036515050
        0.0008864953        0.0016118054       -0.0024110898
       -0.0016408546       -0.0001896848        0.0015482649
       -0.0004634498        0.0021166753       -0.0041330895
       -0.0103287996        0.0024721604        0.0266517102
       -0.0004107400       -0.0006620598        0.0007672952
       -0.0000881099       -0.0002902098        0.0000347751
        0.0008875054        0.0012806103       -0.0010583449
       -0.1114034498        0.1359909498        0.0029954850
        0.0600370151       -0.0526956697       -0.0051100449
        0.0018286354       -0.0114051849        0.0109918301
        0.0091209401        0.0092547450       -0.0034624148
       -0.0113665550       -0.0089354299       -0.0037022699
        0.0281398400       -0.0470370352       -0.0186658048
        0.0159699351       -0.0372731151        0.0205314799
        0.0023445853       -0.0000456296        0.0009246750
        0.0017114149        0.0086025349        0.0004376352
       -0.0002151199       -0.0024200747       -0.0003519850
        0.0018047550        0.0084686602        0.0006763753
        0.0023410152        0.0003822353       -0.0054339549
        0.0005787848       -0.0008500649        0.0005957898
       -0.0000416901       -0.0000415102       -0.0000457197
       -0.0007419899       -0.0005368250       -0.0003645047
        0.0309633754        0.0029954850        0.7192791998
       -0.0235736348        0.0038036654       -0.1185944251
       -0.0301024696        0.0070314752        0.0203273254
        0.0172380152       -0.0039817601       -0.0098779748
       -0.0095643898        0.0018175001       -0.0498114247
        0.1180097152       -0.0281296252       -0.2869667799
       -0.1201210350        0.0205336849       -0.2742295101
        0.0273242000       -0.0059754800        0.0035770549
       -0.0032327947        0.0007590651       -0.0050473099
        0.0014843803       -0.0005600347        0.0003496947
       -0.0032353600        0.0007852148       -0.0036475197
       -0.0046649646        0.0006369203        0.0049410852
        0.0003992801       -0.0004786648        0.0001156099
       -0.0001260949        0.0002477452       -0.0002398150
       -0.0007876497        0.0004865953       -0.0001677247
       -0.3329363949        0.0600370151       -0.0235736348
        0.6589305497       -0.1140627796       -0.0284233749
       -0.1673720246        0.0261536903       -0.0747004148
        0.0427248952       -0.0117785598       -0.0098593350
       -0.0289978198        0.0083907403       -0.0178489049
       -0.0264254899        0.0035829098        0.0503428251
       -0.0084081896        0.0022663650        0.0034469750
       -0.1263626248        0.0210811552        0.1221747249
       -0.0097302097        0.0018520049       -0.0270347397
       -0.0007153446        0.0018450453        0.0041535151
       -0.0015006501       -0.0001087346       -0.0016039647
        0.0006632652        0.0016240003        0.0025413252
       -0.0006142449        0.0002074151       -0.0002908351
       -0.0000242150       -0.0000333100        0.0000702602
        0.0007475754       -0.0009220898        0.0006403803
        0.0599615754       -0.0526956697        0.0038036654
       -0.1140627796        0.1363315295        0.0139954301
        0.0254499804       -0.0456655997        0.0131640354
       -0.0110327048       -0.0088496748        0.0006693151
        0.0079788001        0.0099790802        0.0038596102
        0.0041360553       -0.0121870602       -0.0104708596
        0.0015165355        0.0002840801       -0.0006629199
        0.0211300451       -0.0386188296       -0.0289297097
        0.0022022056        0.0002992402        0.0057145004
        0.0020855552        0.0084489653       -0.0009689748
       -0.0002310148       -0.0025863497        0.0003203252
        0.0016745003        0.0085294855       -0.0007463046
       -0.0007763200       -0.0010395448        0.0012030250
       -0.0001318747       -0.0005737198        0.0000204554
        0.0002658004       -0.0001464696       -0.0009191547
        0.0170374551       -0.0051100449       -0.1185944251
       -0.0284233749        0.0139954301        0.7159730797
       -0.1155617096        0.0209075102       -0.2911774797
        0.0118211051       -0.0026406698       -0.0499178799
       -0.0179753047        0.0032394351       -0.0108337201
        0.0290706700       -0.0051503301        0.0225617151
       -0.0277949499        0.0055430800        0.0029492551
        0.1221907303       -0.0288758096       -0.2671490600
        0.0040708304       -0.0012409652        0.0042761101
        0.0033708201       -0.0006125245       -0.0034053900
       -0.0016431798        0.0001101452        0.0002944051
        0.0034200400       -0.0005921797       -0.0048595996
       -0.0006043450       -0.0003940849        0.0000279601
        0.0000524150       -0.0001355198       -0.0000942148
        0.0010249153        0.0009556354       -0.0000389099
       -0.0248648345        0.0018286354       -0.0301024696
       -0.1673720246        0.0254499804       -0.1155617096
        0.7090964192       -0.1258441694        0.0015339006
       -0.1721043398        0.0293750404        0.1184849503
       -0.0262656195        0.0028949404        0.0289231403
        0.0005223555        0.0026545251        0.0002167303
       -0.0056401944        0.0028287755        0.0003076352
        0.0103875803       -0.0015357594        0.0166298551
       -0.3290715946        0.0626360551       -0.0037399244
        0.0104313406       -0.0017758595       -0.0161428596
       -0.0055991745        0.0026547454       -0.0004504795
        0.0011332554       -0.0004979495        0.0000481654
        0.0003469404        0.0003616356       -0.0000463348
       -0.0002449897       -0.0000444098       -0.0000391447
       -0.0007874445       -0.0009119245       -0.0000406544
        0.0025607005       -0.0114051849        0.0070314752
        0.0261536903       -0.0456655997        0.0209075102
       -0.1258441694        0.1397585095        0.0063407603
        0.0280973552       -0.0473898800       -0.0270465347
        0.0042163802       -0.0119998498       -0.0060763048
        0.0016087449        0.0106030149       -0.0008263697
        0.0028880103        0.0083964952       -0.0001652151
       -0.0024158948        0.0007940255       -0.0036778849
        0.0625834653       -0.0476668598        0.0003897154
       -0.0018486796        0.0012417505        0.0030676850
        0.0030737553        0.0083114904        0.0000860652
       -0.0006658348       -0.0023793797        0.0000354453
       -0.0012018347       -0.0007079848       -0.0002448499
        0.0000826452       -0.0000847049        0.0000130404
        0.0008096404       -0.0003542647        0.0001763053
       -0.0519280948        0.0109918301        0.0203273254
       -0.0747004148        0.0131640354       -0.2911774797
        0.0015339006        0.0063407603        0.6649864594
        0.0769980602       -0.0189786249       -0.2866809800
        0.0506155354       -0.0103221797        0.0226613304
        0.0006473701       -0.0002682899       -0.0418073896
        0.0011866203       -0.0001832097        0.0016894450
       -0.0144303900        0.0027114154       -0.0165732447
       -0.0037240898        0.0004951653       -0.0564199644
        0.0150985753       -0.0033550046       -0.0166795499
       -0.0013212349        0.0001036554        0.0016459302
        0.0000311351       -0.0001096996       -0.0024699244
        0.0002093003        0.0002689052       -0.0007581349
        0.0002330754        0.0003276804       -0.0000171894
       -0.0004444297       -0.0011479847        0.0012768652
       -0.0300443148        0.0091209401        0.0172380152
        0.0427248952       -0.0110327048        0.0118211051
       -0.1721043398        0.0280973552        0.0769980602
        0.6587022597       -0.1140044500        0.0301531500
       -0.3336107798        0.0614880452        0.0174214904
       -0.0244260147        0.0019344498       -0.0519490348
       -0.0015556097       -0.0001413400        0.0015647049
       -0.0005000300        0.0018321404       -0.0041162801
       -0.0101385598        0.0027887151        0.0265548303
       -0.1213253498        0.0167789204       -0.1195879102
       -0.0088157199        0.0021429202       -0.0037334650
        0.0007933201        0.0015559604       -0.0024464748
       -0.0003111148        0.0000487401        0.0001013498
       -0.0000786397       -0.0003846901        0.0000161901
        0.0006999605       -0.0000737049        0.0000286252
        0.0080502102        0.0092547450       -0.0039817601
       -0.0117785598       -0.0088496748       -0.0026406698
        0.0293750404       -0.0473898800       -0.0189786249
       -0.1140044500        0.1363636898        0.0004514652
        0.0605049053       -0.0536527401       -0.0039006500
        0.0030171100       -0.0112822002        0.0110275303
       -0.0000022249       -0.0025769501       -0.0002634252
        0.0021037249        0.0087595902        0.0006737051
        0.0022089952        0.0002731051       -0.0055238050
        0.0168957001       -0.0375951598        0.0224895948
        0.0024387398        0.0004308652        0.0006757205
        0.0015183150        0.0084760956        0.0003213950
       -0.0005417598       -0.0003781500       -0.0007454000
        0.0003213350        0.0002290201        0.0000371952
        0.0000766002       -0.0005529148        0.0004349351
        0.0176476402       -0.0034624148       -0.0098779748
       -0.0098593350        0.0006693151       -0.0499178799
        0.1184849503       -0.0270465347       -0.2866809800
        0.0301531500        0.0004514652        0.7186035498
       -0.0238570698        0.0046410500       -0.1186252049
       -0.0302565550        0.0059887148        0.0206360153
        0.0015933551       -0.0001027701        0.0003298848
       -0.0033444798        0.0004232601       -0.0035867950
       -0.0045079597        0.0013073449        0.0049198101
       -0.1197432849        0.0222056602       -0.2736783551
        0.0275502998       -0.0052406949        0.0034129252
       -0.0033593798        0.0001873903       -0.0049707998
        0.0005024950        0.0003806699        0.0003599948
       -0.0000539148       -0.0001577550        0.0000658602
       -0.0009011299       -0.0002245150       -0.0009612501
        0.0431340453       -0.0113665550       -0.0095643898
       -0.0289978198        0.0079788001       -0.0179753047
       -0.0262656195        0.0042163802        0.0506155354
       -0.3336107798        0.0605049053       -0.0238570698
        0.6599721297       -0.1144004099       -0.0273759599
       -0.1683429551        0.0249202299       -0.0751673849
       -0.0006676248        0.0021595901        0.0040542648
       -0.0015787151       -0.0003676848       -0.0015692402
        0.0007370951        0.0018566300        0.0025754701
       -0.0084233898        0.0016884303        0.0034558300
       -0.1260917699        0.0212813802        0.1218313102
       -0.0097495951        0.0017449653       -0.0269635999
       -0.0004354348       -0.0002226150       -0.0006295551
        0.0004168101        0.0002606151        0.0000802552
       -0.0000961947       -0.0000987598        0.0005423652
       -0.0107079899       -0.0089354299        0.0018175001
        0.0083907403        0.0099790802        0.0032394351
        0.0028949404       -0.0119998498       -0.0103221797
        0.0614880452       -0.0536527401        0.0046410500
       -0.1144004099        0.1358168197        0.0138809602
        0.0241503000       -0.0456995150        0.0122298303
        0.0018760201        0.0085078150       -0.0010558799
       -0.0003651047       -0.0027954346        0.0004648402
        0.0018758251        0.0084989949       -0.0006116048
        0.0016229154        0.0006642003       -0.0008217202
        0.0209335602       -0.0391309550       -0.0287536147
        0.0023779154        0.0005713304        0.0055894250
        0.0002786103       -0.0003498397       -0.0003036001
        0.0000308353        0.0003814949       -0.0000774250
       -0.0002246696       -0.0003326298        0.0001835201
        0.0118713103       -0.0037022699       -0.0498114247
       -0.0178489049        0.0038596102       -0.0108337201
        0.0289231403       -0.0060763048        0.0226613304
        0.0174214904       -0.0039006500       -0.1186252049
       -0.0273759599        0.0138809602        0.7160069197
       -0.1163524948        0.0212666001       -0.2919307448
        0.0032731654       -0.0010333898       -0.0033871649
       -0.0015599448        0.0004703503        0.0002843200
        0.0032838253       -0.0010475347       -0.0047904797
       -0.0276610746        0.0060734854        0.0028613047
        0.1217259100       -0.0293554851       -0.2664957799
        0.0043309802       -0.0004507396        0.0042988952
       -0.0004786199        0.0005210450        0.0001981201
        0.0000200299       -0.0004479000        0.0002475201
        0.0005281655       -0.0000249747       -0.0006208649
       -0.1720300997        0.0281398400        0.1180097152
       -0.0264254899        0.0041360553        0.0290706700
        0.0005223555        0.0016087449        0.0006473701
       -0.0244260147        0.0030171100       -0.0302565550
       -0.1683429551        0.0241503000       -0.1163524948
        0.7100262098       -0.1225338752        0.0024735303
        0.0103026352       -0.0025472201       -0.0160303102
       -0.0054830801        0.0031785501       -0.0005638051
        0.0010091202       -0.0009399102        0.0000320952
       -0.0054717748        0.0032914451        0.0002719148
        0.0102048500       -0.0021801802        0.0167654952
       -0.3294772350        0.0606845202       -0.0039896048
        0.0005417903       -0.0006690601        0.0000489300
        0.0000626099        0.0003637348       -0.0001125647
       -0.0010046045        0.0003919502        0.0000270651
        0.0277010150       -0.0470370352       -0.0281296252
        0.0035829098       -0.0121870602       -0.0051503301
        0.0026545251        0.0106030149       -0.0002682899
        0.0019344498       -0.0112822002        0.0059887148
        0.0249202299       -0.0456995150        0.0212666001
       -0.1225338752        0.1377663801        0.0070416800
       -0.0016986252        0.0012791597        0.0030771449
        0.0030029400        0.0085121249       -0.0000928401
       -0.0008453949       -0.0023367051       -0.0001306699
        0.0030133151        0.0080709501       -0.0000576105
       -0.0020323500        0.0014312948       -0.0038264000
        0.0603722748       -0.0467487948        0.0005412852
        0.0006848450       -0.0005224200        0.0000829095
       -0.0001346200        0.0001508349       -0.0001858501
       -0.0004510750       -0.0004842050       -0.0000633500
        0.0768288552       -0.0186658048       -0.2869667799
        0.0503428251       -0.0104708596        0.0225617151
        0.0002167303       -0.0008263697       -0.0418073896
       -0.0519490348        0.0110275303        0.0206360153
       -0.0751673849        0.0122298303       -0.2919307448
        0.0024735303        0.0070416800        0.6659766694
        0.0151071603       -0.0033653899       -0.0165583197
       -0.0013092199        0.0002389802        0.0016471603
        0.0000841806        0.0000317803       -0.0024587746
        0.0010916355       -0.0004176647        0.0016874250
       -0.0143589446        0.0028391952       -0.0166048946
       -0.0039012897        0.0005026007       -0.0564404397
       -0.0000981197        0.0001766904       -0.0003648151
        0.0000087002        0.0003308153       -0.0000258046
        0.0007303504       -0.0005467496        0.0007034251
       -0.1216089896        0.0159699351       -0.1201210350
       -0.0084081896        0.0015165355       -0.0277949499
       -0.0056401944        0.0028880103        0.0011866203
       -0.0015556097       -0.0000022249        0.0015933551
       -0.0006676248        0.0018760201        0.0032731654
        0.0103026352       -0.0016986252        0.0151071603
        0.1257934196       -0.0186870497        0.1277134001
        0.0007112450       -0.0007591197        0.0003385949
       -0.0004914895        0.0000205750       -0.0017376348
        0.0002645703       -0.0001697697       -0.0003121650
        0.0005699002       -0.0002556746        0.0010898702
        0.0007944951       -0.0006903898       -0.0002763548
        0.0000130052        0.0000150601        0.0000491551
        0.0000047703        0.0000115702        0.0000248954
       -0.0000890296       -0.0000421795       -0.0000876048
        0.0158664852       -0.0372731151        0.0205336849
        0.0022663650        0.0002840801        0.0055430800
        0.0028287755        0.0083964952       -0.0001832097
       -0.0001413400       -0.0025769501       -0.0001027701
        0.0021595901        0.0085078150       -0.0010333898
       -0.0025472201        0.0012791597       -0.0033653899
       -0.0186870497        0.0282873299       -0.0218296051
       -0.0008732252       -0.0029710048        0.0000743302
        0.0002010950       -0.0002776900        0.0002982702
       -0.0002330600       -0.0006410599       -0.0000588301
       -0.0002558551       -0.0003331351       -0.0001049850
       -0.0006700898       -0.0029205998        0.0001499450
       -0.0001887551        0.0000257700       -0.0002576149
        0.0000172750        0.0000207501        0.0000370451
        0.0002340104        0.0002175051        0.0002782051
       -0.1201313498        0.0205314799       -0.2742295101
        0.0034469750       -0.0006629199        0.0029492551
        0.0003076352       -0.0001652151        0.0016894450
        0.0015647049       -0.0002634252        0.0003298848
        0.0040542648       -0.0010558799       -0.0033871649
       -0.0160303102        0.0030771449       -0.0165583197
        0.1277134001       -0.0218296051        0.2882446199
       -0.0002832650        0.0002561950        0.0009014150
        0.0003170200       -0.0002257551        0.0002337651
       -0.0002587350        0.0001949451       -0.0000482103
       -0.0010173650        0.0000970201       -0.0009479149
        0.0003694751        0.0000873155        0.0008972603
        0.0001212601       -0.0000186699        0.0001525848
       -0.0000362550       -0.0000431302       -0.0000261599
       -0.0001205649       -0.0000351000       -0.0001868798
       -0.0089221496        0.0023445853        0.0273242000
       -0.1263626248        0.0211300451        0.1221907303
        0.0103875803       -0.0024158948       -0.0144303900
       -0.0005000300        0.0021037249       -0.0033444798
       -0.0015787151       -0.0003651047       -0.0015599448
       -0.0054830801        0.0030029400       -0.0013092199
        0.0007112450       -0.0008732252       -0.0002832650
        0.1308370497       -0.0239422445       -0.1299354201
        0.0006895300       -0.0008416649        0.0003264054
        0.0006233151       -0.0001462845       -0.0009959751
        0.0002573501       -0.0002380449        0.0002831652
       -0.0005715597        0.0001535952        0.0017005402
        0.0000793750       -0.0000569651       -0.0001447449
       -0.0000108000        0.0000590350       -0.0000197349
       -0.0001408947        0.0001055750        0.0002798151
        0.0017626706       -0.0000456296       -0.0059754800
        0.0210811552       -0.0386188296       -0.0288758096
       -0.0015357594        0.0007940255        0.0027114154
        0.0018321404        0.0087595902        0.0004232601
       -0.0003676848       -0.0027954346        0.0004703503
        0.0031785501        0.0085121249        0.0002389802
       -0.0007591197       -0.0029710048        0.0002561950
       -0.0239422445        0.0302792193        0.0307093052
       -0.0009539846       -0.0029286247        0.0000209906
       -0.0001186748       -0.0003171345        0.0003185050
       -0.0001112699       -0.0005715947       -0.0001628297
       -0.0000938044       -0.0003238895       -0.0003495546
        0.0001301052       -0.0000941148       -0.0002575248
        0.0000206603        0.0000609202       -0.0000050397
       -0.0001939696        0.0002654204        0.0003998454
       -0.0036515050        0.0009246750        0.0035770549
        0.1221747249       -0.0289297097       -0.2671490600
        0.0166298551       -0.0036778849       -0.0165732447
       -0.0041162801        0.0006737051       -0.0035867950
       -0.0015692402        0.0004648402        0.0002843200
       -0.0005638051       -0.0000928401        0.0016471603
        0.0003385949        0.0000743302        0.0009014150
       -0.1299354201        0.0307093052        0.2808809199
       -0.0002960948        0.0002199701        0.0008917149
        0.0010208851       -0.0003553399       -0.0009498052
        0.0003259450        0.0000530750       -0.0000388599
       -0.0003983197       -0.0000291848        0.0002642051
       -0.0000879501        0.0000589350        0.0001591047
       -0.0000391302       -0.0000650550       -0.0000018349
        0.0001731900       -0.0000889750       -0.0003057849
        0.0008864953        0.0017114149       -0.0032327947
       -0.0097302097        0.0022022056        0.0040708304
       -0.3290715946        0.0625834653       -0.0037240898
       -0.0101385598        0.0022089952       -0.0045079597
        0.0007370951        0.0018758251        0.0032838253
        0.0010091202       -0.0008453949        0.0000841806
       -0.0004914895        0.0002010950        0.0003170200
        0.0006895300       -0.0009539846       -0.0002960948
        0.3462409495       -0.0681720800        0.0040132952
        0.0007060905       -0.0009321349        0.0003393049
       -0.0005387997        0.0001510901       -0.0003414547
       -0.0002334195       -0.0002271693       -0.0000045796
        0.0002698451       -0.0000828047        0.0000421252
       -0.0000274648        0.0000500654       -0.0000099999
       -0.0002865846        0.0002086551       -0.0000230148
        0.0016118054        0.0086025349        0.0007590651
        0.0018520049        0.0002992402       -0.0012409652
        0.0626360551       -0.0476668598        0.0004951653
        0.0027887151        0.0002731051        0.0013073449
        0.0018566300        0.0084989949       -0.0010475347
       -0.0009399102       -0.0023367051        0.0000317803
        0.0000205750       -0.0002776900       -0.0002257551
       -0.0008416649       -0.0029286247        0.0002199701
       -0.0681720800        0.0392475698       -0.0003835248
       -0.0008750047       -0.0028262048       -0.0001060502
       -0.0000284200       -0.0004150800        0.0001830952
        0.0000393950       -0.0006612996       -0.0000195297
        0.0002422749       -0.0000462200        0.0000363050
       -0.0000380550        0.0000253002        0.0000120201
       -0.0001822949        0.0002619799       -0.0000197801
       -0.0024110898        0.0004376352       -0.0050473099
       -0.0270347397        0.0057145004        0.0042761101
       -0.0037399244        0.0003897154       -0.0564199644
        0.0265548303       -0.0055238050        0.0049198101
        0.0025754701       -0.0006116048       -0.0047904797
        0.0000320952       -0.0001306699       -0.0024587746
       -0.0017376348        0.0002982702        0.0002337651
        0.0003264054        0.0000209906        0.0008917149
        0.0040132952       -0.0003835248        0.0568480795
       -0.0002992095        0.0000656553        0.0008956201
        0.0017123054       -0.0003280095        0.0002474954
       -0.0000008598        0.0000465354        0.0004796453
       -0.0000025148       -0.0000198295       -0.0000181751
        0.0000239601       -0.0000404148        0.0000039603
       -0.0000369394        0.0000782751       -0.0000222198
       -0.0016408546       -0.0002151199        0.0014843803
       -0.0007153446        0.0020855552        0.0033708201
        0.0104313406       -0.0018486796        0.0150985753
       -0.1213253498        0.0168957001       -0.1197432849
       -0.0084233898        0.0016229154       -0.0276610746
       -0.0054717748        0.0030133151        0.0010916355
        0.0002645703       -0.0002330600       -0.0002587350
        0.0006233151       -0.0001186748        0.0010208851
        0.0007060905       -0.0008750047       -0.0002992095
        0.1254279294       -0.0195846295        0.1273165950
        0.0007356203       -0.0008157048        0.0003311405
       -0.0005624298        0.0000349803       -0.0017019698
        0.0000884054       -0.0000586348        0.0001096600
       -0.0000852899        0.0000073652       -0.0001020447
       -0.0000699245        0.0000693552       -0.0000336249
       -0.0001896848       -0.0024200747       -0.0005600347
        0.0018450453        0.0084489653       -0.0006125245
       -0.0017758595        0.0012417505       -0.0033550046
        0.0167789204       -0.0375951598        0.0222056602
        0.0016884303        0.0006642003        0.0060734854
        0.0032914451        0.0080709501       -0.0004176647
       -0.0001697697       -0.0006410599        0.0001949451
       -0.0001462845       -0.0003171345       -0.0003553399
       -0.0009321349       -0.0028262048        0.0000656553
       -0.0195846295        0.0284647695       -0.0236561550
       -0.0007282196       -0.0028578498       -0.0000931297
       -0.0000941347       -0.0003346744        0.0004263353
        0.0001453301       -0.0000515246        0.0001997802
       -0.0001451548       -0.0000257498       -0.0000672696
       -0.0000361297        0.0001980302       -0.0000915148
        0.0015482649       -0.0003519850        0.0003496947
        0.0041535151       -0.0009689748       -0.0034053900
       -0.0161428596        0.0030676850       -0.0166795499
       -0.1195879102        0.0224895948       -0.2736783551
        0.0034558300       -0.0008217202        0.0028613047
        0.0002719148       -0.0000576105        0.0016874250
       -0.0003121650       -0.0000588301       -0.0000482103
       -0.0009959751        0.0003185050       -0.0009498052
        0.0003393049       -0.0001060502        0.0008956201
        0.1273165950       -0.0236561550        0.2878762001
       -0.0003527450        0.0000030948        0.0009391351
        0.0003864449        0.0000865299        0.0002236899
        0.0000972199       -0.0000663249        0.0001716347
       -0.0000992401       -0.0000190252       -0.0000700152
       -0.0000004599        0.0001448998       -0.0001080201
       -0.0004634498        0.0018047550       -0.0032353600
       -0.0015006501       -0.0002310148       -0.0016431798
       -0.0055991745        0.0030737553       -0.0013212349
       -0.0088157199        0.0024387398        0.0275502998
       -0.1260917699        0.0209335602        0.1217259100
        0.0102048500       -0.0020323500       -0.0143589446
        0.0005699002       -0.0002558551       -0.0010173650
        0.0002573501       -0.0001112699        0.0003259450
       -0.0005387997       -0.0000284200        0.0017123054
        0.0007356203       -0.0007282196       -0.0003527450
        0.1305137198       -0.0241101148       -0.1296254848
        0.0007929702       -0.0007402545        0.0003316651
        0.0000333799        0.0000322501       -0.0000203300
        0.0000215951        0.0000152050        0.0000573903
       -0.0000787796       -0.0000041300       -0.0000152798
        0.0021166753        0.0084686602        0.0007852148
       -0.0001087346       -0.0025863497        0.0001101452
        0.0026547454        0.0083114904        0.0001036554
        0.0021429202        0.0004308652       -0.0052406949
        0.0212813802       -0.0391309550       -0.0293554851
       -0.0021801802        0.0014312948        0.0028391952
       -0.0002556746       -0.0003331351        0.0000970201
       -0.0002380449       -0.0005715947        0.0000530750
        0.0001510901       -0.0004150800       -0.0003280095
       -0.0008157048       -0.0028578498        0.0000030948
       -0.0241101148        0.0301789197        0.0309867752
       -0.0006654449       -0.0028907095       -0.0000434198
       -0.0001039697       -0.0000269998        0.0001445349
        0.0000419902       -0.0001618702       -0.0001313001
        0.0000887502        0.0002136801       -0.0000386848
       -0.0041330895        0.0006763753       -0.0036475197
       -0.0016039647        0.0003203252        0.0002944051
       -0.0004504795        0.0000860652        0.0016459302
       -0.0037334650        0.0006757205        0.0034129252
        0.1218313102       -0.0287536147       -0.2664957799
        0.0167654952       -0.0038264000       -0.0166048946
        0.0010898702       -0.0001049850       -0.0009479149
        0.0002831652       -0.0001628297       -0.0000388599
       -0.0003414547        0.0001830952        0.0002474954
        0.0003311405       -0.0000931297        0.0009391351
       -0.1296254848        0.0309867752        0.2803697095
       -0.0003641097        0.0000499455        0.0009137105
       -0.0000698549       -0.0000622248        0.0001029500
        0.0000682203       -0.0000877196       -0.0000805298
        0.0000103054        0.0001133853       -0.0000722949
       -0.0103287996        0.0023410152       -0.0046649646
        0.0006632652        0.0016745003        0.0034200400
        0.0011332554       -0.0006658348        0.0000311351
        0.0007933201        0.0015183150       -0.0033593798
       -0.0097495951        0.0023779154        0.0043309802
       -0.3294772350        0.0603722748       -0.0039012897
        0.0007944951       -0.0006700898        0.0003694751
       -0.0005715597       -0.0000938044       -0.0003983197
       -0.0002334195        0.0000393950       -0.0000008598
       -0.0005624298       -0.0000941347        0.0003864449
        0.0007929702       -0.0006654449       -0.0003641097
        0.3467999096       -0.0661529648        0.0041464602
        0.0001747702        0.0000121102        0.0000141100
       -0.0001087548        0.0000421849       -0.0000237247
       -0.0001211995       -0.0000617447        0.0000108102
        0.0024721604        0.0003822353        0.0006369203
        0.0016240003        0.0085294855       -0.0005921797
       -0.0004979495       -0.0023793797       -0.0001096996
        0.0015559604        0.0084760956        0.0001873903
        0.0017449653        0.0005713304       -0.0004507396
        0.0606845202       -0.0467487948        0.0005026007
       -0.0006903898       -0.0029205998        0.0000873155
        0.0001535952       -0.0003238895       -0.0000291848
       -0.0002271693       -0.0006612996        0.0000465354
        0.0000349803       -0.0003346744        0.0000865299
       -0.0007402545       -0.0028907095        0.0000499455
       -0.0661529648        0.0382230093       -0.0004607446
       -0.0003192397        0.0000296353       -0.0000474097
        0.0001596203       -0.0000865847        0.0000942205
        0.0002038306        0.0001877805        0.0000361152
        0.0266517102       -0.0054339549        0.0049410852
        0.0025413252       -0.0007463046       -0.0048595996
        0.0000481654        0.0000354453       -0.0024699244
       -0.0024464748        0.0003213950       -0.0049707998
       -0.0269635999        0.0055894250        0.0042988952
       -0.0039896048        0.0005412852       -0.0564404397
       -0.0002763548        0.0001499450        0.0008972603
        0.0017005402       -0.0003495546        0.0002642051
       -0.0000045796       -0.0000195297        0.0004796453
       -0.0017019698        0.0004263353        0.0002236899
        0.0003316651       -0.0000434198        0.0009137105
        0.0041464602       -0.0004607446        0.0567926395
       -0.0000047146        0.0000102602        0.0000222900
       -0.0000376099       -0.0000103299        0.0000151502
        0.0000280502        0.0000545202       -0.0000462998
       -0.0004107400        0.0005787848        0.0003992801
       -0.0006142449       -0.0007763200       -0.0006043450
        0.0003469404       -0.0012018347        0.0002093003
       -0.0003111148       -0.0005417598        0.0005024950
       -0.0004354348        0.0002786103       -0.0004786199
        0.0005417903        0.0006848450       -0.0000981197
        0.0000130052       -0.0001887551        0.0001212601
        0.0000793750        0.0001301052       -0.0000879501
        0.0002698451        0.0002422749       -0.0000025148
        0.0000884054        0.0001453301        0.0000972199
        0.0000333799       -0.0001039697       -0.0000698549
        0.0001747702       -0.0003192397       -0.0000047146
        0.1794007397        0.1210377252       -0.2654445299
       -0.1231500801        0.0334228150        0.2248036699
       -0.0560487447       -0.1534627648        0.0407117852
       -0.0006620598       -0.0008500649       -0.0004786648
        0.0002074151       -0.0010395448       -0.0003940849
        0.0003616356       -0.0007079848        0.0002689052
        0.0000487401       -0.0003781500        0.0003806699
       -0.0002226150       -0.0003498397        0.0005210450
       -0.0006690601       -0.0005224200        0.0001766904
        0.0000150601        0.0000257700       -0.0000186699
       -0.0000569651       -0.0000941148        0.0000589350
       -0.0000828047       -0.0000462200       -0.0000198295
       -0.0000586348       -0.0000515246       -0.0000663249
        0.0000322501       -0.0000269998       -0.0000622248
        0.0000121102        0.0000296353        0.0000102602
        0.1210377252        0.4968392597       -0.0379285601
        0.0028862451       -0.0457532900       -0.0208470897
       -0.1229312397       -0.4471550199        0.0582828400
        0.0007672952        0.0005957898        0.0001156099
       -0.0002908351        0.0012030250        0.0000279601
       -0.0000463348       -0.0002448499       -0.0007581349
        0.0001013498       -0.0007454000        0.0003599948
       -0.0006295551       -0.0003036001        0.0001981201
        0.0000489300        0.0000829095       -0.0003648151
        0.0000491551       -0.0002576149        0.0001525848
       -0.0001447449       -0.0002575248        0.0001591047
        0.0000421252        0.0000363050       -0.0000181751
        0.0001096600        0.0001997802        0.0001716347
       -0.0000203300        0.0001445349        0.0001029500
        0.0000141100       -0.0000474097        0.0000222900
       -0.2654445299       -0.0379285601        0.4502500400
        0.2141590699       -0.0738793750       -0.3981559701
        0.0513530452        0.1113104750       -0.0522440550
       -0.0000881099       -0.0000416901       -0.0001260949
       -0.0000242150       -0.0001318747        0.0000524150
       -0.0002449897        0.0000826452        0.0002330754
       -0.0000786397        0.0003213350       -0.0000539148
        0.0004168101        0.0000308353        0.0000200299
        0.0000626099       -0.0001346200        0.0000087002
        0.0000047703        0.0000172750       -0.0000362550
       -0.0000108000        0.0000206603       -0.0000391302
       -0.0000274648       -0.0000380550        0.0000239601
       -0.0000852899       -0.0001451548       -0.0000992401
        0.0000215951        0.0000419902        0.0000682203
       -0.0001087548        0.0001596203       -0.0000376099
       -0.1231500801        0.0028862451        0.2141590699
        0.1306012098       -0.0093526850       -0.2296011198
       -0.0072934347        0.0062570453        0.0154931499
       -0.0002902098       -0.0000415102        0.0002477452
       -0.0000333100       -0.0005737198       -0.0001355198
       -0.0000444098       -0.0000847049        0.0003276804
       -0.0003846901        0.0002290201       -0.0001577550
        0.0002606151        0.0003814949       -0.0004479000
        0.0003637348        0.0001508349        0.0003308153
        0.0000115702        0.0000207501       -0.0000431302
        0.0000590350        0.0000609202       -0.0000650550
        0.0000500654        0.0000253002       -0.0000404148
        0.0000073652       -0.0000257498       -0.0000190252
        0.0000152050       -0.0001618702       -0.0000877196
        0.0000421849       -0.0000865847       -0.0000103299
        0.0334228150       -0.0457532900       -0.0738793750
       -0.0093526850        0.0467891698        0.0324265551
       -0.0241647598       -0.0009667298        0.0415018698
        0.0000347751       -0.0000457197       -0.0002398150
        0.0000702602        0.0000204554       -0.0000942148
       -0.0000391447        0.0000130404       -0.0000171894
        0.0000161901        0.0000371952        0.0000658602
        0.0000802552       -0.0000774250        0.0002475201
       -0.0001125647       -0.0001858501       -0.0000258046
        0.0000248954        0.0000370451       -0.0000261599
       -0.0000197349       -0.0000050397       -0.0000018349
       -0.0000099999        0.0000120201        0.0000039603
       -0.0001020447       -0.0000672696       -0.0000700152
        0.0000573903       -0.0001313001       -0.0000805298
       -0.0000237247        0.0000942205        0.0000151502
        0.2248036699       -0.0208470897       -0.3981559701
       -0.2296011198        0.0324265551        0.4104771295
        0.0048911102       -0.0113336398       -0.0120668048
        0.0008875054       -0.0007419899       -0.0007876497
        0.0007475754        0.0002658004        0.0010249153
       -0.0007874445        0.0008096404       -0.0004444297
        0.0006999605        0.0000766002       -0.0009011299
       -0.0000961947       -0.0002246696        0.0005281655
       -0.0010046045       -0.0004510750        0.0007303504
       -0.0000890296        0.0002340104       -0.0001205649
       -0.0001408947       -0.0001939696        0.0001731900
       -0.0002865846       -0.0001822949       -0.0000369394
       -0.0000699245       -0.0000361297       -0.0000004599
       -0.0000787796        0.0000887502        0.0000103054
       -0.0001211995        0.0002038306        0.0000280502
       -0.0560487447       -0.1229312397        0.0513530452
       -0.0072934347       -0.0241647598        0.0048911102
        0.0636882294        0.1472293505       -0.0564305248
        0.0012806103       -0.0005368250        0.0004865953
       -0.0009220898       -0.0001464696        0.0009556354
       -0.0009119245       -0.0003542647       -0.0011479847
       -0.0000737049       -0.0005529148       -0.0002245150
       -0.0000987598       -0.0003326298       -0.0000249747
        0.0003919502       -0.0004842050       -0.0005467496
       -0.0000421795        0.0002175051       -0.0000351000
        0.0001055750        0.0002654204       -0.0000889750
        0.0002086551        0.0002619799        0.0000782751
        0.0000693552        0.0001980302        0.0001448998
       -0.0000041300        0.0002136801        0.0001133853
       -0.0000617447        0.0001877805        0.0000545202
       -0.1534627648       -0.4471550199        0.1113104750
        0.0062570453       -0.0009667298       -0.0113336398
        0.1472293505        0.4491334596       -0.0997946597
       -0.0010583449       -0.0003645047       -0.0001677247
        0.0006403803       -0.0009191547       -0.0000389099
       -0.0000406544        0.0001763053        0.0012768652
        0.0000286252        0.0004349351       -0.0009612501
        0.0005423652        0.0001835201       -0.0006208649
        0.0000270651       -0.0000633500        0.0007034251
       -0.0000876048        0.0002782051       -0.0001868798
        0.0002798151        0.0003998454       -0.0003057849
       -0.0000230148       -0.0000197801       -0.0000222198
       -0.0000336249       -0.0000915148       -0.0001080201
       -0.0000152798       -0.0000386848       -0.0000722949
        0.0000108102        0.0000361152       -0.0000462998
        0.0407117852        0.0582828400       -0.0522440550
        0.0154931499        0.0415018698       -0.0120668048
       -0.0564305248       -0.0997946597        0.0649336397
