   10   30
        0.0645944367       -0.0229987960       -0.0382634432
       -0.0667617179        0.0239235391        0.0333302291
       -0.0033004552        0.0183965335        0.0289757619
        0.0056211051       -0.0151239419       -0.0197347685
        0.0009354808       -0.0038070316       -0.0053802903
       -0.0023327643       -0.0003756307       -0.0009636933
        0.0004769043        0.0011074305        0.0006161912
        0.0005429118       -0.0006797276        0.0014642412
        0.0008273585       -0.0001983163       -0.0000159525
       -0.0006024856       -0.0002427134       -0.0000270697
       -0.0229987960        0.1499903791        0.1312555002
        0.0241827269       -0.1358600088       -0.1183300034
        0.0016403862       -0.0060417786       -0.0083299222
        0.0047116982       -0.0212382024       -0.0223737139
       -0.0038070316        0.0135464252        0.0164136043
       -0.0041926972       -0.0000579653       -0.0011100212
       -0.0001994978        0.0009078389        0.0012138920
        0.0004210377       -0.0010694863        0.0013308100
        0.0014485914        0.0001384559       -0.0000851630
       -0.0012072183       -0.0003134730        0.0000116392
       -0.0382634432        0.1312555002        0.2445093413
        0.0336921384       -0.1180294132       -0.2259356114
        0.0007723694        0.0015548699        0.0016705727
       -0.0003814240        0.0015564947        0.0042690834
        0.0053802903       -0.0164136042       -0.0245917721
       -0.0005644743        0.0007555409        0.0005334473
       -0.0006075337       -0.0006139176       -0.0000687934
       -0.0000262098       -0.0000840084       -0.0003483185
       -0.0001742028        0.0000017051       -0.0000302055
        0.0001719674        0.0000158888       -0.0000065421
       -0.0667617179        0.0241827269        0.0336921384
        0.5919209073       -0.0435059078       -0.0000000000
       -0.2978851577        0.0824613408        0.0000000000
       -0.1560691474       -0.0688558810        0.0000000001
       -0.0667617178        0.0241827267       -0.0336921385
        0.0146431018        0.0039018096        0.0000000000
       -0.0156968011       -0.0266080720        0.0000000000
       -0.0026946452        0.0038117232        0.0000000000
       -0.0003475062        0.0002130431        0.0000546052
       -0.0003475064        0.0002130431       -0.0000546050
        0.0239235391       -0.1358600088       -0.1180294132
       -0.0435059078        0.5556365358       -0.0000000001
        0.0762991267       -0.0849309633        0.0000000000
       -0.0691350990       -0.1767607833       -0.0000000000
        0.0239235391       -0.1358600088        0.1180294132
       -0.0172215589       -0.0352173387        0.0000000000
        0.0060908821        0.0097421453        0.0000000000
       -0.0016675344        0.0036519411        0.0000000000
        0.0006458313       -0.0002007283        0.0002266288
        0.0006458313       -0.0002007283       -0.0002266289
        0.0333302291       -0.1183300034       -0.2259356114
       -0.0000000000       -0.0000000001        0.5733373072
        0.0000000000       -0.0000000001       -0.0587389935
       -0.0000000001        0.0000000008       -0.0780513752
       -0.0333302289        0.1183300029       -0.2259356110
        0.0000000000        0.0000000000        0.0017335506
       -0.0000000001       -0.0000000001        0.0066389262
        0.0000000002       -0.0000000007        0.0072372337
        0.0081554778        0.0015763566       -0.0001425318
       -0.0081554781       -0.0015763564       -0.0001425318
       -0.0033004552        0.0016403862        0.0007723694
       -0.2978851577        0.0762991267        0.0000000000
        0.3250148408       -0.0843647323        0.0000000000
       -0.0214773392        0.0075959662       -0.0000000000
       -0.0033004553        0.0016403863       -0.0007723694
        0.0011821087        0.0021953720        0.0000000000
       -0.0009755963       -0.0038252228        0.0000000000
        0.0007929848       -0.0007711038        0.0000000000
       -0.0000259973       -0.0002048909        0.0000005059
       -0.0000259973       -0.0002048909       -0.0000005060
        0.0183965335       -0.0060417786        0.0015548699
        0.0824613408       -0.0849309633       -0.0000000001
       -0.0843647323        0.0898510130        0.0000000000
       -0.0309440910        0.0096037888       -0.0000000001
        0.0183965335       -0.0060417785       -0.0015548698
       -0.0007431907        0.0026083376        0.0000000000
       -0.0035745898       -0.0046507823        0.0000000000
        0.0004289930       -0.0002160140        0.0000000000
       -0.0000264465       -0.0000914232       -0.0000006958
       -0.0000264464       -0.0000914232        0.0000006959
        0.0289757619       -0.0083299222        0.0016705727
        0.0000000000        0.0000000000       -0.0587389935
        0.0000000000        0.0000000000        0.0547852193
        0.0000000000        0.0000000000       -0.0005868891
       -0.0289757619        0.0083299222        0.0016705727
        0.0000000000        0.0000000000       -0.0000066090
        0.0000000000        0.0000000000        0.0013942823
        0.0000000000        0.0000000000       -0.0001953305
       -0.0000196605        0.0000444910        0.0000036844
        0.0000196605       -0.0000444910        0.0000036844
        0.0056211051        0.0047116982       -0.0003814240
       -0.1560691474       -0.0691350990       -0.0000000001
       -0.0214773392       -0.0309440910        0.0000000000
        0.6369692458       -0.1132632669       -0.0000000002
        0.0056211051        0.0047116985        0.0003814243
       -0.1581642104        0.1421547074        0.0000000000
       -0.3278778506        0.0501644832        0.0000000000
        0.0061932816        0.0083924246        0.0000000000
        0.0045935535        0.0016044470        0.0006268893
        0.0045935538        0.0016044470       -0.0006268900
       -0.0151239419       -0.0212382024        0.0015564947
       -0.0688558810       -0.1767607833        0.0000000008
        0.0075959662        0.0096037888        0.0000000000
       -0.1132632669        0.8575694483        0.0000000011
       -0.0151239417       -0.0212382030       -0.0015564952
        0.1463065552       -0.5658914461        0.0000000000
        0.0483682697       -0.0724827809        0.0000000000
        0.0079950006       -0.0127023191        0.0000000000
        0.0010520297        0.0015669715       -0.0019796208
        0.0010520290        0.0015669715        0.0019796196
       -0.0197347685       -0.0223737139        0.0042690834
        0.0000000001       -0.0000000000       -0.0780513752
       -0.0000000000       -0.0000000001       -0.0005868891
       -0.0000000002        0.0000000011        0.1677403596
        0.0197347684        0.0223737137        0.0042690835
        0.0000000001       -0.0000000000       -0.0585677941
       -0.0000000001       -0.0000000001       -0.0449704346
        0.0000000004       -0.0000000010        0.0064038727
       -0.0005751329       -0.0003892887       -0.0002556548
        0.0005751329        0.0003892890       -0.0002556547
        0.0009354808       -0.0038070316        0.0053802903
       -0.0667617178        0.0239235391       -0.0333302289
       -0.0033004553        0.0183965335       -0.0289757619
        0.0056211051       -0.0151239417        0.0197347684
        0.0645944366       -0.0229987960        0.0382634432
       -0.0023327642       -0.0003756308        0.0009636933
        0.0004769042        0.0011074305       -0.0006161914
        0.0005429118       -0.0006797277       -0.0014642412
       -0.0006024857       -0.0002427134        0.0000270697
        0.0008273587       -0.0001983162        0.0000159526
       -0.0038070316        0.0135464252       -0.0164136042
        0.0241827267       -0.1358600088        0.1183300029
        0.0016403863       -0.0060417785        0.0083299222
        0.0047116985       -0.0212382030        0.0223737137
       -0.0229987960        0.1499903793       -0.1312555003
       -0.0041926972       -0.0000579655        0.0011100212
       -0.0001994977        0.0009078390       -0.0012138915
        0.0004210374       -0.0010694854       -0.0013308100
       -0.0012072179       -0.0003134729       -0.0000116392
        0.0014485911        0.0001384556        0.0000851630
       -0.0053802903        0.0164136043       -0.0245917721
       -0.0336921385        0.1180294132       -0.2259356110
       -0.0007723694       -0.0015548698        0.0016705727
        0.0003814243       -0.0015564952        0.0042690835
        0.0382634432       -0.1312555003        0.2445093412
        0.0005644743       -0.0007555411        0.0005334473
        0.0006075338        0.0006139177       -0.0000687937
        0.0000262095        0.0000840091       -0.0003483185
       -0.0001719677       -0.0000158890       -0.0000065420
        0.0001742031       -0.0000017051       -0.0000302055
       -0.0023327643       -0.0041926972       -0.0005644743
        0.0146431018       -0.0172215589        0.0000000000
        0.0011821087       -0.0007431907        0.0000000000
       -0.1581642104        0.1463065552        0.0000000001
       -0.0023327642       -0.0041926972        0.0005644743
        0.2620201109       -0.3292304261        0.0000000000
       -0.0072945294        0.0353544837        0.0000000000
       -0.1087957580        0.1594719210        0.0000000000
        0.0005362632        0.0072227916       -0.0002205458
        0.0005362632        0.0072227916        0.0002205458
       -0.0003756307       -0.0000579653        0.0007555409
        0.0039018096       -0.0352173387        0.0000000000
        0.0021953720        0.0026083376        0.0000000000
        0.1421547074       -0.5658914461       -0.0000000000
       -0.0003756308       -0.0000579655       -0.0007555411
       -0.3292304261        1.2060368206        0.0000000000
        0.0063948493       -0.0084459402        0.0000000000
        0.1604266299       -0.5594670899        0.0000000000
        0.0074508811       -0.0197518183        0.0006052249
        0.0074508809       -0.0197518183       -0.0006052241
       -0.0009636933       -0.0011100212        0.0005334473
        0.0000000000        0.0000000000        0.0017335506
        0.0000000000        0.0000000000       -0.0000066090
        0.0000000000        0.0000000000       -0.0585677941
        0.0009636933        0.0011100212        0.0005334473
        0.0000000000        0.0000000000        0.1448939906
        0.0000000000        0.0000000000        0.0044713622
        0.0000000000        0.0000000000       -0.1078650161
       -0.0086189544        0.0281685952        0.0071342644
        0.0086189544       -0.0281685952        0.0071342644
        0.0004769043       -0.0001994978       -0.0006075337
       -0.0156968011        0.0060908821       -0.0000000001
       -0.0009755963       -0.0035745898        0.0000000000
       -0.3278778506        0.0483682697       -0.0000000001
        0.0004769042       -0.0001994977        0.0006075338
       -0.0072945294        0.0063948493        0.0000000000
        0.3502077701       -0.0554646700        0.0000000000
        0.0005247086       -0.0016155403        0.0000000000
        0.0000785840        0.0000996445       -0.0000697343
        0.0000785841        0.0000996445        0.0000697344
        0.0011074305        0.0009078389       -0.0006139176
       -0.0266080720        0.0097421453       -0.0000000001
       -0.0038252228       -0.0046507823        0.0000000000
        0.0501644832       -0.0724827809       -0.0000000001
        0.0011074305        0.0009078390        0.0006139177
        0.0353544837       -0.0084459402        0.0000000000
       -0.0554646700        0.0759184705        0.0000000000
       -0.0005295016       -0.0015331059        0.0000000000
       -0.0006524988       -0.0001812561       -0.0000011337
       -0.0006524987       -0.0001812561        0.0000011338
        0.0006161912        0.0012138920       -0.0000687934
        0.0000000000        0.0000000000        0.0066389262
        0.0000000000        0.0000000000        0.0013942823
        0.0000000000        0.0000000000       -0.0449704346
       -0.0006161914       -0.0012138915       -0.0000687937
        0.0000000000        0.0000000000        0.0044713622
        0.0000000000        0.0000000000        0.0281239245
       -0.0000000000        0.0000000000        0.0047811205
       -0.0071350618       -0.0029416603       -0.0001493040
        0.0071350621        0.0029416603       -0.0001493039
        0.0005429118        0.0004210377       -0.0000262098
       -0.0026946452       -0.0016675344        0.0000000002
        0.0007929848        0.0004289930        0.0000000000
        0.0061932816        0.0079950006        0.0000000004
        0.0005429118        0.0004210374        0.0000262095
       -0.1087957580        0.1604266299        0.0000000000
        0.0005247086       -0.0005295016       -0.0000000000
        0.1981682708       -0.2215644454        0.0000000000
       -0.0476401210        0.0270353143       -0.0373160786
       -0.0476401214        0.0270353143        0.0373160787
       -0.0006797276       -0.0010694863       -0.0000840084
        0.0038117232        0.0036519411       -0.0000000007
       -0.0007711038       -0.0002160140        0.0000000000
        0.0083924246       -0.0127023191       -0.0000000010
       -0.0006797277       -0.0010694854        0.0000840091
        0.1594719210       -0.5594670899        0.0000000000
       -0.0016155403       -0.0015331059        0.0000000000
       -0.2215644454        0.8196472165        0.0000000000
        0.0268182165       -0.1236257370        0.1171033663
        0.0268182173       -0.1236257370       -0.1171033658
        0.0014642412        0.0013308100       -0.0003483185
        0.0000000000        0.0000000000        0.0072372337
        0.0000000000        0.0000000000       -0.0001953305
        0.0000000000        0.0000000000        0.0064038727
       -0.0014642412       -0.0013308100       -0.0003483185
        0.0000000000        0.0000000000       -0.1078650161
        0.0000000000        0.0000000000        0.0047811205
        0.0000000000        0.0000000000        0.6384593453
       -0.0370932560        0.1168705538       -0.2740606539
        0.0370932560       -0.1168705537       -0.2740606539
        0.0008273585        0.0014485914       -0.0001742028
       -0.0003475062        0.0006458313        0.0081554778
       -0.0000259973       -0.0000264465       -0.0000196605
        0.0045935535        0.0010520297       -0.0005751329
       -0.0006024857       -0.0012072179       -0.0001719677
        0.0005362632        0.0074508811       -0.0086189544
        0.0000785840       -0.0006524988       -0.0071350618
       -0.0476401210        0.0268182165       -0.0370932560
        0.0363638655       -0.0337250465        0.0412725111
        0.0062192287       -0.0018045413        0.0043591752
       -0.0001983163        0.0001384559        0.0000017051
        0.0002130431       -0.0002007283        0.0015763566
       -0.0002048909       -0.0000914232        0.0000444910
        0.0016044470        0.0015669715       -0.0003892887
       -0.0002427134       -0.0003134729       -0.0000158890
        0.0072227916       -0.0197518183        0.0281685952
        0.0000996445       -0.0001812561       -0.0029416603
        0.0270353143       -0.1236257370        0.1168705538
       -0.0337250465        0.1311113719       -0.1295843199
       -0.0018045413        0.0113516442       -0.0137273005
       -0.0000159525       -0.0000851630       -0.0000302055
        0.0000546052        0.0002266288       -0.0001425318
        0.0000005059       -0.0000006958        0.0000036844
        0.0006268893       -0.0019796208       -0.0002556548
        0.0000270697       -0.0000116392       -0.0000065420
       -0.0002205458        0.0006052249        0.0071342644
       -0.0000697343       -0.0000011337       -0.0001493040
       -0.0373160786        0.1171033663       -0.2740606539
        0.0412725111       -0.1295843199        0.2855384878
       -0.0043591749        0.0137273005       -0.0180309104
       -0.0006024856       -0.0012072183        0.0001719674
       -0.0003475064        0.0006458313       -0.0081554781
       -0.0000259973       -0.0000264464        0.0000196605
        0.0045935538        0.0010520290        0.0005751329
        0.0008273587        0.0014485911        0.0001742031
        0.0005362632        0.0074508809        0.0086189544
        0.0000785841       -0.0006524987        0.0071350621
       -0.0476401214        0.0268182173        0.0370932560
        0.0062192287       -0.0018045413       -0.0043591749
        0.0363638651       -0.0337250467       -0.0412725109
       -0.0002427134       -0.0003134730        0.0000158888
        0.0002130431       -0.0002007283       -0.0015763564
       -0.0002048909       -0.0000914232       -0.0000444910
        0.0016044470        0.0015669715        0.0003892890
       -0.0001983162        0.0001384556       -0.0000017051
        0.0072227916       -0.0197518183       -0.0281685952
        0.0000996445       -0.0001812561        0.0029416603
        0.0270353143       -0.1236257370       -0.1168705537
       -0.0018045413        0.0113516442        0.0137273005
       -0.0337250467        0.1311113719        0.1295843199
       -0.0000270697        0.0000116392       -0.0000065421
       -0.0000546050       -0.0002266289       -0.0001425318
       -0.0000005060        0.0000006959        0.0000036844
       -0.0006268900        0.0019796196       -0.0002556547
        0.0000159526        0.0000851630       -0.0000302055
        0.0002205458       -0.0006052241        0.0071342644
        0.0000697344        0.0000011338       -0.0001493039
        0.0373160787       -0.1171033658       -0.2740606539
        0.0043591752       -0.0137273005       -0.0180309104
       -0.0412725109        0.1295843199        0.2855384879
