   18   54
        0.0488696850       -0.0000042350       -0.0000042913
       -0.0224326663       -0.0000028487       -0.0000001513
       -0.0196003175       -0.0000006588       -0.0000021613
       -0.0196003287       -0.0000006724       -0.0000021487
        0.0015968300       -0.0000000762       -0.0000001413
        0.0015968326       -0.0000001074       -0.0000001263
        0.0016314550       -0.0000000950       -0.0000001075
        0.0016314701       -0.0000001000       -0.0000001075
        0.0009843963       -0.0000000150       -0.0000000851
        0.0009844013       -0.0000000213       -0.0000000712
       -0.0016783751       -0.0000000537        0.0000000038
       -0.0016783825       -0.0000000513       -0.0000000112
        0.0014103976       -0.0000000287       -0.0000000087
        0.0014104150       -0.0000000075       -0.0000000075
        0.0026284300       -0.0000000099       -0.0000000237
        0.0026284226       -0.0000000012       -0.0000000325
       -0.0001885338       -0.0000000050       -0.0000000112
       -0.0001885387       -0.0000000187       -0.0000000138
       -0.0000042350        0.1722104174        0.0000030987
       -0.0000028425       -0.0679517237       -0.0000030575
       -0.0000007350       -0.0482241337        0.0136074225
       -0.0000007299       -0.0482241425       -0.0136009999
       -0.0000000812       -0.0045255500       -0.0143278049
       -0.0000000737       -0.0045255712        0.0143280763
       -0.0000000562        0.0145405738       -0.0022396399
       -0.0000000637        0.0145405838        0.0022390625
       -0.0000001112       -0.0032790537        0.0076387913
       -0.0000000887       -0.0032790588       -0.0076388612
       -0.0000000037       -0.0102259275       -0.0057665099
        0.0000000075       -0.0102259224        0.0057664263
       -0.0000000450        0.0001299600       -0.0004938112
       -0.0000000387        0.0001299851        0.0004938100
       -0.0000000112       -0.0004247537        0.0012043862
        0.0000000001       -0.0004247374       -0.0012044188
        0.0000000000       -0.0001201862       -0.0001612963
       -0.0000000038       -0.0001201950        0.0001612963
       -0.0000042913        0.0000030987        0.1805499974
       -0.0000001437       -0.0000030687       -0.0500740637
       -0.0000020700        0.0243965250       -0.0548424313
       -0.0000020513       -0.0243900325       -0.0548424149
       -0.0000000512       -0.0079880650        0.0174479250
       -0.0000000286        0.0079880800        0.0174479125
       -0.0000001050        0.0141000088       -0.0189077863
       -0.0000001012       -0.0140996850       -0.0189077912
       -0.0000000037       -0.0008231850        0.0015642225
        0.0000000138        0.0008229550        0.0015641963
       -0.0000000787       -0.0160804699       -0.0082946762
       -0.0000000738        0.0160808063       -0.0082946912
        0.0000000038       -0.0008560924       -0.0013579262
       -0.0000000062        0.0008560851       -0.0013579212
       -0.0000000487        0.0009766775       -0.0008197475
       -0.0000000387       -0.0009767199       -0.0008197612
       -0.0000000325       -0.0003415437       -0.0000264188
       -0.0000000337        0.0003415438       -0.0000264200
       -0.0224326663       -0.0000028425       -0.0000001437
        0.0488696749       -0.0000042287       -0.0000042937
        0.0015968326       -0.0000000774       -0.0000001312
        0.0015968575       -0.0000000887       -0.0000001136
       -0.0196003212       -0.0000006425       -0.0000021537
       -0.0196003174       -0.0000006687       -0.0000021375
       -0.0016783824       -0.0000000487        0.0000000014
       -0.0016783874       -0.0000000412        0.0000000000
        0.0014104113       -0.0000000099       -0.0000000063
        0.0014104325       -0.0000000212        0.0000000001
        0.0016314613       -0.0000001049       -0.0000000924
        0.0016314674       -0.0000001025       -0.0000001099
        0.0009843950       -0.0000000200       -0.0000000600
        0.0009843914        0.0000000200       -0.0000000712
       -0.0001885137       -0.0000000112       -0.0000000037
       -0.0001885099        0.0000000026       -0.0000000149
        0.0026284101       -0.0000000012       -0.0000000137
        0.0026284326       -0.0000000124       -0.0000000162
       -0.0000028487       -0.0679517237       -0.0000030687
       -0.0000042287        0.1722104147        0.0000030963
       -0.0000000799       -0.0045255524        0.0143280477
       -0.0000000711       -0.0045255648       -0.0143277799
       -0.0000007299       -0.0482241099       -0.0136010149
       -0.0000007248       -0.0482241374        0.0136074189
        0.0000000038       -0.0102259273        0.0057664276
        0.0000000039       -0.0102259261       -0.0057665036
       -0.0000000373        0.0001299713        0.0004938050
       -0.0000000174        0.0001299588       -0.0004938273
       -0.0000000612        0.0145405814        0.0022390614
       -0.0000000624        0.0145405839       -0.0022396411
       -0.0000001074       -0.0032790562       -0.0076388461
       -0.0000001123       -0.0032790498        0.0076388051
        0.0000000189       -0.0001201961        0.0001612901
        0.0000000126       -0.0001201774       -0.0001613085
       -0.0000000261       -0.0004247498       -0.0012044049
       -0.0000000211       -0.0004247574        0.0012043913
       -0.0000001513       -0.0000030575       -0.0500740637
       -0.0000042937        0.0000030963        0.1805499824
       -0.0000000299        0.0079880813        0.0174479338
       -0.0000000287       -0.0079880800        0.0174479126
       -0.0000020611       -0.0243900012       -0.0548424412
       -0.0000020474        0.0243965164       -0.0548424062
       -0.0000000750        0.0160808089       -0.0082946899
       -0.0000000674       -0.0160804625       -0.0082946850
        0.0000000101        0.0008560914       -0.0013579224
        0.0000000151       -0.0008560988       -0.0013579287
       -0.0000000925       -0.0140996787       -0.0189077686
       -0.0000000937        0.0141000163       -0.0189077725
        0.0000000075        0.0008229576        0.0015642176
       -0.0000000024       -0.0008231574        0.0015642225
        0.0000000026        0.0003415576       -0.0000264212
        0.0000000001       -0.0003415424       -0.0000264174
       -0.0000000512       -0.0009767174       -0.0008197437
       -0.0000000612        0.0009766688       -0.0008197562
       -0.0196003175       -0.0000007350       -0.0000020700
        0.0015968326       -0.0000000799       -0.0000000299
        0.0427616848       -0.0000063012       -0.0000044749
        0.0009273464       -0.0000000011       -0.0000000860
       -0.0010208787        0.0000000325       -0.0000000225
        0.0015865714       -0.0000000062       -0.0000000311
        0.0016296389       -0.0000000136        0.0000000151
       -0.0194968973       -0.0000009224       -0.0000025362
       -0.0116623574       -0.0000039074        0.0000002163
       -0.0007780512        0.0000000126        0.0000000064
       -0.0001822724       -0.0000000362        0.0000000114
        0.0020010987       -0.0000001399       -0.0000001037
       -0.0002066549        0.0000000163        0.0000000188
       -0.0000281086        0.0000000338        0.0000000014
        0.0000359588        0.0000000227        0.0000000150
        0.0011824076        0.0000000051       -0.0000000024
       -0.0002045324        0.0000000226        0.0000000252
        0.0014623301       -0.0000000036        0.0000000050
       -0.0000006588       -0.0482241337        0.0243965250
       -0.0000000774       -0.0045255524        0.0079880813
       -0.0000063012        0.1961110874        0.0111409600
        0.0000000250        0.0048128401       -0.0029307086
        0.0000000138       -0.0004335075       -0.0005993937
        0.0000000063       -0.0019070862        0.0001654225
        0.0000000250        0.0003055513       -0.0017429912
       -0.0000008149       -0.0546121837       -0.0343510624
       -0.0000045937       -0.0862224962       -0.0000597150
        0.0000000237        0.0001438850       -0.0002300036
        0.0000000163       -0.0007623799       -0.0006918812
       -0.0000000713       -0.0068216550       -0.0080334849
        0.0000000100        0.0001714800        0.0000194400
       -0.0000000049       -0.0001615238        0.0003911001
        0.0000000001        0.0001907963       -0.0003412875
       -0.0000000436        0.0036174626        0.0047236976
       -0.0000000137        0.0000200075        0.0000140651
       -0.0000000237       -0.0017023937        0.0001485300
       -0.0000021613        0.0136074225       -0.0548424313
       -0.0000001312        0.0143280477        0.0174479338
       -0.0000044749        0.0111409600        0.1730638749
       -0.0000000987        0.0029303363       -0.0215769837
       -0.0000000300        0.0005992188       -0.0240158887
       -0.0000000274        0.0001654163       -0.0089836025
       -0.0000000588       -0.0109992137        0.0053215263
       -0.0000026937       -0.0111570363       -0.0810249462
        0.0000004076        0.0000360638       -0.0183880500
        0.0000000088        0.0004710913        0.0003669588
       -0.0000000750        0.0090123563        0.0045970726
       -0.0000001125       -0.0261896712        0.0127396338
        0.0000000075       -0.0000263712       -0.0003256186
       -0.0000000062       -0.0002460725        0.0001128676
       -0.0000000075        0.0000254801       -0.0001125125
       -0.0000000862       -0.0041839250       -0.0049203025
       -0.0000000200        0.0001444876        0.0000996988
       -0.0000000299        0.0003502888        0.0004431337
       -0.0196003287       -0.0000007299       -0.0000020513
        0.0015968575       -0.0000000711       -0.0000000287
        0.0009273464        0.0000000250       -0.0000000987
        0.0427616673       -0.0000062948       -0.0000044474
        0.0015865876        0.0000000126       -0.0000000149
       -0.0010208711        0.0000000214       -0.0000000011
       -0.0194968649       -0.0000009162       -0.0000025312
        0.0016296314        0.0000000063        0.0000000264
       -0.0007780599        0.0000000239        0.0000000063
       -0.0116623437       -0.0000039100        0.0000002138
        0.0020010863       -0.0000001486       -0.0000000811
       -0.0001822625       -0.0000000261        0.0000000063
       -0.0000281049        0.0000000088        0.0000000114
       -0.0002066349        0.0000000375        0.0000000163
        0.0011824201        0.0000000001       -0.0000000050
        0.0000359501        0.0000000276        0.0000000114
        0.0014623363        0.0000000176        0.0000000189
       -0.0002045275        0.0000000200        0.0000000263
       -0.0000006724       -0.0482241425       -0.0243900325
       -0.0000000887       -0.0045255648       -0.0079880800
       -0.0000000011        0.0048128401        0.0029303363
       -0.0000062948        0.1961110948       -0.0111336836
       -0.0000000062       -0.0019070774       -0.0001654212
        0.0000000151       -0.0004335174        0.0005992089
       -0.0000008312       -0.0546121899        0.0343602651
        0.0000000102        0.0003055476        0.0017430175
        0.0000000077        0.0001438814        0.0002300163
       -0.0000045837       -0.0862225299        0.0000507689
       -0.0000000699       -0.0068216536        0.0080334527
        0.0000000063       -0.0007623761        0.0006918688
       -0.0000000099       -0.0001615499       -0.0003910949
        0.0000000051        0.0001715151       -0.0000194400
       -0.0000000399        0.0036174489       -0.0047239137
       -0.0000000036        0.0001907926        0.0003412826
       -0.0000000274       -0.0017023911       -0.0001485461
       -0.0000000087        0.0000199913       -0.0000140524
       -0.0000021487       -0.0136009999       -0.0548424149
       -0.0000001136       -0.0143277799        0.0174479126
       -0.0000000860       -0.0029307086       -0.0215769837
       -0.0000044474       -0.0111336836        0.1730638498
       -0.0000000237       -0.0001653936       -0.0089835962
       -0.0000000086       -0.0005993811       -0.0240158699
       -0.0000026924        0.0111684813       -0.0810249448
       -0.0000000473        0.0109999613        0.0053215326
        0.0000000089       -0.0004711111        0.0003669851
        0.0000004326       -0.0000440812       -0.0183880411
       -0.0000000961        0.0261905314        0.0127396576
       -0.0000000425       -0.0090116461        0.0045970638
        0.0000000114        0.0002460763        0.0001129001
        0.0000000064        0.0000263826       -0.0003256086
       -0.0000000636        0.0041834989       -0.0049202625
        0.0000000090       -0.0000254748       -0.0001125274
       -0.0000000212       -0.0003503248        0.0004431539
       -0.0000000048       -0.0001444736        0.0000997026
        0.0015968300       -0.0000000812       -0.0000000512
       -0.0196003212       -0.0000007299       -0.0000020611
       -0.0010208787        0.0000000138       -0.0000000300
        0.0015865876       -0.0000000062       -0.0000000237
        0.0427616874       -0.0000063062       -0.0000044737
        0.0009273451       -0.0000000149       -0.0000000900
       -0.0001822787       -0.0000000274        0.0000000000
        0.0020011039       -0.0000001587       -0.0000001037
       -0.0002066373        0.0000000225       -0.0000000025
       -0.0000280887        0.0000000050       -0.0000000049
        0.0016296250       -0.0000000037        0.0000000213
       -0.0194968788       -0.0000009062       -0.0000025450
       -0.0116623724       -0.0000039125        0.0000002201
       -0.0007780599        0.0000000338        0.0000000101
       -0.0002045137        0.0000000139        0.0000000050
        0.0014623276        0.0000000076       -0.0000000149
        0.0000359350        0.0000000101        0.0000000213
        0.0011824038       -0.0000000312       -0.0000000150
       -0.0000000762       -0.0045255500       -0.0079880650
       -0.0000006425       -0.0482241099       -0.0243900012
        0.0000000325       -0.0004335075        0.0005992188
        0.0000000126       -0.0019070774       -0.0001653936
       -0.0000063062        0.1961110674       -0.0111336724
        0.0000000239        0.0048128464        0.0029303625
        0.0000000212       -0.0007623574        0.0006918901
       -0.0000000625       -0.0068216350        0.0080334576
        0.0000000252        0.0001715113       -0.0000194412
        0.0000000213       -0.0001615375       -0.0003910861
        0.0000000412        0.0003055551        0.0017430051
       -0.0000008187       -0.0546121850        0.0343602826
       -0.0000045912       -0.0862225262        0.0000508101
        0.0000000251        0.0001439100        0.0002300376
        0.0000000101        0.0000200288       -0.0000140512
        0.0000000051       -0.0017023749       -0.0001485625
       -0.0000000012        0.0001908101        0.0003413013
       -0.0000000437        0.0036174488       -0.0047239025
       -0.0000001413       -0.0143278049        0.0174479250
       -0.0000021537       -0.0136010149       -0.0548424412
       -0.0000000225       -0.0005993937       -0.0240158887
       -0.0000000149       -0.0001654212       -0.0089835962
       -0.0000044737       -0.0111336724        0.1730638674
       -0.0000000799       -0.0029307237       -0.0215769762
       -0.0000000650       -0.0090116750        0.0045970651
       -0.0000001111        0.0261905075        0.0127396375
        0.0000000139        0.0000263663       -0.0003256100
        0.0000000125        0.0002460563        0.0001128826
       -0.0000000675        0.0109999338        0.0053215414
       -0.0000027113        0.0111684614       -0.0810249450
        0.0000004088       -0.0000440849       -0.0183880362
       -0.0000000112       -0.0004711087        0.0003669776
       -0.0000000099       -0.0001444837        0.0000997063
       -0.0000000249       -0.0003503261        0.0004431076
       -0.0000000200       -0.0000254911       -0.0001125062
       -0.0000000900        0.0041834875       -0.0049202862
        0.0015968326       -0.0000000737       -0.0000000286
       -0.0196003174       -0.0000007248       -0.0000020474
        0.0015865714        0.0000000063       -0.0000000274
       -0.0010208711        0.0000000151       -0.0000000086
        0.0009273451        0.0000000239       -0.0000000799
        0.0427616823       -0.0000063049       -0.0000044649
        0.0020010926       -0.0000001486       -0.0000001012
       -0.0001822787       -0.0000000324       -0.0000000062
       -0.0000280973        0.0000000288        0.0000000076
       -0.0002066149        0.0000000163       -0.0000000073
       -0.0194968674       -0.0000009261       -0.0000025373
        0.0016296551       -0.0000000024        0.0000000176
       -0.0007780962        0.0000000076        0.0000000114
       -0.0116623624       -0.0000038887        0.0000002139
        0.0014623314       -0.0000000011        0.0000000026
       -0.0002045173        0.0000000214       -0.0000000023
        0.0011823988        0.0000000027        0.0000000026
        0.0000359489        0.0000000051        0.0000000076
       -0.0000001074       -0.0045255712        0.0079880800
       -0.0000006687       -0.0482241374        0.0243965164
       -0.0000000062       -0.0019070862        0.0001654163
        0.0000000214       -0.0004335174       -0.0005993811
       -0.0000000149        0.0048128464       -0.0029307237
       -0.0000063049        0.1961111023        0.0111409551
       -0.0000000850       -0.0068216424       -0.0080335074
        0.0000000051       -0.0007623749       -0.0006918862
       -0.0000000061       -0.0001615287        0.0003910813
        0.0000000075        0.0001714788        0.0000194189
       -0.0000008300       -0.0546121873       -0.0343510574
        0.0000000087        0.0003055563       -0.0017430275
       -0.0000000024        0.0001438725       -0.0002299999
       -0.0000045986       -0.0862224924       -0.0000597237
       -0.0000000149       -0.0017023824        0.0001485314
        0.0000000051        0.0000200014        0.0000140476
       -0.0000000686        0.0036174477        0.0047237138
       -0.0000000199        0.0001907776       -0.0003412974
       -0.0000001263        0.0143280763        0.0174479125
       -0.0000021375        0.0136074189       -0.0548424062
       -0.0000000311        0.0001654225       -0.0089836025
       -0.0000000011        0.0005992089       -0.0240158699
       -0.0000000900        0.0029303625       -0.0215769762
       -0.0000044649        0.0111409551        0.1730638549
       -0.0000001074       -0.0261896537        0.0127396288
       -0.0000000586        0.0090123626        0.0045970688
        0.0000000114       -0.0002460687        0.0001128863
        0.0000000188       -0.0000263513       -0.0003256299
       -0.0000027012       -0.0111570337       -0.0810249324
       -0.0000000413       -0.0109992025        0.0053215301
       -0.0000000050        0.0004711175        0.0003669889
        0.0000004150        0.0000360976       -0.0183880312
       -0.0000000087        0.0003503226        0.0004431300
       -0.0000000049        0.0001444914        0.0000996963
       -0.0000000975       -0.0041839099       -0.0049202686
       -0.0000000125        0.0000254875       -0.0001125149
        0.0016314550       -0.0000000562       -0.0000001050
       -0.0016783824        0.0000000038       -0.0000000750
        0.0016296389        0.0000000250       -0.0000000588
       -0.0194968649       -0.0000008312       -0.0000026924
       -0.0001822787        0.0000000212       -0.0000000650
        0.0020010926       -0.0000000850       -0.0000001074
        0.0423392224       -0.0000045074       -0.0000062775
        0.0000080251       -0.0000000287       -0.0000000050
       -0.0000412324        0.0000000151        0.0000000026
        0.0012726738        0.0000000175       -0.0000000724
       -0.0188588987       -0.0000027499        0.0000000014
        0.0000409537       -0.0000000137        0.0000000176
       -0.0000147937       -0.0000000012        0.0000000238
        0.0024238876        0.0000000163        0.0000000000
       -0.0117988424       -0.0000007712       -0.0000029225
       -0.0001675999        0.0000000139       -0.0000000011
        0.0008705638       -0.0000000649        0.0000000238
        0.0000246001       -0.0000000075        0.0000000137
       -0.0000000950        0.0145405738        0.0141000088
       -0.0000000487       -0.0102259273        0.0160808089
       -0.0000000136        0.0003055513       -0.0109992137
       -0.0000009162       -0.0546121899        0.0111684813
       -0.0000000274       -0.0007623574       -0.0090116750
       -0.0000001486       -0.0068216424       -0.0261896537
       -0.0000045074        0.1689806999        0.0072135663
       -0.0000000337        0.0081210300        0.0046898488
       -0.0000000024       -0.0000274887       -0.0000990200
       -0.0000001037       -0.0029795400        0.0079121826
       -0.0000027538       -0.0710142749        0.0119540826
       -0.0000000275       -0.0080998687        0.0040613638
       -0.0000000124        0.0001085638       -0.0000594112
       -0.0000000674        0.0001602813       -0.0006041349
       -0.0000007999       -0.0354001249       -0.0295433399
       -0.0000000136        0.0000616351       -0.0000319736
       -0.0000000137       -0.0022335362       -0.0007135387
       -0.0000000150       -0.0001003137        0.0000869625
       -0.0000001075       -0.0022396399       -0.0189077863
        0.0000000014        0.0057664276       -0.0082946899
        0.0000000151       -0.0017429912        0.0053215263
       -0.0000025312        0.0343602651       -0.0810249448
        0.0000000000        0.0006918901        0.0045970651
       -0.0000001012       -0.0080335074        0.0127396288
       -0.0000062775        0.0072135663        0.1977709299
       -0.0000000199       -0.0046898037       -0.0025114812
        0.0000000051        0.0001217801        0.0000702263
        0.0000000151       -0.0009633962        0.0017513838
        0.0000000151       -0.0119605486       -0.0383925462
        0.0000000137        0.0040613726       -0.0026487012
        0.0000000063       -0.0000699924        0.0000208426
       -0.0000000062       -0.0008984775       -0.0013191036
       -0.0000034262       -0.0296935037       -0.0702143613
        0.0000000026       -0.0000976674       -0.0001497512
       -0.0000000799        0.0081343401        0.0012131864
       -0.0000000049        0.0000506400       -0.0000209675
        0.0016314701       -0.0000000637       -0.0000001012
       -0.0016783874        0.0000000039       -0.0000000674
       -0.0194968973       -0.0000008149       -0.0000026937
        0.0016296314        0.0000000102       -0.0000000473
        0.0020011039       -0.0000000625       -0.0000001111
       -0.0001822787        0.0000000051       -0.0000000586
        0.0000080251       -0.0000000337       -0.0000000199
        0.0423392173       -0.0000045174       -0.0000062699
        0.0012726726        0.0000000214       -0.0000000612
       -0.0000412137       -0.0000000024       -0.0000000036
        0.0000409363       -0.0000000174        0.0000000364
       -0.0188588974       -0.0000027437       -0.0000000074
        0.0024238726       -0.0000000186        0.0000000139
       -0.0000147762        0.0000000213        0.0000000089
       -0.0001675861        0.0000000077       -0.0000000049
       -0.0117988486       -0.0000007824       -0.0000029411
        0.0000245863        0.0000000151        0.0000000226
        0.0008705651       -0.0000000724        0.0000000213
       -0.0000001000        0.0145405838       -0.0140996850
       -0.0000000412       -0.0102259261       -0.0160804625
       -0.0000009224       -0.0546121837       -0.0111570363
        0.0000000063        0.0003055476        0.0109999613
       -0.0000001587       -0.0068216350        0.0261905075
       -0.0000000324       -0.0007623749        0.0090123626
       -0.0000000287        0.0081210300       -0.0046898037
       -0.0000045174        0.1689806949       -0.0072010312
       -0.0000001149       -0.0029795450       -0.0079122587
        0.0000000088       -0.0000274975        0.0000990189
       -0.0000000137       -0.0080998687       -0.0040613587
       -0.0000027551       -0.0710142775       -0.0119605412
       -0.0000000625        0.0001602525        0.0006041538
       -0.0000000024        0.0001085738        0.0000594189
       -0.0000000087        0.0000616438        0.0000319525
       -0.0000008024       -0.0354001162        0.0295516750
       -0.0000000124       -0.0001003149       -0.0000869462
       -0.0000000099       -0.0022335387        0.0007132751
       -0.0000001075        0.0022390625       -0.0189077912
        0.0000000000       -0.0057665036       -0.0082946850
       -0.0000025362       -0.0343510624       -0.0810249462
        0.0000000264        0.0017430175        0.0053215326
       -0.0000001037        0.0080334576        0.0127396375
       -0.0000000062       -0.0006918862        0.0045970688
       -0.0000000050        0.0046898488       -0.0025114812
       -0.0000062699       -0.0072010312        0.1977709249
        0.0000000200        0.0009631725        0.0017513975
        0.0000000212       -0.0001217663        0.0000702338
        0.0000000388       -0.0040613612       -0.0026486912
        0.0000000062        0.0119540800       -0.0383925525
       -0.0000000050        0.0008984963       -0.0013190962
        0.0000000126        0.0000700113        0.0000208313
        0.0000000050        0.0000976688       -0.0001497275
       -0.0000034162        0.0297013663       -0.0702143650
       -0.0000000137       -0.0000506349       -0.0000209612
       -0.0000000900       -0.0081343149        0.0012131788
        0.0009843963       -0.0000001112       -0.0000000037
        0.0014104113       -0.0000000373        0.0000000101
       -0.0116623574       -0.0000045937        0.0000004076
       -0.0007780599        0.0000000077        0.0000000089
       -0.0002066373        0.0000000252        0.0000000139
       -0.0000280973       -0.0000000061        0.0000000114
       -0.0000412324       -0.0000000024        0.0000000051
        0.0012726726       -0.0000001149        0.0000000200
        0.0082212023       -0.0000040737        0.0000002976
        0.0000610176       -0.0000000012       -0.0000000074
       -0.0000147799        0.0000000051        0.0000000151
        0.0024238875       -0.0000000462       -0.0000000124
       -0.0002623512        0.0000000076        0.0000000188
        0.0000438239        0.0000000176       -0.0000000048
        0.0000440264        0.0000000151        0.0000000038
       -0.0014896736        0.0000000126       -0.0000000048
        0.0000140851        0.0000000139        0.0000000227
        0.0000081626       -0.0000000011        0.0000000151
       -0.0000000150       -0.0032790537       -0.0008231850
       -0.0000000099        0.0001299713        0.0008560914
       -0.0000039074       -0.0862224962        0.0000360638
        0.0000000239        0.0001438814       -0.0004711111
        0.0000000225        0.0001715113        0.0000263663
        0.0000000288       -0.0001615287       -0.0002460687
        0.0000000151       -0.0000274887        0.0001217801
        0.0000000214       -0.0029795450        0.0009631725
       -0.0000040737        0.0917253548        0.0002074925
        0.0000000176        0.0002188688        0.0001625339
        0.0000000100        0.0001085639        0.0000700114
       -0.0000000075        0.0001602776       -0.0008985149
        0.0000000013       -0.0000229762       -0.0000041386
        0.0000000050       -0.0000332687        0.0000608813
       -0.0000000036       -0.0000044749        0.0000172226
        0.0000000039        0.0002451514       -0.0001420687
        0.0000000001        0.0000144451        0.0000110626
        0.0000000026       -0.0001870212        0.0000443600
       -0.0000000851        0.0076387913        0.0015642225
       -0.0000000063        0.0004938050       -0.0013579224
        0.0000002163       -0.0000597150       -0.0183880500
        0.0000000063        0.0002300163        0.0003669851
       -0.0000000025       -0.0000194412       -0.0003256100
        0.0000000076        0.0003910813        0.0001128863
        0.0000000026       -0.0000990200        0.0000702263
       -0.0000000612       -0.0079122587        0.0017513975
        0.0000002976        0.0002074925        0.0174364274
        0.0000000288       -0.0001625525       -0.0001511336
        0.0000000075        0.0000594163        0.0000208501
        0.0000000012       -0.0006041474       -0.0013191162
        0.0000000038        0.0000041488        0.0000378213
       -0.0000000024        0.0000608838       -0.0001098262
        0.0000000038       -0.0000046149       -0.0000002438
        0.0000000126        0.0001848251        0.0002760626
       -0.0000000050       -0.0000160149       -0.0000048475
       -0.0000000124       -0.0004009562        0.0000197813
        0.0009844013       -0.0000000887        0.0000000138
        0.0014104325       -0.0000000174        0.0000000151
       -0.0007780512        0.0000000237        0.0000000088
       -0.0116623437       -0.0000045837        0.0000004326
       -0.0000280887        0.0000000213        0.0000000125
       -0.0002066149        0.0000000075        0.0000000188
        0.0012726738       -0.0000001037        0.0000000151
       -0.0000412137        0.0000000088        0.0000000212
        0.0000610176        0.0000000176        0.0000000288
        0.0082211899       -0.0000040713        0.0000003088
        0.0024238962       -0.0000000399        0.0000000139
       -0.0000147750        0.0000000100        0.0000000225
        0.0000438175        0.0000000075        0.0000000301
       -0.0002623400        0.0000000388        0.0000000226
       -0.0014896587        0.0000000350        0.0000000212
        0.0000440313        0.0000000238        0.0000000151
        0.0000081613        0.0000000226        0.0000000276
        0.0000140950        0.0000000050        0.0000000188
       -0.0000000213       -0.0032790588        0.0008229550
       -0.0000000212        0.0001299588       -0.0008560988
        0.0000000126        0.0001438850        0.0004710913
       -0.0000039100       -0.0862225299       -0.0000440812
        0.0000000050       -0.0001615375        0.0002460563
        0.0000000163        0.0001714788       -0.0000263513
        0.0000000175       -0.0029795400       -0.0009633962
       -0.0000000024       -0.0000274975       -0.0001217663
       -0.0000000012        0.0002188688       -0.0001625525
       -0.0000040713        0.0917253725       -0.0002150450
       -0.0000000138        0.0001602638        0.0008984925
       -0.0000000038        0.0001085675       -0.0000699800
       -0.0000000112       -0.0000332975       -0.0000608800
        0.0000000076       -0.0000229725        0.0000041362
       -0.0000000075        0.0002451400        0.0001420850
        0.0000000088       -0.0000044750       -0.0000172462
       -0.0000000225       -0.0001870237       -0.0000443450
       -0.0000000188        0.0000144000       -0.0000110676
       -0.0000000712       -0.0076388612        0.0015641963
        0.0000000001       -0.0004938273       -0.0013579287
        0.0000000064       -0.0002300036        0.0003669588
        0.0000002138        0.0000507689       -0.0183880411
       -0.0000000049       -0.0003910861        0.0001128826
       -0.0000000073        0.0000194189       -0.0003256299
       -0.0000000724        0.0079121826        0.0017513838
       -0.0000000036        0.0000990189        0.0000702338
       -0.0000000074        0.0001625339       -0.0001511336
        0.0000003088       -0.0002150450        0.0174364398
       -0.0000000024        0.0006041351       -0.0013191148
       -0.0000000063       -0.0000594137        0.0000208363
       -0.0000000136       -0.0000608849       -0.0001098324
        0.0000000026       -0.0000041374        0.0000378127
        0.0000000039       -0.0001847411        0.0002760714
       -0.0000000048        0.0000046276       -0.0000002586
       -0.0000000161        0.0004009539        0.0000197814
       -0.0000000136        0.0000160102       -0.0000048737
       -0.0016783751       -0.0000000037       -0.0000000787
        0.0016314613       -0.0000000612       -0.0000000925
       -0.0001822724        0.0000000163       -0.0000000750
        0.0020010863       -0.0000000699       -0.0000000961
        0.0016296250        0.0000000412       -0.0000000675
       -0.0194968674       -0.0000008300       -0.0000027012
       -0.0188588987       -0.0000027538        0.0000000151
        0.0000409363       -0.0000000137        0.0000000388
       -0.0000147799        0.0000000100        0.0000000075
        0.0024238962       -0.0000000138       -0.0000000024
        0.0423392174       -0.0000045075       -0.0000062699
        0.0000080200       -0.0000000338       -0.0000000087
       -0.0000412400       -0.0000000038        0.0000000113
        0.0012726638        0.0000000426       -0.0000000599
        0.0008705638       -0.0000000536        0.0000000138
        0.0000245988        0.0000000188       -0.0000000012
       -0.0117988600       -0.0000007774       -0.0000029137
       -0.0001676050       -0.0000000063        0.0000000125
       -0.0000000537       -0.0102259275       -0.0160804699
       -0.0000001049        0.0145405814       -0.0140996787
       -0.0000000362       -0.0007623799        0.0090123563
       -0.0000001486       -0.0068216536        0.0261905314
       -0.0000000037        0.0003055551        0.0109999338
       -0.0000009261       -0.0546121873       -0.0111570337
       -0.0000027499       -0.0710142749       -0.0119605486
       -0.0000000174       -0.0080998687       -0.0040613612
        0.0000000051        0.0001085639        0.0000594163
       -0.0000000399        0.0001602638        0.0006041351
       -0.0000045075        0.1689806973       -0.0072010248
       -0.0000000325        0.0081210376       -0.0046898287
       -0.0000000050       -0.0000274849        0.0000990239
       -0.0000001161       -0.0029795087       -0.0079122374
        0.0000000001       -0.0022335487        0.0007132826
        0.0000000039       -0.0001003074       -0.0000869612
       -0.0000008136       -0.0354001173        0.0295516926
       -0.0000000199        0.0000616226        0.0000319538
        0.0000000038       -0.0057665099       -0.0082946762
       -0.0000000924        0.0022390614       -0.0189077686
        0.0000000114       -0.0006918812        0.0045970726
       -0.0000000811        0.0080334527        0.0127396576
        0.0000000213        0.0017430051        0.0053215414
       -0.0000025373       -0.0343510574       -0.0810249324
        0.0000000014        0.0119540826       -0.0383925462
        0.0000000364       -0.0040613587       -0.0026486912
        0.0000000151        0.0000700114        0.0000208501
        0.0000000139        0.0008984925       -0.0013191148
       -0.0000062699       -0.0072010248        0.1977709198
       -0.0000000024        0.0046898538       -0.0025114937
        0.0000000114       -0.0001217474        0.0000702464
        0.0000000026        0.0009631888        0.0017514013
       -0.0000000649       -0.0081343237        0.0012131776
        0.0000000026       -0.0000506174       -0.0000209761
       -0.0000034436        0.0297013639       -0.0702143499
       -0.0000000086        0.0000976701       -0.0001497325
       -0.0016783825        0.0000000075       -0.0000000738
        0.0016314674       -0.0000000624       -0.0000000937
        0.0020010987       -0.0000000713       -0.0000001125
       -0.0001822625        0.0000000063       -0.0000000425
       -0.0194968788       -0.0000008187       -0.0000027113
        0.0016296551        0.0000000087       -0.0000000413
        0.0000409537       -0.0000000275        0.0000000137
       -0.0188588974       -0.0000027551        0.0000000062
        0.0024238875       -0.0000000075        0.0000000012
       -0.0000147750       -0.0000000038       -0.0000000063
        0.0000080200       -0.0000000325       -0.0000000024
        0.0423392200       -0.0000045113       -0.0000062762
        0.0012726525        0.0000000263       -0.0000000500
       -0.0000412200        0.0000000312        0.0000000013
        0.0000246100        0.0000000026        0.0000000124
        0.0008705725       -0.0000000600        0.0000000125
       -0.0001676038        0.0000000163        0.0000000100
       -0.0117988463       -0.0000007913       -0.0000029301
       -0.0000000513       -0.0102259224        0.0160808063
       -0.0000001025        0.0145405839        0.0141000163
       -0.0000001399       -0.0068216550       -0.0261896712
       -0.0000000261       -0.0007623761       -0.0090116461
       -0.0000009062       -0.0546121850        0.0111684614
       -0.0000000024        0.0003055563       -0.0109992025
       -0.0000000137       -0.0080998687        0.0040613726
       -0.0000027437       -0.0710142775        0.0119540800
       -0.0000000462        0.0001602776       -0.0006041474
        0.0000000100        0.0001085675       -0.0000594137
       -0.0000000338        0.0081210376        0.0046898538
       -0.0000045113        0.1689806949        0.0072135700
       -0.0000001300       -0.0029795437        0.0079122064
        0.0000000063       -0.0000274687       -0.0000990038
        0.0000000076       -0.0001003087        0.0000869563
        0.0000000089       -0.0022335286       -0.0007135574
       -0.0000000287        0.0000616389       -0.0000319524
       -0.0000008087       -0.0354001337       -0.0295433175
       -0.0000000112        0.0057664263       -0.0082946912
       -0.0000001099       -0.0022396411       -0.0189077725
       -0.0000001037       -0.0080334849        0.0127396338
        0.0000000063        0.0006918688        0.0045970638
       -0.0000025450        0.0343602826       -0.0810249450
        0.0000000176       -0.0017430275        0.0053215301
        0.0000000176        0.0040613638       -0.0026487012
       -0.0000000074       -0.0119605412       -0.0383925525
       -0.0000000124       -0.0008985149       -0.0013191162
        0.0000000225       -0.0000699800        0.0000208363
       -0.0000000087       -0.0046898287       -0.0025114937
       -0.0000062762        0.0072135700        0.1977709374
       -0.0000000012       -0.0009634075        0.0017513926
        0.0000000026        0.0001217737        0.0000702251
       -0.0000000011        0.0000506338       -0.0000209712
       -0.0000000787        0.0081343551        0.0012131663
       -0.0000000188       -0.0000976812       -0.0001497499
       -0.0000034387       -0.0296935212       -0.0702143687
        0.0014103976       -0.0000000450        0.0000000038
        0.0009843950       -0.0000001074        0.0000000075
       -0.0002066549        0.0000000100        0.0000000075
       -0.0000281049       -0.0000000099        0.0000000114
       -0.0116623724       -0.0000045912        0.0000004088
       -0.0007780962       -0.0000000024       -0.0000000050
       -0.0000147937       -0.0000000124        0.0000000063
        0.0024238726       -0.0000000625       -0.0000000050
       -0.0002623512        0.0000000013        0.0000000038
        0.0000438175       -0.0000000112       -0.0000000136
       -0.0000412400       -0.0000000050        0.0000000114
        0.0012726525       -0.0000001300       -0.0000000012
        0.0082212249       -0.0000041000        0.0000002950
        0.0000609851        0.0000000125       -0.0000000037
        0.0000140925       -0.0000000112        0.0000000050
        0.0000081614        0.0000000063       -0.0000000087
        0.0000439925        0.0000000001        0.0000000113
       -0.0014896962        0.0000000013        0.0000000026
       -0.0000000287        0.0001299600       -0.0008560924
       -0.0000000200       -0.0032790562        0.0008229576
        0.0000000163        0.0001714800       -0.0000263712
        0.0000000088       -0.0001615499        0.0002460763
       -0.0000039125       -0.0862225262       -0.0000440849
        0.0000000076        0.0001438725        0.0004711175
       -0.0000000012        0.0001085638       -0.0000699924
       -0.0000000186        0.0001602525        0.0008984963
        0.0000000076       -0.0000229762        0.0000041488
        0.0000000075       -0.0000332975       -0.0000608849
       -0.0000000038       -0.0000274849       -0.0001217474
        0.0000000263       -0.0029795437       -0.0009634075
       -0.0000041000        0.0917253699       -0.0002150187
       -0.0000000024        0.0002188838       -0.0001625612
       -0.0000000037        0.0000144213       -0.0000110676
        0.0000000075       -0.0001870149       -0.0000443599
       -0.0000000087       -0.0000044749       -0.0000172174
       -0.0000000137        0.0002451213        0.0001420950
       -0.0000000087       -0.0004938112       -0.0013579262
       -0.0000000600       -0.0076388461        0.0015642176
        0.0000000188        0.0000194400       -0.0003256186
        0.0000000114       -0.0003910949        0.0001129001
        0.0000002201        0.0000508101       -0.0183880362
        0.0000000114       -0.0002299999        0.0003669889
        0.0000000238       -0.0000594112        0.0000208426
        0.0000000139        0.0006041538       -0.0013190962
        0.0000000188       -0.0000041386        0.0000378213
        0.0000000301       -0.0000608800       -0.0001098324
        0.0000000113        0.0000990239        0.0000702464
       -0.0000000500        0.0079122064        0.0017513926
        0.0000002950       -0.0002150187        0.0174364123
        0.0000000101        0.0001625651       -0.0001511286
        0.0000000063        0.0000160276       -0.0000048550
        0.0000000176        0.0004009789        0.0000197888
       -0.0000000075        0.0000046426       -0.0000002349
       -0.0000000050       -0.0001847324        0.0002760638
        0.0014104150       -0.0000000387       -0.0000000062
        0.0009843914       -0.0000001123       -0.0000000024
       -0.0000281086       -0.0000000049       -0.0000000062
       -0.0002066349        0.0000000051        0.0000000064
       -0.0007780599        0.0000000251       -0.0000000112
       -0.0116623624       -0.0000045986        0.0000004150
        0.0024238876       -0.0000000674       -0.0000000062
       -0.0000147762       -0.0000000024        0.0000000126
        0.0000438239        0.0000000050       -0.0000000024
       -0.0002623400        0.0000000076        0.0000000026
        0.0012726638       -0.0000001161        0.0000000026
       -0.0000412200        0.0000000063        0.0000000026
        0.0000609851       -0.0000000024        0.0000000101
        0.0082212098       -0.0000040649        0.0000002938
        0.0000081676        0.0000000151        0.0000000138
        0.0000140813        0.0000000101       -0.0000000011
       -0.0014896862        0.0000000176        0.0000000126
        0.0000440126       -0.0000000124        0.0000000113
       -0.0000000075        0.0001299851        0.0008560851
        0.0000000200       -0.0032790498       -0.0008231574
        0.0000000338       -0.0001615238       -0.0002460725
        0.0000000375        0.0001715151        0.0000263826
        0.0000000338        0.0001439100       -0.0004711087
       -0.0000038887       -0.0862224924        0.0000360976
        0.0000000163        0.0001602813       -0.0008984775
        0.0000000213        0.0001085738        0.0000700113
        0.0000000176       -0.0000332687        0.0000608838
        0.0000000388       -0.0000229725       -0.0000041374
        0.0000000426       -0.0029795087        0.0009631888
        0.0000000312       -0.0000274687        0.0001217737
        0.0000000125        0.0002188838        0.0001625651
       -0.0000040649        0.0917253274        0.0002075112
        0.0000000176       -0.0001870125        0.0000443675
        0.0000000200        0.0000144438        0.0000110588
       -0.0000000012        0.0002451676       -0.0001420563
        0.0000000075       -0.0000044624        0.0000172362
       -0.0000000075        0.0004938100       -0.0013579212
       -0.0000000712        0.0076388051        0.0015642225
        0.0000000014        0.0003911001        0.0001128676
        0.0000000163       -0.0000194400       -0.0003256086
        0.0000000101        0.0002300376        0.0003669776
        0.0000002139       -0.0000597237       -0.0183880312
        0.0000000000       -0.0006041349       -0.0013191036
        0.0000000089        0.0000594189        0.0000208313
       -0.0000000048        0.0000608813       -0.0001098262
        0.0000000226        0.0000041362        0.0000378127
       -0.0000000599       -0.0079122374        0.0017514013
        0.0000000013       -0.0000990038        0.0000702251
       -0.0000000037       -0.0001625612       -0.0001511286
        0.0000002938        0.0002075112        0.0174364249
        0.0000000026       -0.0004009674        0.0000197938
        0.0000000076       -0.0000160137       -0.0000048649
        0.0000000026        0.0001848127        0.0002760650
       -0.0000000075       -0.0000046236       -0.0000002562
        0.0026284300       -0.0000000112       -0.0000000487
       -0.0001885137        0.0000000189        0.0000000026
        0.0000359588        0.0000000001       -0.0000000075
        0.0011824201       -0.0000000399       -0.0000000636
       -0.0002045137        0.0000000101       -0.0000000099
        0.0014623314       -0.0000000149       -0.0000000087
       -0.0117988424       -0.0000007999       -0.0000034262
       -0.0001675861       -0.0000000087        0.0000000050
        0.0000440264       -0.0000000036        0.0000000038
       -0.0014896587       -0.0000000075        0.0000000039
        0.0008705638        0.0000000001       -0.0000000649
        0.0000246100        0.0000000076       -0.0000000011
        0.0000140925       -0.0000000037        0.0000000063
        0.0000081676        0.0000000176        0.0000000026
        0.0083329049       -0.0000007786       -0.0000030350
       -0.0000049549        0.0000000076       -0.0000000024
       -0.0007632275       -0.0000000023        0.0000000151
        0.0000142601       -0.0000000124        0.0000000088
       -0.0000000099       -0.0004247537        0.0009766775
       -0.0000000112       -0.0001201961        0.0003415576
        0.0000000227        0.0001907963        0.0000254801
        0.0000000001        0.0036174489        0.0041834989
        0.0000000139        0.0000200288       -0.0001444837
       -0.0000000011       -0.0017023824        0.0003503226
       -0.0000007712       -0.0354001249       -0.0296935037
        0.0000000077        0.0000616438        0.0000976688
        0.0000000151       -0.0000044749       -0.0000046149
        0.0000000350        0.0002451400       -0.0001847411
       -0.0000000536       -0.0022335487       -0.0081343237
        0.0000000026       -0.0001003087        0.0000506338
       -0.0000000112        0.0000144213        0.0000160276
        0.0000000151       -0.0001870125       -0.0004009674
       -0.0000007786        0.0357210298        0.0323139451
        0.0000000051        0.0000144176        0.0000189164
       -0.0000000112        0.0002872601        0.0001992639
        0.0000000014        0.0000008026       -0.0000040338
       -0.0000000237        0.0012043862       -0.0008197475
       -0.0000000037        0.0001612901       -0.0000264212
        0.0000000150       -0.0003412875       -0.0001125125
       -0.0000000050       -0.0047239137       -0.0049202625
        0.0000000050       -0.0000140512        0.0000997063
        0.0000000026        0.0001485314        0.0004431300
       -0.0000029225       -0.0295433399       -0.0702143613
       -0.0000000049        0.0000319525       -0.0001497275
        0.0000000038        0.0000172226       -0.0000002438
        0.0000000212        0.0001420850        0.0002760714
        0.0000000138        0.0007132826        0.0012131776
        0.0000000124        0.0000869563       -0.0000209712
        0.0000000050       -0.0000110676       -0.0000048550
        0.0000000138        0.0000443675        0.0000197938
       -0.0000030350        0.0323139451        0.0740622799
        0.0000000014       -0.0000188975       -0.0000338874
       -0.0000000063       -0.0001992287        0.0001956901
        0.0000000075       -0.0000040399       -0.0000065200
        0.0026284226        0.0000000001       -0.0000000387
       -0.0001885099        0.0000000126        0.0000000001
        0.0011824076       -0.0000000436       -0.0000000862
        0.0000359501       -0.0000000036        0.0000000090
        0.0014623276        0.0000000051       -0.0000000249
       -0.0002045173        0.0000000051       -0.0000000049
       -0.0001675999       -0.0000000136        0.0000000026
       -0.0117988486       -0.0000008024       -0.0000034162
       -0.0014896736        0.0000000039        0.0000000126
        0.0000440313        0.0000000088       -0.0000000048
        0.0000245988        0.0000000039        0.0000000026
        0.0008705725        0.0000000089       -0.0000000787
        0.0000081614        0.0000000075        0.0000000176
        0.0000140813        0.0000000200        0.0000000076
       -0.0000049549        0.0000000051        0.0000000014
        0.0083329148       -0.0000007724       -0.0000030461
        0.0000142439        0.0000000101        0.0000000126
       -0.0007632212       -0.0000000061        0.0000000225
       -0.0000000012       -0.0004247374       -0.0009767199
        0.0000000026       -0.0001201774       -0.0003415424
        0.0000000051        0.0036174626       -0.0041839250
        0.0000000276        0.0001907926       -0.0000254748
        0.0000000076       -0.0017023749       -0.0003503261
        0.0000000214        0.0000200014        0.0001444914
        0.0000000139        0.0000616351       -0.0000976674
       -0.0000007824       -0.0354001162        0.0297013663
        0.0000000126        0.0002451514        0.0001848251
        0.0000000238       -0.0000044750        0.0000046276
        0.0000000188       -0.0001003074       -0.0000506174
       -0.0000000600       -0.0022335286        0.0081343551
        0.0000000063       -0.0001870149        0.0004009789
        0.0000000101        0.0000144438       -0.0000160137
        0.0000000076        0.0000144176       -0.0000188975
       -0.0000007724        0.0357210173       -0.0323058487
       -0.0000000012        0.0000008189        0.0000040463
        0.0000000050        0.0002872525       -0.0001992250
       -0.0000000325       -0.0012044188       -0.0008197612
       -0.0000000149       -0.0001613085       -0.0000264174
       -0.0000000024        0.0047236976       -0.0049203025
        0.0000000114        0.0003412826       -0.0001125274
       -0.0000000149       -0.0001485625        0.0004431076
       -0.0000000023        0.0000140476        0.0000996963
       -0.0000000011       -0.0000319736       -0.0001497512
       -0.0000029411        0.0295516750       -0.0702143650
       -0.0000000048       -0.0001420687        0.0002760626
        0.0000000151       -0.0000172462       -0.0000002586
       -0.0000000012       -0.0000869612       -0.0000209761
        0.0000000125       -0.0007135574        0.0012131663
       -0.0000000087       -0.0000443599        0.0000197888
       -0.0000000011        0.0000110588       -0.0000048649
       -0.0000000024        0.0000189164       -0.0000338874
       -0.0000030461       -0.0323058487        0.0740622998
       -0.0000000175        0.0000040464       -0.0000065212
       -0.0000000137        0.0001992313        0.0001956763
       -0.0001885338        0.0000000000       -0.0000000325
        0.0026284101       -0.0000000261       -0.0000000512
       -0.0002045324       -0.0000000137       -0.0000000200
        0.0014623363       -0.0000000274       -0.0000000212
        0.0000359350       -0.0000000012       -0.0000000200
        0.0011823988       -0.0000000686       -0.0000000975
        0.0008705638       -0.0000000137       -0.0000000799
        0.0000245863       -0.0000000124       -0.0000000137
        0.0000140851        0.0000000001       -0.0000000050
        0.0000081613       -0.0000000225       -0.0000000161
       -0.0117988600       -0.0000008136       -0.0000034436
       -0.0001676038       -0.0000000287       -0.0000000188
        0.0000439925       -0.0000000087       -0.0000000075
       -0.0014896862       -0.0000000012        0.0000000026
       -0.0007632275       -0.0000000112       -0.0000000063
        0.0000142439       -0.0000000012       -0.0000000175
        0.0083329374       -0.0000007824       -0.0000030537
       -0.0000049875       -0.0000000212       -0.0000000112
       -0.0000000050       -0.0001201862       -0.0003415437
       -0.0000000012       -0.0004247498       -0.0009767174
        0.0000000226        0.0000200075        0.0001444876
        0.0000000176       -0.0017023911       -0.0003503248
        0.0000000101        0.0001908101       -0.0000254911
        0.0000000027        0.0036174477       -0.0041839099
       -0.0000000649       -0.0022335362        0.0081343401
        0.0000000151       -0.0001003149       -0.0000506349
        0.0000000139        0.0000144451       -0.0000160149
        0.0000000226       -0.0001870237        0.0004009539
       -0.0000007774       -0.0354001173        0.0297013639
        0.0000000163        0.0000616389       -0.0000976812
        0.0000000001       -0.0000044749        0.0000046426
        0.0000000176        0.0002451676        0.0001848127
       -0.0000000023        0.0002872601       -0.0001992287
        0.0000000101        0.0000008189        0.0000040464
       -0.0000007824        0.0357210223       -0.0323058274
       -0.0000000049        0.0000144001       -0.0000189112
       -0.0000000112       -0.0001612963       -0.0000264188
       -0.0000000137       -0.0012044049       -0.0008197437
        0.0000000252        0.0000140651        0.0000996988
        0.0000000189       -0.0001485461        0.0004431539
        0.0000000213        0.0003413013       -0.0001125062
        0.0000000026        0.0047237138       -0.0049202686
        0.0000000238       -0.0007135387        0.0012131864
        0.0000000226       -0.0000869462       -0.0000209612
        0.0000000227        0.0000110626       -0.0000048475
        0.0000000276       -0.0000443450        0.0000197814
       -0.0000029137        0.0295516926       -0.0702143499
        0.0000000100       -0.0000319524       -0.0001497499
        0.0000000113       -0.0000172174       -0.0000002349
        0.0000000126       -0.0001420563        0.0002760650
        0.0000000151        0.0001992639        0.0001956901
        0.0000000126        0.0000040463       -0.0000065212
       -0.0000030537       -0.0323058274        0.0740622698
       -0.0000000074        0.0000189163       -0.0000338675
       -0.0001885387       -0.0000000038       -0.0000000337
        0.0026284326       -0.0000000211       -0.0000000612
        0.0014623301       -0.0000000237       -0.0000000299
       -0.0002045275       -0.0000000087       -0.0000000048
        0.0011824038       -0.0000000437       -0.0000000900
        0.0000359489       -0.0000000199       -0.0000000125
        0.0000246001       -0.0000000150       -0.0000000049
        0.0008705651       -0.0000000099       -0.0000000900
        0.0000081626        0.0000000026       -0.0000000124
        0.0000140950       -0.0000000188       -0.0000000136
       -0.0001676050       -0.0000000199       -0.0000000086
       -0.0117988463       -0.0000008087       -0.0000034387
       -0.0014896962       -0.0000000137       -0.0000000050
        0.0000440126        0.0000000075       -0.0000000075
        0.0000142601        0.0000000014        0.0000000075
       -0.0007632212        0.0000000050       -0.0000000137
       -0.0000049875       -0.0000000049       -0.0000000074
        0.0083329299       -0.0000008000       -0.0000030425
       -0.0000000187       -0.0001201950        0.0003415438
       -0.0000000124       -0.0004247574        0.0009766688
       -0.0000000036       -0.0017023937        0.0003502888
        0.0000000200        0.0000199913       -0.0001444736
       -0.0000000312        0.0036174488        0.0041834875
        0.0000000051        0.0001907776        0.0000254875
       -0.0000000075       -0.0001003137        0.0000506400
       -0.0000000724       -0.0022335387       -0.0081343149
       -0.0000000011       -0.0001870212       -0.0004009562
        0.0000000050        0.0000144000        0.0000160102
       -0.0000000063        0.0000616226        0.0000976701
       -0.0000007913       -0.0354001337       -0.0296935212
        0.0000000013        0.0002451213       -0.0001847324
       -0.0000000124       -0.0000044624       -0.0000046236
       -0.0000000124        0.0000008026       -0.0000040399
       -0.0000000061        0.0002872525        0.0001992313
       -0.0000000212        0.0000144001        0.0000189163
       -0.0000008000        0.0357210499        0.0323139300
       -0.0000000138        0.0001612963       -0.0000264200
       -0.0000000162        0.0012043913       -0.0008197562
        0.0000000050        0.0001485300        0.0004431337
        0.0000000263       -0.0000140524        0.0000997026
       -0.0000000150       -0.0047239025       -0.0049202862
        0.0000000076       -0.0003412974       -0.0001125149
        0.0000000137        0.0000869625       -0.0000209675
        0.0000000213        0.0007132751        0.0012131788
        0.0000000151        0.0000443600        0.0000197813
        0.0000000188       -0.0000110676       -0.0000048737
        0.0000000125        0.0000319538       -0.0001497325
       -0.0000029301       -0.0295433175       -0.0702143687
        0.0000000026        0.0001420950        0.0002760638
        0.0000000113        0.0000172362       -0.0000002562
        0.0000000088       -0.0000040338       -0.0000065200
        0.0000000225       -0.0001992250        0.0001956763
       -0.0000000112       -0.0000189112       -0.0000338675
       -0.0000030425        0.0323139300        0.0740622799
