    5   15
        1.2585521836        0.0000667683       -0.0000440514
       -0.5910702271        0.2789168377       -0.0000213765
       -0.5910702725       -0.2788469919       -0.0000207763
       -0.0382059466       -0.0000014415       -0.0000017917
       -0.0382059318       -0.0000014711       -0.0000017417
        0.0000667683        0.5941192717        0.0000026841
        0.2603815790       -0.2228708615       -0.0000055059
       -0.2603124915       -0.2228709559       -0.0000048556
       -0.0000014006       -0.0741889608       -0.0478751406
       -0.0000014370       -0.0741889596        0.0478885750
       -0.0000440514        0.0000026841        0.3001081518
       -0.0000196212       -0.0000054013       -0.0702277907
       -0.0000196519       -0.0000055559       -0.0702271495
       -0.0000017860       -0.0360075353       -0.0798261999
       -0.0000018224        0.0360211357       -0.0798262113
       -0.5910702271        0.2603815790       -0.0000196212
        0.6027513518       -0.2869480807       -0.0000204705
       -0.0166198822        0.0230632588        0.0000003149
        0.0024692383        0.0017867796       -0.0011980205
        0.0024692338        0.0017867603        0.0011980501
        0.2789168377       -0.2228708615       -0.0000054013
       -0.2869480807        0.2174097312       -0.0000038699
       -0.0230646003        0.0185382089        0.0000006150
        0.0155828843       -0.0065385802       -0.0077686252
        0.0155828934       -0.0065386303        0.0077691391
       -0.0000213765       -0.0000055059       -0.0702277907
       -0.0000204705       -0.0000038699        0.0547516606
       -0.0000001910       -0.0000000557        0.0194509801
        0.0143524301       -0.0176336391       -0.0019876745
       -0.0143525551        0.0176341257       -0.0019876200
       -0.5910702725       -0.2603124915       -0.0000196519
       -0.0166198822       -0.0230646003       -0.0000001910
        0.6027514428        0.2870199080       -0.0000199009
        0.0024692724       -0.0017866614        0.0011979489
        0.0024691985       -0.0017867251       -0.0011980205
       -0.2788469919       -0.2228709559       -0.0000055559
        0.0230632588        0.0185382089       -0.0000000557
        0.2870199080        0.2174098722       -0.0000034015
       -0.0155826763       -0.0065387360       -0.0077686752
       -0.0155826422       -0.0065387303        0.0077690243
       -0.0000207763       -0.0000048556       -0.0702271495
        0.0000003149        0.0000006150        0.0194509801
       -0.0000199009       -0.0000034015        0.0547504601
       -0.0143519458       -0.0176330946       -0.0019864194
        0.0143530599        0.0176347510       -0.0019870549
       -0.0382059466       -0.0000014006       -0.0000017860
        0.0024692383        0.0155828843        0.0143524301
        0.0024692724       -0.0155826763       -0.0143519458
        0.0286945419       -0.0000006901       -0.0000015507
        0.0045727234       -0.0000000148       -0.0000001762
       -0.0000014415       -0.0741889608       -0.0360075353
        0.0017867796       -0.0065385802       -0.0176336391
       -0.0017866614       -0.0065387360       -0.0176330946
       -0.0000006901        0.0816136503        0.0673580257
       -0.0000001364        0.0056522606        0.0039310203
       -0.0000017917       -0.0478751406       -0.0798261999
       -0.0011980205       -0.0077686252       -0.0019876745
        0.0011979489       -0.0077686752       -0.0019864194
       -0.0000015507        0.0673580257        0.1079565504
       -0.0000002206       -0.0039316137       -0.0241561145
       -0.0382059318       -0.0000014370       -0.0000018224
        0.0024692338        0.0155828934       -0.0143525551
        0.0024691985       -0.0155826422        0.0143530599
        0.0045727234       -0.0000001364       -0.0000002206
        0.0286945328       -0.0000007856       -0.0000015814
       -0.0000014711       -0.0741889596        0.0360211357
        0.0017867603       -0.0065386303        0.0176341257
       -0.0017867251       -0.0065387303        0.0176347510
       -0.0000000148        0.0056522606       -0.0039316137
       -0.0000007856        0.0816137094       -0.0673433442
       -0.0000017417        0.0478885750       -0.0798262113
        0.0011980501        0.0077691391       -0.0019876200
       -0.0011980205        0.0077690243       -0.0019870549
       -0.0000001762        0.0039310203       -0.0241561145
       -0.0000015814       -0.0673433442        0.1079564709
