   16   48
        0.4264701225        0.0297648375       -0.2483936475
       -0.0740486050       -0.0111115025        0.0321814013
        0.0008028587        0.0015745061       -0.0014761463
       -0.0021408937       -0.0006011638       -0.0009837625
        0.0067457638       -0.0192034837       -0.0022554175
       -0.0006215225       -0.0009311062        0.0041989325
       -0.0165751074        0.0192053287        0.0207520237
       -0.1519386962        0.0649690838        0.0756994788
       -0.1936588775       -0.0991807701        0.1276173374
        0.0012794899        0.0247737600        0.0006897600
       -0.0003386075        0.0001589888       -0.0003104238
        0.0005362863        0.0003785126       -0.0003512412
       -0.0020640762       -0.0024756063        0.0011823325
       -0.0004952501        0.0010390562        0.0009719462
       -0.0039026175       -0.0001564938        0.0000494113
        0.0099531112       -0.0082587237       -0.0094000000
        0.0297648375        0.8622056825        0.0080897450
        0.0109277700       -0.5606663250       -0.0013363699
        0.0015745038       -0.0049283089        0.0027941800
        0.0006012888        0.0009852562        0.0051216637
       -0.0067744450       -0.0165751101        0.0068742700
        0.0004053837       -0.0006215212       -0.0059839963
        0.0067670213        0.0067457663       -0.0050084513
        0.0549582212       -0.1519386962       -0.0685619762
       -0.1071802400       -0.1152324488        0.0733798824
       -0.0051492163       -0.0139808650        0.0001728750
       -0.0002406963        0.0000184675        0.0006036738
        0.0002184687        0.0000088000        0.0005658426
       -0.0007697700        0.0012486887        0.0007254575
        0.0001831237       -0.0000301301       -0.0003913413
       -0.0014035800        0.0068051438       -0.0071663487
        0.0160223587       -0.0140458375       -0.0099922087
       -0.2483936475        0.0080897450        0.3081231726
        0.0321813987        0.0011622674       -0.0531647100
        0.0014778312       -0.0027942502        0.0012421187
        0.0009856450        0.0051216587       -0.0007684163
        0.0050051350        0.0207520199       -0.0009491688
       -0.0059840001        0.0041989312       -0.0011383188
        0.0068742675        0.0022560149       -0.0009491689
        0.0686003312       -0.0756504838       -0.1273663963
        0.1268251661        0.0716254299       -0.1305029189
        0.0023754799       -0.0200112201        0.0037259412
       -0.0002961201       -0.0000562113        0.0008862325
       -0.0006566076       -0.0005545150       -0.0001829688
        0.0018663150        0.0023223212       -0.0024739587
        0.0007859362       -0.0012622301       -0.0015772400
       -0.0020075651       -0.0052952800        0.0079625375
        0.0105214811       -0.0100060125       -0.0028526101
       -0.0740486050        0.0109277700        0.0321813987
        0.4264701251       -0.0298243926       -0.2483936475
       -0.0021408950        0.0006012861       -0.0009837601
        0.0008028562       -0.0015745425       -0.0014761463
       -0.1519386950       -0.0649011575        0.0756994812
       -0.0165751100       -0.0192034813        0.0207520250
       -0.0006215250        0.0009330500        0.0041989312
        0.0067457612        0.0192053250       -0.0022554212
        0.0012794911       -0.0247741650        0.0006897574
       -0.1936588764        0.0992379375        0.1276173337
        0.0005362850       -0.0003784763       -0.0003512400
       -0.0003386063       -0.0001589112       -0.0003104287
        0.0099531113        0.0082564187       -0.0094000038
       -0.0039026188        0.0001558774        0.0000494062
       -0.0004952500       -0.0010387888        0.0009719513
       -0.0020640775        0.0024756400        0.0011823337
       -0.0111115025       -0.5606663250        0.0011622674
       -0.0298243926        0.8622056826       -0.0081964588
       -0.0006011651        0.0009852561       -0.0051224600
       -0.0015745400       -0.0049283101       -0.0027942450
       -0.0549249251       -0.1519386939        0.0686003349
       -0.0067744489        0.0067457637        0.0050051399
       -0.0004059888       -0.0006215188        0.0059841262
        0.0067670187       -0.0165751063       -0.0068773163
        0.0051458087       -0.0139808625       -0.0001756463
        0.1072417749       -0.1152324526       -0.0733562275
       -0.0002185163        0.0000088000       -0.0005659263
        0.0002405724        0.0000184700       -0.0006036888
       -0.0160259525       -0.0140458401        0.0099932213
        0.0014029611        0.0068051412        0.0071657725
       -0.0001832651       -0.0000301300        0.0003913087
        0.0007696124        0.0012486900       -0.0007253789
        0.0321814013       -0.0013363699       -0.0531647100
       -0.2483936475       -0.0081964588        0.3081231725
        0.0009856425       -0.0051224625       -0.0007684175
        0.0014778301        0.0027941788        0.0012421200
        0.0686003338        0.0756994788       -0.1273663975
        0.0068742663       -0.0022554224       -0.0009491663
       -0.0059839986       -0.0041968087       -0.0011383200
        0.0050051362       -0.0207489575       -0.0009491687
        0.0023754800        0.0200103813        0.0037259412
        0.1268251649       -0.0716013150       -0.1305029200
       -0.0006566062        0.0005545925       -0.0001829650
       -0.0002961200        0.0000562938        0.0008862288
        0.0105214838        0.0100082425       -0.0028526112
       -0.0020075675        0.0052951437        0.0079625350
        0.0007859375        0.0012623238       -0.0015772363
        0.0018663138       -0.0023225625       -0.0024739575
        0.0008028587        0.0015745038        0.0014778312
       -0.0021408950       -0.0006011651        0.0009856425
        0.4264701251        0.0297648361        0.2485555812
       -0.0740486025       -0.0111115038       -0.0321614625
       -0.0165751087        0.0192053224       -0.0207489563
       -0.1519387000        0.0649690863       -0.0756504800
        0.0067457650       -0.0192034813        0.0022560113
       -0.0006215237       -0.0009311075       -0.0041968099
       -0.0003386101        0.0001589925        0.0003104412
        0.0005362811        0.0003785087        0.0003512625
       -0.1936588751       -0.0991807750       -0.1275088025
        0.0012794911        0.0247737638       -0.0006894751
       -0.0039026200       -0.0001564975       -0.0000501700
        0.0099531112       -0.0082587238        0.0093991750
       -0.0020640750       -0.0024756037       -0.0011823362
       -0.0004952550        0.0010390576       -0.0009719638
        0.0015745061       -0.0049283089       -0.0027942502
        0.0006012861        0.0009852561       -0.0051224625
        0.0297648361        0.8622056852       -0.0081964602
        0.0109277699       -0.5606663250        0.0011622674
        0.0067670225        0.0067457611        0.0050051386
        0.0549582199       -0.1519386951        0.0686003374
       -0.0067744462       -0.0165751038       -0.0068773176
        0.0004053862       -0.0006215238        0.0059841250
       -0.0002406988        0.0000184687       -0.0006036889
        0.0002184648        0.0000087961       -0.0005659301
       -0.1071802414       -0.1152324538       -0.0733562339
       -0.0051492164       -0.0139808676       -0.0001756551
       -0.0014035826        0.0068051374        0.0071657712
        0.0160223598       -0.0140458389        0.0099932161
       -0.0007697727        0.0012486887       -0.0007253789
        0.0001831199       -0.0000301326        0.0003913087
       -0.0014761463        0.0027941800        0.0012421187
       -0.0009837601       -0.0051224600       -0.0007684175
        0.2485555812       -0.0081964602        0.3081231726
       -0.0321614613       -0.0013363725       -0.0531647076
       -0.0068773175       -0.0022554238       -0.0009491676
       -0.0685619788        0.0756994800       -0.1273663963
       -0.0050084513       -0.0207489563       -0.0009491676
        0.0059841237       -0.0041968101       -0.0011383199
        0.0002961837        0.0000562937        0.0008862349
        0.0006567899        0.0005545949       -0.0001829663
       -0.1267135713       -0.0716013150       -0.1305029213
       -0.0023739901        0.0200103812        0.0037259375
        0.0020073937        0.0052951437        0.0079625350
       -0.0105228376        0.0100082449       -0.0028526125
       -0.0018662526       -0.0023225626       -0.0024739550
       -0.0007858576        0.0012623250       -0.0015772375
       -0.0021408937        0.0006012888        0.0009856450
        0.0008028562       -0.0015745400        0.0014778301
       -0.0740486025        0.0109277699       -0.0321614613
        0.4264701225       -0.0298243950        0.2485555838
       -0.0006215225        0.0009330450       -0.0041968075
        0.0067457624        0.0192053263        0.0022560138
       -0.1519386961       -0.0649011525       -0.0756504812
       -0.0165751087       -0.0192034837       -0.0207489587
        0.0005362863       -0.0003784699        0.0003512649
       -0.0003386101       -0.0001589100        0.0003104424
        0.0012794924       -0.0247741650       -0.0006894700
       -0.1936588738        0.0992379388       -0.1275088037
       -0.0004952474       -0.0010387888       -0.0009719662
       -0.0020640750        0.0024756412       -0.0011823375
        0.0099531137        0.0082564225        0.0093991812
       -0.0039026213        0.0001558801       -0.0000501688
       -0.0006011638        0.0009852562        0.0051216587
       -0.0015745425       -0.0049283101        0.0027941788
       -0.0111115038       -0.5606663250       -0.0013363725
       -0.0298243950        0.8622056851        0.0080897450
       -0.0004059900       -0.0006215213       -0.0059839976
        0.0067670162       -0.0165751126        0.0068742712
       -0.0549249287       -0.1519386937       -0.0685619750
       -0.0067744500        0.0067457625       -0.0050084562
       -0.0002185188        0.0000088000        0.0005658462
        0.0002405675        0.0000184637        0.0006036738
        0.0051458075       -0.0139808663        0.0001728737
        0.1072417737       -0.1152324550        0.0733798750
       -0.0001832638       -0.0000301326       -0.0003913400
        0.0007696136        0.0012486886        0.0007254550
       -0.0160259550       -0.0140458413       -0.0099922113
        0.0014029562        0.0068051413       -0.0071663500
       -0.0009837625        0.0051216637       -0.0007684163
       -0.0014761463       -0.0027942450        0.0012421200
       -0.0321614625        0.0011622674       -0.0531647076
        0.2485555838        0.0080897450        0.3081231701
        0.0059841275        0.0041989324       -0.0011383187
       -0.0050084526        0.0207520212       -0.0009491663
       -0.0685619737       -0.0756504788       -0.1273663950
       -0.0068773188        0.0022560125       -0.0009491688
        0.0006567937       -0.0005545088       -0.0001829626
        0.0002961875       -0.0000562138        0.0008862337
       -0.0023739888       -0.0200112137        0.0037259412
       -0.1267135701        0.0716254275       -0.1305029225
       -0.0007858550       -0.0012622301       -0.0015772337
       -0.0018662538        0.0023223249       -0.0024739563
       -0.0105228351       -0.0100060112       -0.0028526075
        0.0020073912       -0.0052952763        0.0079625387
        0.0067457638       -0.0067744450        0.0050051350
       -0.1519386950       -0.0549249251        0.0686003338
       -0.0165751087        0.0067670225       -0.0068773175
       -0.0006215225       -0.0004059900        0.0059841275
        0.8622056825       -0.0298243975       -0.0081964575
       -0.5606663262       -0.0111115012        0.0011622712
       -0.0049283075       -0.0015745362       -0.0027942475
        0.0009852550       -0.0006011650       -0.0051224637
        0.0068051412        0.0014029600        0.0071657750
       -0.0140458425       -0.0160259550        0.0099932200
        0.0012486900        0.0007696113       -0.0007253788
       -0.0000301338       -0.0001832638        0.0003913063
       -0.1152324524        0.1072417749       -0.0733562337
       -0.0139808638        0.0051458100       -0.0001756525
        0.0000184687        0.0002405751       -0.0006036862
        0.0000087987       -0.0002185150       -0.0005659250
       -0.0192034837       -0.0165751101        0.0207520199
       -0.0649011575       -0.1519386939        0.0756994788
        0.0192053224        0.0067457611       -0.0022554238
        0.0009330450       -0.0006215213        0.0041989324
       -0.0298243975        0.4264701276       -0.2483936488
        0.0109277674       -0.0740486050        0.0321814012
       -0.0015745425        0.0008028562       -0.0014761488
        0.0006012849       -0.0021408975       -0.0009837625
        0.0001558749       -0.0039026200        0.0000494099
        0.0082564174        0.0099531086       -0.0094000013
        0.0024756374       -0.0020640788        0.0011823337
       -0.0010387926       -0.0004952500        0.0009719462
        0.0992379363       -0.1936588788        0.1276173312
       -0.0247741664        0.0012794924        0.0006897537
       -0.0001589113       -0.0003386113       -0.0003104250
       -0.0003784776        0.0005362850       -0.0003512401
       -0.0022554175        0.0068742700       -0.0009491688
        0.0756994812        0.0686003349       -0.1273663975
       -0.0207489563        0.0050051386       -0.0009491676
       -0.0041968075       -0.0059839976       -0.0011383187
       -0.0081964575       -0.2483936488        0.3081231701
       -0.0013363739        0.0321813987       -0.0531647063
        0.0027941800        0.0014778337        0.0012421212
       -0.0051224638        0.0009856450       -0.0007684162
        0.0052951449       -0.0020075650        0.0079625399
        0.0100082425        0.0105214849       -0.0028526101
       -0.0023225626        0.0018663162       -0.0024739538
        0.0012623224        0.0007859387       -0.0015772387
       -0.0716013137        0.1268251674       -0.1305029213
        0.0200103837        0.0023754824        0.0037259375
        0.0000562925       -0.0002961175        0.0008862362
        0.0005545949       -0.0006566037       -0.0001829638
       -0.0006215225        0.0004053837       -0.0059840001
       -0.0165751100       -0.0067744489        0.0068742663
       -0.1519387000        0.0549582199       -0.0685619788
        0.0067457624        0.0067670162       -0.0050084526
       -0.5606663262        0.0109277674       -0.0013363739
        0.8622056876        0.0297648349        0.0080897436
        0.0009852537        0.0006012887        0.0051216600
       -0.0049283125        0.0015745012        0.0027941788
       -0.0000301350        0.0001831199       -0.0003913389
        0.0012486862       -0.0007697776        0.0007254562
       -0.0140458413        0.0160223588       -0.0099922138
        0.0068051374       -0.0014035837       -0.0071663538
       -0.0139808701       -0.0051492189        0.0001728700
       -0.1152324575       -0.1071802414        0.0733798749
        0.0000087999        0.0002184700        0.0005658450
        0.0000184637       -0.0002406963        0.0006036711
       -0.0009311062       -0.0006215212        0.0041989312
       -0.0192034813        0.0067457637       -0.0022554224
        0.0649690863       -0.1519386951        0.0756994800
        0.0192053263       -0.0165751126        0.0207520212
       -0.0111115012       -0.0740486050        0.0321813987
        0.0297648349        0.4264701251       -0.2483936451
       -0.0006011688       -0.0021408938       -0.0009837613
        0.0015745012        0.0008028574       -0.0014761462
        0.0010390537       -0.0004952488        0.0009719499
       -0.0024756063       -0.0020640775        0.0011823312
       -0.0082587250        0.0099531100       -0.0094000000
       -0.0001564988       -0.0039026187        0.0000494074
        0.0247737625        0.0012794887        0.0006897550
       -0.0991807726       -0.1936588738        0.1276173337
        0.0003785125        0.0005362875       -0.0003512375
        0.0001589888       -0.0003386087       -0.0003104263
        0.0041989325       -0.0059839963       -0.0011383188
        0.0207520250        0.0050051399       -0.0009491663
       -0.0756504800        0.0686003374       -0.1273663963
        0.0022560138        0.0068742712       -0.0009491663
        0.0011622712        0.0321814012       -0.0531647063
        0.0080897436       -0.2483936451        0.3081231677
        0.0051216637        0.0009856487       -0.0007684113
       -0.0027942476        0.0014778325        0.0012421212
       -0.0012622288        0.0007859387       -0.0015772364
        0.0023223236        0.0018663199       -0.0024739526
       -0.0100060126        0.0105214850       -0.0028526076
       -0.0052952788       -0.0020075638        0.0079625374
       -0.0200112138        0.0023754799        0.0037259400
        0.0716254286        0.1268251711       -0.1305029213
       -0.0005545113       -0.0006566051       -0.0001829626
       -0.0000562126       -0.0002961125        0.0008862349
       -0.0165751074        0.0067670213        0.0068742675
       -0.0006215250       -0.0004059888       -0.0059839986
        0.0067457650       -0.0067744462       -0.0050084513
       -0.1519386961       -0.0549249287       -0.0685619737
       -0.0049283075       -0.0015745425        0.0027941800
        0.0009852537       -0.0006011688        0.0051216637
        0.8622056825       -0.0298243925        0.0080897463
       -0.5606663237       -0.0111115012       -0.0013363724
        0.0012486888        0.0007696163        0.0007254587
       -0.0000301350       -0.0001832688       -0.0003913375
        0.0068051375        0.0014029563       -0.0071663500
       -0.0140458376       -0.0160259550       -0.0099922125
        0.0000184675        0.0002405724        0.0006036725
        0.0000088024       -0.0002185138        0.0005658438
       -0.1152324525        0.1072417763        0.0733798825
       -0.0139808688        0.0051458113        0.0001728763
        0.0192053287        0.0067457663        0.0022560149
        0.0009330500       -0.0006215188       -0.0041968087
       -0.0192034813       -0.0165751038       -0.0207489563
       -0.0649011525       -0.1519386937       -0.0756504788
       -0.0015745362        0.0008028562        0.0014778337
        0.0006012887       -0.0021408938        0.0009856487
       -0.0298243925        0.4264701201        0.2485555875
        0.0109277712       -0.0740486026       -0.0321614588
        0.0024756424       -0.0020640713       -0.0011823351
       -0.0010387888       -0.0004952501       -0.0009719626
        0.0001558787       -0.0039026175       -0.0000501650
        0.0082564225        0.0099531150        0.0093991787
       -0.0001589088       -0.0003386088        0.0003104412
       -0.0003784726        0.0005362899        0.0003512612
        0.0992379412       -0.1936588700       -0.1275088000
       -0.0247741663        0.0012794950       -0.0006894725
        0.0207520237       -0.0050084513       -0.0009491689
        0.0041989312        0.0059841262       -0.0011383200
        0.0022560113       -0.0068773176       -0.0009491676
       -0.0756504812       -0.0685619750       -0.1273663950
       -0.0027942475       -0.0014761488        0.0012421212
        0.0051216600       -0.0009837613       -0.0007684113
        0.0080897463        0.2485555875        0.3081231701
        0.0011622700       -0.0321614601       -0.0531647088
        0.0023223249       -0.0018662475       -0.0024739538
       -0.0012622301       -0.0007858538       -0.0015772363
       -0.0052952800        0.0020073937        0.0079625387
       -0.0100060125       -0.0105228350       -0.0028526100
       -0.0000562125        0.0002961837        0.0008862312
       -0.0005545138        0.0006567962       -0.0001829638
        0.0716254300       -0.1267135700       -0.1305029175
       -0.0200112176       -0.0023739875        0.0037259400
       -0.1519386962        0.0549582212        0.0686003312
        0.0067457612        0.0067670187        0.0050051362
       -0.0006215237        0.0004053862        0.0059841237
       -0.0165751087       -0.0067744500       -0.0068773188
        0.0009852550        0.0006012849       -0.0051224638
       -0.0049283125        0.0015745012       -0.0027942476
       -0.5606663237        0.0109277712        0.0011622700
        0.8622056851        0.0297648350       -0.0081964612
       -0.0140458388        0.0160223649        0.0099932212
        0.0068051374       -0.0014035837        0.0071657750
       -0.0000301325        0.0001831187        0.0003913087
        0.0012486862       -0.0007697724       -0.0007253800
        0.0000088012        0.0002184650       -0.0005659300
        0.0000184649       -0.0002406988       -0.0006036900
       -0.0139808663       -0.0051492150       -0.0001756500
       -0.1152324575       -0.1071802412       -0.0733562313
        0.0649690838       -0.1519386962       -0.0756504838
        0.0192053250       -0.0165751063       -0.0207489575
       -0.0009311075       -0.0006215238       -0.0041968101
       -0.0192034837        0.0067457625        0.0022560125
       -0.0006011650       -0.0021408975        0.0009856450
        0.0015745012        0.0008028574        0.0014778325
       -0.0111115012       -0.0740486026       -0.0321614601
        0.0297648350        0.4264701251        0.2485555838
       -0.0082587250        0.0099531125        0.0093991799
       -0.0001564975       -0.0039026213       -0.0000501701
        0.0010390537       -0.0004952500       -0.0009719663
       -0.0024756063       -0.0020640763       -0.0011823388
        0.0003785100        0.0005362837        0.0003512613
        0.0001589912       -0.0003386064        0.0003104375
        0.0247737637        0.0012794925       -0.0006894712
       -0.0991807776       -0.1936588738       -0.1275088038
        0.0756994788       -0.0685619762       -0.1273663963
       -0.0022554212       -0.0068773163       -0.0009491687
       -0.0041968099        0.0059841250       -0.0011383199
       -0.0207489587       -0.0050084562       -0.0009491688
       -0.0051224637       -0.0009837625       -0.0007684162
        0.0027941788       -0.0014761462        0.0012421212
       -0.0013363724       -0.0321614588       -0.0531647088
       -0.0081964612        0.2485555838        0.3081231725
        0.0100082401       -0.0105228337       -0.0028526075
        0.0052951425        0.0020073912        0.0079625362
        0.0012623237       -0.0007858537       -0.0015772362
       -0.0023225638       -0.0018662549       -0.0024739587
        0.0005545938        0.0006567900       -0.0001829675
        0.0000562937        0.0002961862        0.0008862300
        0.0200103801       -0.0023739874        0.0037259401
       -0.0716013162       -0.1267135675       -0.1305029225
       -0.1936588775       -0.1071802400        0.1268251661
        0.0012794911        0.0051458087        0.0023754800
       -0.0003386101       -0.0002406988        0.0002961837
        0.0005362863       -0.0002185188        0.0006567937
        0.0068051412        0.0001558749        0.0052951449
       -0.0000301350        0.0010390537       -0.0012622288
        0.0012486888        0.0024756424        0.0023223249
       -0.0140458388       -0.0082587250        0.0100082401
        0.2011382351        0.1069814513       -0.1411664601
       -0.0017811376       -0.0000358163       -0.0043394675
        0.0000042724       -0.0000797900        0.0000429324
       -0.0000925363       -0.0000692962        0.0000468987
       -0.0009143225       -0.0008652400        0.0002589550
        0.0002444662       -0.0003479776       -0.0004626050
       -0.0007024775        0.0008652987       -0.0009793113
        0.0003064787        0.0006926624        0.0001961499
       -0.0991807701       -0.1152324488        0.0716254299
       -0.0247741650       -0.0139808625        0.0200103813
        0.0001589925        0.0000184687        0.0000562937
       -0.0003784699        0.0000088000       -0.0005545088
        0.0014029600       -0.0039026200       -0.0020075650
        0.0001831199       -0.0004952488        0.0007859387
        0.0007696163       -0.0020640713       -0.0018662475
        0.0160223649        0.0099531125       -0.0105228337
        0.1069814513        0.1255370026       -0.0801993451
        0.0000357549        0.0009169337        0.0004422199
       -0.0000797888        0.0001531874       -0.0000815838
        0.0000693124        0.0001537937        0.0000738762
       -0.0007005950       -0.0007024776        0.0005697475
       -0.0003411864        0.0002444711        0.0001852649
        0.0007005175       -0.0009143187        0.0010818325
       -0.0008142600        0.0003064863        0.0004273862
        0.1276173374        0.0733798824       -0.1305029189
        0.0006897574       -0.0001756463        0.0037259412
        0.0003104412       -0.0006036889        0.0008862349
        0.0003512649        0.0005658462       -0.0001829626
        0.0071657750        0.0000494099        0.0079625399
       -0.0003913389        0.0009719499       -0.0015772364
        0.0007254587       -0.0011823351       -0.0024739538
        0.0099932212        0.0093991799       -0.0028526075
       -0.1411664601       -0.0801993451        0.1274266802
       -0.0043394689       -0.0004422289       -0.0040527451
       -0.0000429151        0.0000816024        0.0001858736
       -0.0000468764        0.0000738775        0.0003004362
       -0.0010817638       -0.0009793101        0.0005636074
        0.0001852674       -0.0004626014       -0.0007231963
        0.0005697499       -0.0002590088        0.0005636112
       -0.0004269164       -0.0001962388        0.0007509561
        0.0012794899       -0.0051492163        0.0023754799
       -0.1936588764        0.1072417749        0.1268251649
        0.0005362811        0.0002184648        0.0006567899
       -0.0003386101        0.0002405675        0.0002961875
       -0.0140458425        0.0082564174        0.0100082425
        0.0012486862       -0.0024756063        0.0023223236
       -0.0000301350       -0.0010387888       -0.0012622301
        0.0068051374       -0.0001564975        0.0052951425
       -0.0017811376        0.0000357549       -0.0043394689
        0.2011382377       -0.1069199863       -0.1411664676
       -0.0000925364        0.0000693137        0.0000469011
        0.0000042724        0.0000798099        0.0000429287
        0.0003064788       -0.0006926901        0.0001961449
       -0.0007024813       -0.0008652401       -0.0009793163
        0.0002444699        0.0003480900       -0.0004626025
       -0.0009143251        0.0008652962        0.0002589574
        0.0247737600       -0.0139808650       -0.0200112201
        0.0992379375       -0.1152324526       -0.0716013150
        0.0003785087        0.0000087961        0.0005545949
       -0.0001589100        0.0000184637       -0.0000562138
       -0.0160259550        0.0099531086        0.0105214849
       -0.0007697776       -0.0020640775        0.0018663199
       -0.0001832688       -0.0004952501       -0.0007858538
       -0.0014035837       -0.0039026213        0.0020073912
       -0.0000358163        0.0009169337       -0.0004422289
       -0.1069199863        0.1255370101        0.0802264837
       -0.0000692988        0.0001537887       -0.0000738626
        0.0000798112        0.0001531875        0.0000815999
        0.0008146137        0.0003064774       -0.0004269201
       -0.0007005988       -0.0009143238       -0.0010817688
        0.0003411887        0.0002444675       -0.0001852613
        0.0007005099       -0.0007024775       -0.0005697276
        0.0006897600        0.0001728750        0.0037259412
        0.1276173337       -0.0733562275       -0.1305029200
        0.0003512625       -0.0005659301       -0.0001829663
        0.0003104424        0.0006036738        0.0008862337
        0.0099932200       -0.0094000013       -0.0028526101
        0.0007254562        0.0011823312       -0.0024739526
       -0.0003913375       -0.0009719626       -0.0015772363
        0.0071657750       -0.0000501701        0.0079625362
       -0.0043394675        0.0004422199       -0.0040527451
       -0.1411664676        0.0802264837        0.1274266826
       -0.0000468776       -0.0000738600        0.0003004399
       -0.0000429164       -0.0000815850        0.0001858700
       -0.0004269175        0.0001961487        0.0007509538
        0.0005697499        0.0002589587        0.0005636049
        0.0001852662        0.0004625925       -0.0007231925
       -0.0010817663        0.0009792375        0.0005636099
       -0.0003386075       -0.0002406963       -0.0002961201
        0.0005362850       -0.0002185163       -0.0006566062
       -0.1936588751       -0.1071802414       -0.1267135713
        0.0012794924        0.0051458075       -0.0023739888
        0.0012486900        0.0024756374       -0.0023225626
       -0.0140458413       -0.0082587250       -0.0100060126
        0.0068051375        0.0001558787       -0.0052952800
       -0.0000301325        0.0010390537        0.0012623237
        0.0000042724       -0.0000797888       -0.0000429151
       -0.0000925364       -0.0000692988       -0.0000468776
        0.2011382351        0.1069814512        0.1412768037
       -0.0017811376       -0.0000358137        0.0043398050
       -0.0007024787        0.0008652949        0.0009792362
        0.0003064787        0.0006926611       -0.0001962450
       -0.0009143188       -0.0008652388       -0.0002590100
        0.0002444649       -0.0003479801        0.0004625887
        0.0001589888        0.0000184675       -0.0000562113
       -0.0003784763        0.0000088000        0.0005545925
       -0.0991807750       -0.1152324538       -0.0716013150
       -0.0247741650       -0.0139808663       -0.0200112137
        0.0007696113       -0.0020640788        0.0018663162
        0.0160223588        0.0099531100        0.0105214850
        0.0014029563       -0.0039026175        0.0020073937
        0.0001831187       -0.0004952500       -0.0007858537
       -0.0000797900        0.0001531874        0.0000816024
        0.0000693137        0.0001537887       -0.0000738600
        0.1069814512        0.1255370076        0.0802264861
        0.0000357549        0.0009169375       -0.0004422326
        0.0007005125       -0.0009143251       -0.0010817663
       -0.0008142626        0.0003064824       -0.0004269213
       -0.0007005950       -0.0007024788       -0.0005697225
       -0.0003411913        0.0002444687       -0.0001852613
       -0.0003104238        0.0006036738        0.0008862325
       -0.0003512400       -0.0005659263       -0.0001829650
       -0.1275088025       -0.0733562339       -0.1305029213
       -0.0006894700        0.0001728737        0.0037259412
       -0.0007253788        0.0011823337       -0.0024739538
       -0.0099922138       -0.0094000000       -0.0028526076
       -0.0071663500       -0.0000501650        0.0079625387
        0.0003913087       -0.0009719663       -0.0015772362
        0.0000429324       -0.0000815838        0.0001858736
        0.0000469011       -0.0000738626        0.0003004399
        0.1412768037        0.0802264861        0.1274266826
        0.0043398074        0.0004422150       -0.0040527488
       -0.0005697225        0.0002589562        0.0005636062
        0.0004273836        0.0001961536        0.0007509512
        0.0010818300        0.0009792375        0.0005636075
       -0.0001852626        0.0004625900       -0.0007231926
        0.0005362863        0.0002184687       -0.0006566076
       -0.0003386063        0.0002405724       -0.0002961200
        0.0012794911       -0.0051492164       -0.0023739901
       -0.1936588738        0.1072417737       -0.1267135701
       -0.0000301338       -0.0010387926        0.0012623224
        0.0068051374       -0.0001564988       -0.0052952788
       -0.0140458376        0.0082564225       -0.0100060125
        0.0012486862       -0.0024756063       -0.0023225638
       -0.0000925363        0.0000693124       -0.0000468764
        0.0000042724        0.0000798112       -0.0000429164
       -0.0017811376        0.0000357549        0.0043398074
        0.2011382351       -0.1069199825        0.1412768012
        0.0002444675        0.0003480874        0.0004625887
       -0.0009143226        0.0008652974       -0.0002590150
        0.0003064824       -0.0006926875       -0.0001962376
       -0.0007024813       -0.0008652376        0.0009792375
        0.0003785126        0.0000088000       -0.0005545150
       -0.0001589112        0.0000184700        0.0000562938
        0.0247737638       -0.0139808676        0.0200103812
        0.0992379388       -0.1152324550        0.0716254275
       -0.0001832638       -0.0004952500        0.0007859387
       -0.0014035837       -0.0039026187       -0.0020075638
       -0.0160259550        0.0099531150       -0.0105228350
       -0.0007697724       -0.0020640763       -0.0018662549
       -0.0000692962        0.0001537937        0.0000738775
        0.0000798099        0.0001531875       -0.0000815850
       -0.0000358137        0.0009169375        0.0004422150
       -0.1069199825        0.1255370050       -0.0801993525
        0.0003411913        0.0002444675        0.0001852650
        0.0007005150       -0.0007024763        0.0005697438
        0.0008146188        0.0003064838        0.0004273875
       -0.0007005988       -0.0009143212        0.0010818275
       -0.0003512412        0.0005658426       -0.0001829688
       -0.0003104287       -0.0006036888        0.0008862288
       -0.0006894751       -0.0001756551        0.0037259375
       -0.1275088037        0.0733798750       -0.1305029225
        0.0003913063        0.0009719462       -0.0015772387
       -0.0071663538        0.0000494074        0.0079625374
       -0.0099922125        0.0093991787       -0.0028526100
       -0.0007253800       -0.0011823388       -0.0024739587
        0.0000468987        0.0000738762        0.0003004362
        0.0000429287        0.0000815999        0.0001858700
        0.0043398050       -0.0004422326       -0.0040527488
        0.1412768012       -0.0801993525        0.1274266876
       -0.0001852613       -0.0004626089       -0.0007231975
        0.0010818237       -0.0009793151        0.0005636037
        0.0004273824       -0.0001962412        0.0007509525
       -0.0005697300       -0.0002590138        0.0005636049
       -0.0020640762       -0.0007697700        0.0018663150
        0.0099531113       -0.0160259525        0.0105214838
       -0.0039026200       -0.0014035826        0.0020073937
       -0.0004952474       -0.0001832638       -0.0007858550
       -0.1152324524        0.0992379363       -0.0716013137
       -0.0139808701        0.0247737625       -0.0200112138
        0.0000184675       -0.0001589088       -0.0000562125
        0.0000088012        0.0003785100        0.0005545938
       -0.0009143225       -0.0007005950       -0.0010817638
        0.0003064788        0.0008146137       -0.0004269175
       -0.0007024787        0.0007005125       -0.0005697225
        0.0002444675        0.0003411913       -0.0001852613
        0.1255370050       -0.1069199863        0.0802264850
        0.0009169312       -0.0000358100       -0.0004422287
        0.0001531900        0.0000798138        0.0000816050
        0.0001537887       -0.0000692925       -0.0000738600
       -0.0024756063        0.0012486887        0.0023223212
        0.0082564187       -0.0140458401        0.0100082425
       -0.0001564975        0.0068051374        0.0052951437
       -0.0010387888       -0.0000301326       -0.0012622301
        0.1072417749       -0.1936588788        0.1268251674
       -0.0051492189        0.0012794887        0.0023754799
        0.0002405724       -0.0003386088        0.0002961837
        0.0002184650        0.0005362837        0.0006567900
       -0.0008652400       -0.0007024776       -0.0009793101
       -0.0006926901        0.0003064774        0.0001961487
        0.0008652949       -0.0009143251        0.0002589562
        0.0003480874        0.0002444675       -0.0004626089
       -0.1069199863        0.2011382377       -0.1411664651
        0.0000357549       -0.0017811364       -0.0043394713
        0.0000798137        0.0000042725        0.0000429312
        0.0000693099       -0.0000925351        0.0000468999
        0.0011823325        0.0007254575       -0.0024739587
       -0.0094000038        0.0099932213       -0.0028526112
       -0.0000501700        0.0071657712        0.0079625350
       -0.0009719662       -0.0003913400       -0.0015772337
       -0.0733562337        0.1276173312       -0.1305029213
        0.0001728700        0.0006897550        0.0037259400
        0.0006036725        0.0003104412        0.0008862312
       -0.0005659300        0.0003512613       -0.0001829675
        0.0002589550        0.0005697475        0.0005636074
        0.0001961449       -0.0004269201        0.0007509538
        0.0009792362       -0.0010817663        0.0005636062
        0.0004625887        0.0001852650       -0.0007231975
        0.0802264850       -0.1411664651        0.1274266850
        0.0004422161       -0.0043394700       -0.0040527513
       -0.0000815863       -0.0000429175        0.0001858725
       -0.0000738663       -0.0000468800        0.0003004362
       -0.0004952501        0.0001831237        0.0007859362
       -0.0039026188        0.0014029611       -0.0020075675
        0.0099531112        0.0160223598       -0.0105228376
       -0.0020640750        0.0007696136       -0.0018662538
       -0.0139808638       -0.0247741664        0.0200103837
       -0.1152324575       -0.0991807726        0.0716254286
        0.0000088024       -0.0003784726       -0.0005545138
        0.0000184649        0.0001589912        0.0000562937
        0.0002444662       -0.0003411864        0.0001852674
       -0.0007024813       -0.0007005988        0.0005697499
        0.0003064787       -0.0008142626        0.0004273836
       -0.0009143226        0.0007005150        0.0010818237
        0.0009169312        0.0000357549        0.0004422161
        0.1255370051        0.1069814512       -0.0801993488
        0.0001537937        0.0000693161        0.0000738800
        0.0001531848       -0.0000797900       -0.0000815851
        0.0010390562       -0.0000301301       -0.0012622301
        0.0001558774        0.0068051412        0.0052951437
       -0.0082587238       -0.0140458389        0.0100082449
        0.0024756412        0.0012486886        0.0023223249
        0.0051458100        0.0012794924        0.0023754824
       -0.1071802414       -0.1936588738        0.1268251711
       -0.0002185138        0.0005362899        0.0006567962
       -0.0002406988       -0.0003386064        0.0002961862
       -0.0003479776        0.0002444711       -0.0004626014
       -0.0008652401       -0.0009143238        0.0002589587
        0.0006926611        0.0003064824        0.0001961536
        0.0008652974       -0.0007024763       -0.0009793151
       -0.0000358100       -0.0017811364       -0.0043394700
        0.1069814512        0.2011382327       -0.1411664626
       -0.0000692926       -0.0000925338        0.0000469024
       -0.0000797914        0.0000042750        0.0000429336
        0.0009719462       -0.0003913413       -0.0015772400
        0.0000494062        0.0071657725        0.0079625350
        0.0093991750        0.0099932161       -0.0028526125
       -0.0011823375        0.0007254550       -0.0024739563
       -0.0001756525        0.0006897537        0.0037259375
        0.0733798749        0.1276173337       -0.1305029213
        0.0005658438        0.0003512612       -0.0001829638
       -0.0006036900        0.0003104375        0.0008862300
       -0.0004626050        0.0001852649       -0.0007231963
       -0.0009793163       -0.0010817688        0.0005636049
       -0.0001962450       -0.0004269213        0.0007509512
       -0.0002590150        0.0005697438        0.0005636037
       -0.0004422287       -0.0043394713       -0.0040527513
       -0.0801993488       -0.1411664626        0.1274266876
        0.0000738750       -0.0000468825        0.0003004375
        0.0000815974       -0.0000429200        0.0001858687
       -0.0039026175       -0.0014035800       -0.0020075651
       -0.0004952500       -0.0001832651        0.0007859375
       -0.0020640750       -0.0007697727       -0.0018662526
        0.0099531137       -0.0160259550       -0.0105228351
        0.0000184687       -0.0001589113        0.0000562925
        0.0000087999        0.0003785125       -0.0005545113
       -0.1152324525        0.0992379412        0.0716254300
       -0.0139808663        0.0247737637        0.0200103801
       -0.0007024775        0.0007005175        0.0005697499
        0.0002444699        0.0003411887        0.0001852662
       -0.0009143188       -0.0007005950        0.0010818300
        0.0003064824        0.0008146188        0.0004273824
        0.0001531900        0.0000798137       -0.0000815863
        0.0001537937       -0.0000692926        0.0000738750
        0.1255370026       -0.1069199813       -0.0801993463
        0.0009169337       -0.0000358125        0.0004422162
       -0.0001564938        0.0068051438       -0.0052952800
       -0.0010387888       -0.0000301300        0.0012623238
       -0.0024756037        0.0012486887       -0.0023225626
        0.0082564225       -0.0140458413       -0.0100060112
        0.0002405751       -0.0003386113       -0.0002961175
        0.0002184700        0.0005362875       -0.0006566051
        0.1072417763       -0.1936588700       -0.1267135700
       -0.0051492150        0.0012794925       -0.0023739874
        0.0008652987       -0.0009143187       -0.0002590088
        0.0003480900        0.0002444675        0.0004625925
       -0.0008652388       -0.0007024788        0.0009792375
       -0.0006926875        0.0003064838       -0.0001962412
        0.0000798138        0.0000042725       -0.0000429175
        0.0000693161       -0.0000925338       -0.0000468825
       -0.1069199813        0.2011382325        0.1412768087
        0.0000357537       -0.0017811337        0.0043398075
        0.0000494113       -0.0071663487        0.0079625375
        0.0009719513        0.0003913087       -0.0015772363
       -0.0011823362       -0.0007253789       -0.0024739550
        0.0093991812       -0.0099922113       -0.0028526075
       -0.0006036862       -0.0003104250        0.0008862362
        0.0005658450       -0.0003512375       -0.0001829626
        0.0733798825       -0.1275088000       -0.1305029175
       -0.0001756500       -0.0006894712        0.0037259401
       -0.0009793113        0.0010818325        0.0005636112
       -0.0004626025       -0.0001852613       -0.0007231925
       -0.0002590100       -0.0005697225        0.0005636075
       -0.0001962376        0.0004273875        0.0007509525
        0.0000816050        0.0000429312        0.0001858725
        0.0000738800        0.0000469024        0.0003004375
       -0.0801993463        0.1412768087        0.1274266801
       -0.0004422275        0.0043398088       -0.0040527438
        0.0099531112        0.0160223587        0.0105214811
       -0.0020640775        0.0007696124        0.0018663138
       -0.0004952550        0.0001831199       -0.0007858576
       -0.0039026213        0.0014029562        0.0020073912
        0.0000087987       -0.0003784776        0.0005545949
        0.0000184637        0.0001589888       -0.0000562126
       -0.0139808688       -0.0247741663       -0.0200112176
       -0.1152324575       -0.0991807776       -0.0716013162
        0.0003064787       -0.0008142600       -0.0004269164
       -0.0009143251        0.0007005099       -0.0010817663
        0.0002444649       -0.0003411913       -0.0001852626
       -0.0007024813       -0.0007005988       -0.0005697300
        0.0001537887        0.0000693099       -0.0000738663
        0.0001531848       -0.0000797914        0.0000815974
        0.0009169337        0.0000357537       -0.0004422275
        0.1255370101        0.1069814500        0.0802264837
       -0.0082587237       -0.0140458375       -0.0100060125
        0.0024756400        0.0012486900       -0.0023225625
        0.0010390576       -0.0000301326        0.0012623250
        0.0001558801        0.0068051413       -0.0052952763
       -0.0002185150        0.0005362850       -0.0006566037
       -0.0002406963       -0.0003386087       -0.0002961125
        0.0051458113        0.0012794950       -0.0023739875
       -0.1071802412       -0.1936588738       -0.1267135675
        0.0006926624        0.0003064863       -0.0001962388
        0.0008652962       -0.0007024775        0.0009792375
       -0.0003479801        0.0002444687        0.0004625900
       -0.0008652376       -0.0009143212       -0.0002590138
       -0.0000692925       -0.0000925351       -0.0000468800
       -0.0000797900        0.0000042750       -0.0000429200
       -0.0000358125       -0.0017811337        0.0043398088
        0.1069814500        0.2011382325        0.1412768075
       -0.0094000000       -0.0099922087       -0.0028526101
        0.0011823337       -0.0007253789       -0.0024739575
       -0.0009719638        0.0003913087       -0.0015772375
       -0.0000501688       -0.0071663500        0.0079625387
       -0.0005659250       -0.0003512401       -0.0001829638
        0.0006036711       -0.0003104263        0.0008862349
        0.0001728763       -0.0006894725        0.0037259400
       -0.0733562313       -0.1275088038       -0.1305029225
        0.0001961499        0.0004273862        0.0007509561
        0.0002589574       -0.0005697276        0.0005636099
        0.0004625887       -0.0001852613       -0.0007231926
        0.0009792375        0.0010818275        0.0005636049
       -0.0000738600        0.0000468999        0.0003004362
       -0.0000815851        0.0000429336        0.0001858687
        0.0004422162        0.0043398075       -0.0040527438
        0.0802264837        0.1412768075        0.1274266826
