   15   45
        0.6421188300       -0.1084805899        0.0381901000
       -0.3169159751        0.0573009248        0.0290654151
       -0.0236739052        0.0018482450       -0.0760410202
       -0.0505693299        0.0124245651        0.0289938248
        0.0634681450       -0.0147516602        0.0245469201
       -0.1730247899        0.0278364951        0.0548111950
       -0.1214253501        0.0159539650       -0.1179703250
       -0.0086249852        0.0017584046       -0.0030509148
        0.0009469801        0.0015658404       -0.0021823348
       -0.0014852898       -0.0001670952        0.0013630552
       -0.0006168554        0.0021092748       -0.0042886850
       -0.0106235754        0.0025697000        0.0267198450
       -0.0003860697       -0.0005715501        0.0007434951
       -0.0000892848       -0.0002770696        0.0000182851
        0.0009190001        0.0010559199       -0.0008517750
       -0.1084805899        0.1323754594        0.0013021454
        0.0564594902       -0.0510103348       -0.0077595595
        0.0017598353       -0.0110505493        0.0163742050
        0.0135643003        0.0081385502       -0.0060711398
       -0.0158002896       -0.0078068999       -0.0063441749
        0.0287250802       -0.0460108745       -0.0139868447
        0.0160603952       -0.0368853398        0.0201442052
        0.0023515153        0.0002393301        0.0008112454
        0.0016620351        0.0084122905        0.0003978155
       -0.0002219596       -0.0022856349       -0.0003149844
        0.0017967002        0.0082828754        0.0007220302
        0.0024661253        0.0006216254       -0.0054406496
        0.0006337004       -0.0007882898        0.0005909953
       -0.0000501947       -0.0000284646       -0.0000357997
       -0.0007461946       -0.0007034697       -0.0003315049
        0.0381901000        0.0013021454        0.7114216896
       -0.0349716200        0.0061565501       -0.1259152197
       -0.0291845399        0.0070211354        0.0345620950
        0.0284819404       -0.0063299851       -0.0173139898
       -0.0216357196        0.0041290900       -0.0553272596
        0.1194601703       -0.0281983495       -0.2766582395
       -0.1179566300        0.0201437598       -0.2713581401
        0.0277369350       -0.0060657200        0.0036843105
       -0.0032519148        0.0007661302       -0.0051739798
        0.0013098753       -0.0005335698        0.0002804401
       -0.0031623500        0.0007896804       -0.0035373597
       -0.0044164000        0.0005994252        0.0056370050
        0.0004169405       -0.0004955399        0.0000981802
       -0.0001247795        0.0002736354       -0.0002191095
       -0.0008353197        0.0004769151       -0.0001655550
       -0.3169159751        0.0564594902       -0.0349716200
        0.6430209601       -0.1113824351       -0.0358719299
       -0.1688062900        0.0271432600       -0.0529662805
        0.0630489302       -0.0160594649       -0.0219505301
       -0.0489098650        0.0122995047       -0.0293947099
       -0.0256798450        0.0038227202        0.0739725900
       -0.0080805901        0.0022767901        0.0028643950
       -0.1260939854        0.0210768297        0.1199618552
       -0.0100023701        0.0019660001       -0.0271128599
       -0.0008736697        0.0018287449        0.0043118101
       -0.0013752452       -0.0001037850       -0.0014323402
        0.0007456049        0.0015794049        0.0023210251
       -0.0006033949        0.0002325848       -0.0002852400
       -0.0000115250       -0.0000386899        0.0000879550
        0.0005560000       -0.0009090800        0.0005303301
        0.0573009248       -0.0510103348        0.0061565501
       -0.1113824351        0.1328491999        0.0153389652
        0.0257309500       -0.0447744148        0.0085732697
       -0.0150147247       -0.0077619200        0.0033407147
        0.0120417300        0.0090389349        0.0059749649
        0.0038100600       -0.0119515548       -0.0150856400
        0.0015074801        0.0005721597       -0.0005419150
        0.0211249048       -0.0381765102       -0.0284253997
        0.0023126600        0.0005634405        0.0057354953
        0.0020828202        0.0082540348       -0.0009952950
       -0.0002337003       -0.0024746151        0.0002808301
        0.0016137599        0.0083359450       -0.0007035752
       -0.0007338247       -0.0008392448        0.0011982050
       -0.0001265849       -0.0005818748        0.0000016053
        0.0001554000       -0.0005348849       -0.0007842698
        0.0290654151       -0.0077595595       -0.1259152197
       -0.0358719299        0.0153389652        0.7077228094
       -0.1171936546        0.0216407653       -0.2802400797
        0.0245175352       -0.0054141395       -0.0555009598
       -0.0294591646        0.0056142252       -0.0188451097
        0.0278042353       -0.0047659097        0.0374056253
       -0.0282036299        0.0056285151        0.0030266654
        0.1199758950       -0.0283541650       -0.2644052597
        0.0038088953       -0.0011954745        0.0049648403
        0.0032846756       -0.0005968499       -0.0032888445
       -0.0014732851        0.0000641654        0.0002294803
        0.0034542151       -0.0005877646       -0.0049854395
       -0.0006005246       -0.0003574047        0.0000390804
        0.0000718055       -0.0001383094       -0.0001023494
        0.0008902353        0.0009166155       -0.0000908250
       -0.0236739052        0.0017598353       -0.0291845399
       -0.1688062900        0.0257309500       -0.1171936546
        0.7054460099       -0.1256096095        0.0017041600
       -0.1731953600        0.0297590401        0.1199157299
       -0.0253748198        0.0028688899        0.0277761200
       -0.0003659898        0.0027477356        0.0004566303
       -0.0056382149        0.0027873850        0.0003233248
        0.0109610849       -0.0015671552        0.0169048002
       -0.3251320999        0.0618858152       -0.0036782450
        0.0110257605       -0.0018375152       -0.0163832098
       -0.0055939051        0.0026082853       -0.0004645949
        0.0009802650       -0.0004372851        0.0000448301
        0.0003356902        0.0003714950       -0.0000241249
       -0.0002389999       -0.0000618047       -0.0000448796
       -0.0007031250       -0.0008558550       -0.0000895051
        0.0018482450       -0.0110505493        0.0070211354
        0.0271432600       -0.0447744148        0.0216407653
       -0.1256096095        0.1366932395        0.0059758901
        0.0282263304       -0.0463218299       -0.0273372950
        0.0043902452       -0.0118132948       -0.0055215997
        0.0018767452        0.0103925106       -0.0013627547
        0.0028505053        0.0082047004       -0.0001640748
       -0.0024730849        0.0010880001       -0.0037329696
        0.0618292151       -0.0470974945        0.0003622154
       -0.0019124394        0.0015240352        0.0031092952
        0.0030253452        0.0081334801        0.0001001402
       -0.0005981849       -0.0022585499        0.0000425501
       -0.0011863497       -0.0006219295       -0.0002856848
        0.0000913604       -0.0000672946        0.0000343906
        0.0006761903       -0.0005388949        0.0001900702
       -0.0760410202        0.0163742050        0.0345620950
       -0.0529662805        0.0085732697       -0.2802400797
        0.0017041600        0.0059758901        0.6438843803
        0.0550243050       -0.0142342552       -0.2763204805
        0.0741535197       -0.0150572504        0.0375440646
        0.0010804249       -0.0006801147       -0.0697906901
        0.0014490695       -0.0002387455        0.0016278298
       -0.0139806403        0.0026285494       -0.0167480599
       -0.0036680251        0.0004722000       -0.0574880951
        0.0146847600       -0.0032542454       -0.0169060399
       -0.0015653103        0.0001654897        0.0015890598
        0.0000165949       -0.0001317201       -0.0022180501
        0.0001855398        0.0001999700       -0.0007589202
        0.0002167400        0.0003420649       -0.0000048499
       -0.0002334801       -0.0010477899        0.0012786697
       -0.0505693299        0.0135643003        0.0284819404
        0.0630489302       -0.0150147247        0.0245175352
       -0.1731953600        0.0282263304        0.0550243050
        0.6424221397       -0.1111776848        0.0373943249
       -0.3177443295        0.0584311002        0.0293898353
       -0.0230285298        0.0014810902       -0.0758846198
       -0.0014082900       -0.0001485151        0.0013798100
       -0.0006545349        0.0018208252       -0.0042755499
       -0.0104230949        0.0029107454        0.0266203151
       -0.1211225398        0.0168686648       -0.1174264997
       -0.0085147551        0.0021549403       -0.0031310148
        0.0008471201        0.0014806201       -0.0022289549
       -0.0002995995        0.0000722852        0.0000425152
       -0.0000853095       -0.0003562894        0.0000837255
        0.0007455901       -0.0001248401        0.0000799099
        0.0124245651        0.0081385502       -0.0063299851
       -0.0160594649       -0.0077619200       -0.0054141395
        0.0297590401       -0.0463218299       -0.0142342552
       -0.1111776848        0.1325894499       -0.0010382951
        0.0574299651       -0.0519781301       -0.0065050199
        0.0027216251       -0.0109017645        0.0161104950
       -0.0000042101       -0.0024348898       -0.0002294698
        0.0020943347        0.0085515947        0.0007089602
        0.0023193201        0.0005235052       -0.0055297497
        0.0169647453       -0.0371692002        0.0220538502
        0.0024353250        0.0007013202        0.0005348849
        0.0014575349        0.0082810598        0.0002735447
       -0.0005490648       -0.0003922250       -0.0007393450
        0.0003189601        0.0002109752        0.0000112053
        0.0000516252       -0.0005529151        0.0003899697
        0.0289938248       -0.0060711398       -0.0173139898
       -0.0219505301        0.0033407147       -0.0555009598
        0.1199157299       -0.0273372950       -0.2763204805
        0.0373943249       -0.0010382951        0.7106274103
       -0.0353233000        0.0068475447       -0.1259502602
       -0.0293550400        0.0060206301        0.0349336449
        0.0014080896       -0.0000560502        0.0002666297
       -0.0032726854        0.0003992997       -0.0034785350
       -0.0042642353        0.0012711050        0.0056266248
       -0.1175790899        0.0217639595       -0.2707921749
        0.0279541447       -0.0053230301        0.0035189748
       -0.0033719903        0.0002016148       -0.0051011554
        0.0005078050        0.0003682752        0.0003629850
       -0.0000493401       -0.0001634152        0.0000685051
       -0.0009500300       -0.0001840050       -0.0009336753
        0.0634681450       -0.0158002896       -0.0216357196
       -0.0489098650        0.0120417300       -0.0294591646
       -0.0253748198        0.0043902452        0.0741535197
       -0.3177443295        0.0574299651       -0.0353233000
        0.6440675998       -0.1118832802       -0.0347126650
       -0.1698455449        0.0256693153       -0.0534869446
       -0.0008376500        0.0021547501        0.0042155199
       -0.0014468500       -0.0003712753       -0.0013898648
        0.0008034903        0.0017998255        0.0023596104
       -0.0081194847        0.0016557499        0.0028593652
       -0.1258148302        0.0212880249        0.1196083153
       -0.0100156851        0.0018772101       -0.0270556299
       -0.0004330846       -0.0002369498       -0.0005980198
        0.0004091854        0.0002592702        0.0000273454
       -0.0001912198       -0.0000824249        0.0004997250
       -0.0147516602       -0.0078068999        0.0041290900
        0.0122995047        0.0090389349        0.0056142252
        0.0028688899       -0.0118132948       -0.0150572504
        0.0584311002       -0.0519781301        0.0068475447
       -0.1118832802        0.1322434503        0.0154179847
        0.0247783498       -0.0448329399        0.0079340498
        0.0018625246        0.0082979548       -0.0010865202
       -0.0003701152       -0.0026565203        0.0004328001
        0.0018171897        0.0083011702       -0.0005674451
        0.0016082299        0.0009500997       -0.0007160403
        0.0209284946       -0.0387124101       -0.0282652002
        0.0024919348        0.0008090299        0.0056079350
        0.0002508000       -0.0003679401       -0.0002701250
        0.0000551452        0.0003472400       -0.0001244649
       -0.0001968053       -0.0003225250        0.0001694599
        0.0245469201       -0.0063441749       -0.0553272596
       -0.0293947099        0.0059749649       -0.0188451097
        0.0277761200       -0.0055215997        0.0375440646
        0.0293898353       -0.0065050199       -0.1259502602
       -0.0347126650        0.0154179847        0.7077319998
       -0.1181428399        0.0216331154       -0.2810866047
        0.0031863749       -0.0010151700       -0.0032760400
       -0.0013869101        0.0004532248        0.0002185001
        0.0033065251       -0.0010574746       -0.0049320448
       -0.0280757496        0.0061446099        0.0029372751
        0.1194928049       -0.0288790247       -0.2637421599
        0.0040590950       -0.0003771001        0.0049829001
       -0.0004592297        0.0005427452        0.0001845603
       -0.0000203499       -0.0004409648        0.0002707554
        0.0005030702        0.0000045299       -0.0006977950
       -0.1730247899        0.0287250802        0.1194601703
       -0.0256798450        0.0038100600        0.0278042353
       -0.0003659898        0.0018767452        0.0010804249
       -0.0230285298        0.0027216251       -0.0293550400
       -0.1698455449        0.0247783498       -0.1181428399
        0.7062226098       -0.1224707097        0.0027206752
        0.0108988698       -0.0026219300       -0.0162703350
       -0.0054785352        0.0031578898       -0.0005719249
        0.0008478702       -0.0008809346        0.0000232853
       -0.0054702096        0.0032501399        0.0002898901
        0.0107761051       -0.0022496150        0.0170185751
       -0.3254967299        0.0599696202       -0.0039231699
        0.0005338001       -0.0006647849        0.0000653353
        0.0000885552        0.0003543050       -0.0001265147
       -0.0009546397        0.0003757501       -0.0000137950
        0.0278364951       -0.0460108745       -0.0281983495
        0.0038227202       -0.0119515548       -0.0047659097
        0.0027477356        0.0103925106       -0.0006801147
        0.0014810902       -0.0109017645        0.0060206301
        0.0256693153       -0.0448329399        0.0216331154
       -0.1224707097        0.1345975494        0.0067779106
       -0.0017683450        0.0015682201        0.0031257201
        0.0029540851        0.0083106551       -0.0000923495
       -0.0007851696       -0.0022143794       -0.0001308095
        0.0029784457        0.0078730199       -0.0000564594
       -0.0020817549        0.0017165104       -0.0038930847
        0.0596606549       -0.0461570247        0.0005066303
        0.0006975554       -0.0005354596        0.0000776703
       -0.0001382244        0.0001438104       -0.0001837745
       -0.0004325196       -0.0005045550       -0.0000660395
        0.0548111950       -0.0139868447       -0.2766582395
        0.0739725900       -0.0150856400        0.0374056253
        0.0004566303       -0.0013627547       -0.0697906901
       -0.0758846198        0.0161104950        0.0349336449
       -0.0534869446        0.0079340498       -0.2810866047
        0.0027206752        0.0067779106        0.6449179295
        0.0146807699       -0.0032864699       -0.0167639749
       -0.0015622749        0.0002852352        0.0015883501
        0.0000681001        0.0000403907       -0.0022057748
        0.0013450105       -0.0004416950        0.0016217953
       -0.0139136949        0.0027276053       -0.0167864849
       -0.0038452299        0.0004500654       -0.0575011899
       -0.0001453648        0.0001487703       -0.0003438348
        0.0000455603        0.0003004703       -0.0000702747
        0.0007985150       -0.0005186098        0.0007521950
       -0.1214253501        0.0160603952       -0.1179566300
       -0.0080805901        0.0015074801       -0.0282036299
       -0.0056382149        0.0028505053        0.0014490695
       -0.0014082900       -0.0000042101        0.0014080896
       -0.0008376500        0.0018625246        0.0031863749
        0.0108988698       -0.0017683450        0.0146807699
        0.1248738101       -0.0186683803        0.1263740850
        0.0006137699       -0.0007242903        0.0004278698
       -0.0005387250        0.0000138900       -0.0017268400
        0.0002745003       -0.0001467103       -0.0003156001
        0.0005646046       -0.0002726350        0.0010546648
        0.0007757197       -0.0006738551       -0.0003253200
        0.0000290399        0.0000363900        0.0000418001
        0.0000052052        0.0000126502        0.0000207052
       -0.0000995348       -0.0000577552       -0.0000827652
        0.0159539650       -0.0368853398        0.0201437598
        0.0022767901        0.0005721597        0.0056285151
        0.0027873850        0.0082047004       -0.0002387455
       -0.0001485151       -0.0024348898       -0.0000560502
        0.0021547501        0.0082979548       -0.0010151700
       -0.0026219300        0.0015682201       -0.0032864699
       -0.0186683803        0.0275577901       -0.0215868801
       -0.0008409600       -0.0029139753        0.0000603450
        0.0001901850       -0.0003636399        0.0002969850
       -0.0002071147       -0.0005277002       -0.0000643450
       -0.0002773405       -0.0004171250       -0.0001017850
       -0.0006501654       -0.0028609551        0.0001551248
       -0.0001988300        0.0000431450       -0.0002572500
        0.0000284700        0.0000232552        0.0000376701
        0.0002373949        0.0002251150        0.0002754649
       -0.1179703250        0.0201442052       -0.2713581401
        0.0028643950       -0.0005419150        0.0030266654
        0.0003233248       -0.0001640748        0.0016278298
        0.0013798100       -0.0002294698        0.0002666297
        0.0042155199       -0.0010865202       -0.0032760400
       -0.0162703350        0.0031257201       -0.0167639749
        0.1263740850       -0.0215868801        0.2856501300
       -0.0003766652        0.0002851547        0.0009072201
        0.0002606450       -0.0002101848        0.0002166300
       -0.0002580697        0.0001989298       -0.0000499600
       -0.0009863200        0.0000924203       -0.0010045900
        0.0005097201        0.0000579450        0.0008186200
        0.0001305901        0.0000105402        0.0001562452
       -0.0000402699       -0.0000519751       -0.0000242898
       -0.0001224251       -0.0000570250       -0.0001905400
       -0.0086249852        0.0023515153        0.0277369350
       -0.1260939854        0.0211249048        0.1199758950
        0.0109610849       -0.0024730849       -0.0139806403
       -0.0006545349        0.0020943347       -0.0032726854
       -0.0014468500       -0.0003701152       -0.0013869101
       -0.0054785352        0.0029540851       -0.0015622749
        0.0006137699       -0.0008409600       -0.0003766652
        0.1298703302       -0.0238764355       -0.1285621198
        0.0006684249       -0.0008243700        0.0003668251
        0.0006168051       -0.0001643355       -0.0009633101
        0.0002616096       -0.0002138802        0.0002798700
       -0.0006179303        0.0001417899        0.0016868199
        0.0000846302       -0.0000812651       -0.0001422700
       -0.0000116199        0.0000642100       -0.0000273999
       -0.0001442450        0.0001367349        0.0002655548
        0.0017584046        0.0002393301       -0.0060657200
        0.0210768297       -0.0381765102       -0.0283541650
       -0.0015671552        0.0010880001        0.0026285494
        0.0018208252        0.0085515947        0.0003992997
       -0.0003712753       -0.0026565203        0.0004532248
        0.0031578898        0.0083106551        0.0002852352
       -0.0007242903       -0.0029139753        0.0002851547
       -0.0238764355        0.0295035903        0.0304069599
       -0.0009361452       -0.0028737350        0.0000138348
       -0.0001325449       -0.0003914553        0.0003156200
       -0.0000848704       -0.0004540451       -0.0001656502
       -0.0000984403       -0.0004069452       -0.0003438851
        0.0001401000       -0.0000916151       -0.0002618802
        0.0000255099        0.0000745152        0.0000001648
       -0.0001825552        0.0002825897        0.0003902846
       -0.0030509148        0.0008112454        0.0036843105
        0.1199618552       -0.0284253997       -0.2644052597
        0.0169048002       -0.0037329696       -0.0167480599
       -0.0042755499        0.0007089602       -0.0034785350
       -0.0013898648        0.0004328001        0.0002185001
       -0.0005719249       -0.0000923495        0.0015883501
        0.0004278698        0.0000603450        0.0009072201
       -0.1285621198        0.0304069599        0.2783669197
       -0.0004344199        0.0002496301        0.0008158401
        0.0009935553       -0.0003393851       -0.0010058798
        0.0003237301        0.0000528954       -0.0000409298
       -0.0003402400       -0.0000391000        0.0002480851
       -0.0000695599        0.0000973600        0.0001610854
       -0.0000412496       -0.0000691398        0.0000041703
        0.0001592451       -0.0001251547       -0.0003104751
        0.0009469801        0.0016620351       -0.0032519148
       -0.0100023701        0.0023126600        0.0038088953
       -0.3251320999        0.0618292151       -0.0036680251
       -0.0104230949        0.0023193201       -0.0042642353
        0.0008034903        0.0018171897        0.0033065251
        0.0008478702       -0.0007851696        0.0000681001
       -0.0005387250        0.0001901850        0.0002606450
        0.0006684249       -0.0009361452       -0.0004344199
        0.3430025998       -0.0676377695        0.0039715701
        0.0006869601       -0.0009064203        0.0004710103
       -0.0005878999        0.0001403802       -0.0002870749
       -0.0002288800       -0.0002047099       -0.0000119198
        0.0002679801       -0.0001015650        0.0000486753
       -0.0000296896        0.0000557753       -0.0000154247
       -0.0002787547        0.0002376601       -0.0000287451
        0.0015658404        0.0084122905        0.0007661302
        0.0019660001        0.0005634405       -0.0011954745
        0.0618858152       -0.0470974945        0.0004722000
        0.0029107454        0.0005235052        0.0012711050
        0.0017998255        0.0083011702       -0.0010574746
       -0.0008809346       -0.0022143794        0.0000403907
        0.0000138900       -0.0003636399       -0.0002101848
       -0.0008243700       -0.0028737350        0.0002496301
       -0.0676377695        0.0384045194       -0.0003650396
       -0.0008570848       -0.0027690598       -0.0001374246
       -0.0000406050       -0.0005029796        0.0001714503
        0.0000630752       -0.0005527048       -0.0000236048
        0.0002564002       -0.0000289046        0.0000464703
       -0.0000401047        0.0000243705        0.0000042607
       -0.0001835747        0.0002573904       -0.0000202448
       -0.0021823348        0.0003978155       -0.0051739798
       -0.0271128599        0.0057354953        0.0049648403
       -0.0036782450        0.0003622154       -0.0574880951
        0.0266203151       -0.0055297497        0.0056266248
        0.0023596104       -0.0005674451       -0.0049320448
        0.0000232853       -0.0001308095       -0.0022057748
       -0.0017268400        0.0002969850        0.0002166300
        0.0003668251        0.0000138348        0.0008158401
        0.0039715701       -0.0003650396        0.0566938297
       -0.0003432797        0.0000731652        0.0008170551
        0.0016931199       -0.0003267047        0.0002320451
       -0.0000020452        0.0000470752        0.0004770251
       -0.0000013699       -0.0000198847       -0.0000072450
        0.0000208803       -0.0000397145        0.0000017053
       -0.0000343749        0.0000860550       -0.0000368348
       -0.0014852898       -0.0002219596        0.0013098753
       -0.0008736697        0.0020828202        0.0032846756
        0.0110257605       -0.0019124394        0.0146847600
       -0.1211225398        0.0169647453       -0.1175790899
       -0.0081194847        0.0016082299       -0.0280757496
       -0.0054702096        0.0029784457        0.0013450105
        0.0002745003       -0.0002071147       -0.0002580697
        0.0006168051       -0.0001325449        0.0009935553
        0.0006869601       -0.0008570848       -0.0003432797
        0.1245009895       -0.0195538749        0.1259643102
        0.0006361103       -0.0007818750        0.0004195152
       -0.0006024050        0.0000255451       -0.0016916400
        0.0001016352       -0.0000612499        0.0001075603
       -0.0000871646        0.0000187353       -0.0000969146
       -0.0000766047        0.0000749952       -0.0000328248
       -0.0001670952       -0.0022856349       -0.0005335698
        0.0018287449        0.0082540348       -0.0005968499
       -0.0018375152        0.0015240352       -0.0032542454
        0.0168686648       -0.0371692002        0.0217639595
        0.0016557499        0.0009500997        0.0061446099
        0.0032501399        0.0078730199       -0.0004416950
       -0.0001467103       -0.0005277002        0.0001989298
       -0.0001643355       -0.0003914553       -0.0003393851
       -0.0009064203       -0.0027690598        0.0000731652
       -0.0195538749        0.0277117903       -0.0233837349
       -0.0006991203       -0.0028100453       -0.0001110553
       -0.0000993055       -0.0004159949        0.0004238547
        0.0001600799       -0.0000277151        0.0002008397
       -0.0001418601       -0.0000258299       -0.0000599201
       -0.0000401403        0.0001967300       -0.0000977852
        0.0013630552       -0.0003149844        0.0002804401
        0.0043118101       -0.0009952950       -0.0032888445
       -0.0163832098        0.0031092952       -0.0169060399
       -0.1174264997        0.0220538502       -0.2707921749
        0.0028593652       -0.0007160403        0.0029372751
        0.0002898901       -0.0000564594        0.0016217953
       -0.0003156001       -0.0000643450       -0.0000499600
       -0.0009633101        0.0003156200       -0.0010058798
        0.0004710103       -0.0001374246        0.0008170551
        0.1259643102       -0.0233837349        0.2852751197
       -0.0004501300        0.0000201103        0.0009384502
        0.0003237952        0.0000930700        0.0002005800
        0.0000909901       -0.0000747647        0.0001646549
       -0.0000993347       -0.0000103847       -0.0000771345
        0.0000009101        0.0001520499       -0.0001103049
       -0.0006168554        0.0017967002       -0.0031623500
       -0.0013752452       -0.0002337003       -0.0014732851
       -0.0055939051        0.0030253452       -0.0015653103
       -0.0085147551        0.0024353250        0.0279541447
       -0.1258148302        0.0209284946        0.1194928049
        0.0107761051       -0.0020817549       -0.0139136949
        0.0005646046       -0.0002773405       -0.0009863200
        0.0002616096       -0.0000848704        0.0003237301
       -0.0005878999       -0.0000406050        0.0016931199
        0.0006361103       -0.0006991203       -0.0004501300
        0.1295368202       -0.0240465951       -0.1282502899
        0.0007719996       -0.0007289051        0.0003687148
        0.0000393601        0.0000385802       -0.0000170451
        0.0000110600        0.0000071950        0.0000576452
       -0.0000848601       -0.0000086951       -0.0000284101
        0.0021092748        0.0082828754        0.0007896804
       -0.0001037850       -0.0024746151        0.0000641654
        0.0026082853        0.0081334801        0.0001654897
        0.0021549403        0.0007013202       -0.0053230301
        0.0212880249       -0.0387124101       -0.0288790247
       -0.0022496150        0.0017165104        0.0027276053
       -0.0002726350       -0.0004171250        0.0000924203
       -0.0002138802       -0.0004540451        0.0000528954
        0.0001403802       -0.0005029796       -0.0003267047
       -0.0007818750       -0.0028100453        0.0000201103
       -0.0240465951        0.0294252197        0.0306803102
       -0.0006539750       -0.0028390849       -0.0000572149
       -0.0000919297       -0.0000071148        0.0001312603
        0.0000305454       -0.0001549844       -0.0001018398
        0.0000930802        0.0002084303       -0.0000479301
       -0.0042886850        0.0007220302       -0.0035373597
       -0.0014323402        0.0002808301        0.0002294803
       -0.0004645949        0.0001001402        0.0015890598
       -0.0031310148        0.0005348849        0.0035189748
        0.1196083153       -0.0282652002       -0.2637421599
        0.0170185751       -0.0038930847       -0.0167864849
        0.0010546648       -0.0001017850       -0.0010045900
        0.0002798700       -0.0001656502       -0.0000409298
       -0.0002870749        0.0001714503        0.0002320451
        0.0004195152       -0.0001110553        0.0009384502
       -0.1282502899        0.0306803102        0.2778374198
       -0.0005010352        0.0000718450        0.0008277053
       -0.0000615850       -0.0000715599        0.0000956601
        0.0000647253       -0.0000781847       -0.0000821197
        0.0000054101        0.0001203603       -0.0000703201
       -0.0106235754        0.0024661253       -0.0044164000
        0.0007456049        0.0016137599        0.0034542151
        0.0009802650       -0.0005981849        0.0000165949
        0.0008471201        0.0014575349       -0.0033719903
       -0.0100156851        0.0024919348        0.0040590950
       -0.3254967299        0.0596606549       -0.0038452299
        0.0007757197       -0.0006501654        0.0005097201
       -0.0006179303       -0.0000984403       -0.0003402400
       -0.0002288800        0.0000630752       -0.0000020452
       -0.0006024050       -0.0000993055        0.0003237952
        0.0007719996       -0.0006539750       -0.0005010352
        0.3435251102       -0.0656419951        0.0040952347
        0.0001708500        0.0000309998        0.0000157499
       -0.0001128501        0.0000305252       -0.0000254349
       -0.0001140552       -0.0000794603        0.0000034149
        0.0025697000        0.0006216254        0.0005994252
        0.0015794049        0.0083359450       -0.0005877646
       -0.0004372851       -0.0022585499       -0.0001317201
        0.0014806201        0.0082810598        0.0002016148
        0.0018772101        0.0008090299       -0.0003771001
        0.0599696202       -0.0461570247        0.0004500654
       -0.0006738551       -0.0028609551        0.0000579450
        0.0001417899       -0.0004069452       -0.0000391000
       -0.0002047099       -0.0005527048        0.0000470752
        0.0000255451       -0.0004159949        0.0000930700
       -0.0007289051       -0.0028390849        0.0000718450
       -0.0656419951        0.0373791698       -0.0004501499
       -0.0003168097        0.0000478801       -0.0000528399
        0.0001505600       -0.0000811247        0.0000964351
        0.0002018751        0.0001832899        0.0000319000
        0.0267198450       -0.0054406496        0.0056370050
        0.0023210251       -0.0007035752       -0.0049854395
        0.0000448301        0.0000425501       -0.0022180501
       -0.0022289549        0.0002735447       -0.0051011554
       -0.0270556299        0.0056079350        0.0049829001
       -0.0039231699        0.0005066303       -0.0575011899
       -0.0003253200        0.0001551248        0.0008186200
        0.0016868199       -0.0003438851        0.0002480851
       -0.0000119198       -0.0000236048        0.0004770251
       -0.0016916400        0.0004238547        0.0002005800
        0.0003687148       -0.0000572149        0.0008277053
        0.0040952347       -0.0004501499        0.0566441599
       -0.0000072549        0.0000098450        0.0000258552
       -0.0000411200       -0.0000175800        0.0000088852
        0.0000237802        0.0000516150       -0.0000617501
       -0.0003860697        0.0006337004        0.0004169405
       -0.0006033949       -0.0007338247       -0.0006005246
        0.0003356902       -0.0011863497        0.0001855398
       -0.0002995995       -0.0005490648        0.0005078050
       -0.0004330846        0.0002508000       -0.0004592297
        0.0005338001        0.0006975554       -0.0001453648
        0.0000290399       -0.0001988300        0.0001305901
        0.0000846302        0.0001401000       -0.0000695599
        0.0002679801        0.0002564002       -0.0000013699
        0.0001016352        0.0001600799        0.0000909901
        0.0000393601       -0.0000919297       -0.0000615850
        0.0001708500       -0.0003168097       -0.0000072549
        0.1777584896        0.1190488453       -0.2627733497
       -0.1217511846        0.0334085556        0.2223709205
       -0.0558471547       -0.1515351750        0.0404816902
       -0.0005715501       -0.0007882898       -0.0004955399
        0.0002325848       -0.0008392448       -0.0003574047
        0.0003714950       -0.0006219295        0.0001999700
        0.0000722852       -0.0003922250        0.0003682752
       -0.0002369498       -0.0003679401        0.0005427452
       -0.0006647849       -0.0005354596        0.0001487703
        0.0000363900        0.0000431450        0.0000105402
       -0.0000812651       -0.0000916151        0.0000973600
       -0.0001015650       -0.0000289046       -0.0000198847
       -0.0000612499       -0.0000277151       -0.0000747647
        0.0000385802       -0.0000071148       -0.0000715599
        0.0000309998        0.0000478801        0.0000098450
        0.1190488453        0.4973920397       -0.0343687648
        0.0034431756       -0.0475764446       -0.0224384047
       -0.1215734949       -0.4462035849        0.0563722651
        0.0007434951        0.0005909953        0.0000981802
       -0.0002852400        0.0011982050        0.0000390804
       -0.0000241249       -0.0002856848       -0.0007589202
        0.0000425152       -0.0007393450        0.0003629850
       -0.0005980198       -0.0002701250        0.0001845603
        0.0000653353        0.0000776703       -0.0003438348
        0.0000418001       -0.0002572500        0.0001562452
       -0.0001422700       -0.0002618802        0.0001610854
        0.0000486753        0.0000464703       -0.0000072450
        0.0001075603        0.0002008397        0.0001646549
       -0.0000170451        0.0001312603        0.0000956601
        0.0000157499       -0.0000528399        0.0000258552
       -0.2627733497       -0.0343687648        0.4471501097
        0.2119236703       -0.0744888447       -0.3944877949
        0.0509278152        0.1084118750       -0.0528323400
       -0.0000892848       -0.0000501947       -0.0001247795
       -0.0000115250       -0.0001265849        0.0000718055
       -0.0002389999        0.0000913604        0.0002167400
       -0.0000853095        0.0003189601       -0.0000493401
        0.0004091854        0.0000551452       -0.0000203499
        0.0000885552       -0.0001382244        0.0000455603
        0.0000052052        0.0000284700       -0.0000402699
       -0.0000116199        0.0000255099       -0.0000412496
       -0.0000296896       -0.0000401047        0.0000208803
       -0.0000871646       -0.0001418601       -0.0000993347
        0.0000110600        0.0000305454        0.0000647253
       -0.0001128501        0.0001505600       -0.0000411200
       -0.1217511846        0.0034431756        0.2119236703
        0.1294413795       -0.0090186697       -0.2276828647
       -0.0075375047        0.0053647250        0.0158238251
       -0.0002770696       -0.0000284646        0.0002736354
       -0.0000386899       -0.0005818748       -0.0001383094
       -0.0000618047       -0.0000672946        0.0003420649
       -0.0003562894        0.0002109752       -0.0001634152
        0.0002592702        0.0003472400       -0.0004409648
        0.0003543050        0.0001438104        0.0003004703
        0.0000126502        0.0000232552       -0.0000519751
        0.0000642100        0.0000745152       -0.0000691398
        0.0000557753        0.0000243705       -0.0000397145
        0.0000187353       -0.0000258299       -0.0000103847
        0.0000071950       -0.0001549844       -0.0000781847
        0.0000305252       -0.0000811247       -0.0000175800
        0.0334085556       -0.0475764446       -0.0744888447
       -0.0090186697        0.0477513595        0.0322301455
       -0.0244711148       -0.0000601597        0.0423066251
        0.0000182851       -0.0000357997       -0.0002191095
        0.0000879550        0.0000016053       -0.0001023494
       -0.0000448796        0.0000343906       -0.0000048499
        0.0000837255        0.0000112053        0.0000685051
        0.0000273454       -0.0001244649        0.0002707554
       -0.0001265147       -0.0001837745       -0.0000702747
        0.0000207052        0.0000376701       -0.0000242898
       -0.0000273999        0.0000001648        0.0000041703
       -0.0000154247        0.0000042607        0.0000017053
       -0.0000969146       -0.0000599201       -0.0000771345
        0.0000576452       -0.0001018398       -0.0000821197
       -0.0000254349        0.0000964351        0.0000088852
        0.2223709205       -0.0224384047       -0.3944877949
       -0.2276828647        0.0322301455        0.4069566495
        0.0054235653       -0.0095114200       -0.0122404398
        0.0009190001       -0.0007461946       -0.0008353197
        0.0005560000        0.0001554000        0.0008902353
       -0.0007031250        0.0006761903       -0.0002334801
        0.0007455901        0.0000516252       -0.0009500300
       -0.0001912198       -0.0001968053        0.0005030702
       -0.0009546397       -0.0004325196        0.0007985150
       -0.0000995348        0.0002373949       -0.0001224251
       -0.0001442450       -0.0001825552        0.0001592451
       -0.0002787547       -0.0001835747       -0.0000343749
       -0.0000766047       -0.0000401403        0.0000009101
       -0.0000848601        0.0000930802        0.0000054101
       -0.0001140552        0.0002018751        0.0000237802
       -0.0558471547       -0.1215734949        0.0509278152
       -0.0075375047       -0.0244711148        0.0054235653
        0.0638116597        0.1464047051       -0.0565551051
        0.0010559199       -0.0007034697        0.0004769151
       -0.0009090800       -0.0005348849        0.0009166155
       -0.0008558550       -0.0005388949       -0.0010477899
       -0.0001248401       -0.0005529151       -0.0001840050
       -0.0000824249       -0.0003225250        0.0000045299
        0.0003757501       -0.0005045550       -0.0005186098
       -0.0000577552        0.0002251150       -0.0000570250
        0.0001367349        0.0002825897       -0.0001251547
        0.0002376601        0.0002573904        0.0000860550
        0.0000749952        0.0001967300        0.0001520499
       -0.0000086951        0.0002084303        0.0001203603
       -0.0000794603        0.0001832899        0.0000516150
       -0.1515351750       -0.4462035849        0.1084118750
        0.0053647250       -0.0000601597       -0.0095114200
        0.1464047051        0.4480690399       -0.0988080001
       -0.0008517750       -0.0003315049       -0.0001655550
        0.0005303301       -0.0007842698       -0.0000908250
       -0.0000895051        0.0001900702        0.0012786697
        0.0000799099        0.0003899697       -0.0009336753
        0.0004997250        0.0001694599       -0.0006977950
       -0.0000137950       -0.0000660395        0.0007521950
       -0.0000827652        0.0002754649       -0.0001905400
        0.0002655548        0.0003902846       -0.0003104751
       -0.0000287451       -0.0000202448       -0.0000368348
       -0.0000328248       -0.0000977852       -0.0001103049
       -0.0000284101       -0.0000479301       -0.0000703201
        0.0000034149        0.0000319000       -0.0000617501
        0.0404816902        0.0563722651       -0.0528323400
        0.0158238251        0.0423066251       -0.0122404398
       -0.0565551051       -0.0988080001        0.0657124900
