   16   48
        0.0960845398        0.0000007793       -0.0747500496
       -0.0001879948        0.0000000853        0.0007134201
       -0.0517147100        0.0154758050        0.0288461604
       -0.0517147151       -0.0154757305        0.0288462394
        0.0038228546       -0.0037639103       -0.0024112552
        0.0038226000        0.0037637449       -0.0024113001
       -0.0037718053        0.0218317251        0.0178018598
       -0.0037718644       -0.0218315546        0.0178018803
        0.0015443749       -0.0054392297       -0.0049005905
        0.0015444056        0.0054388454       -0.0049005899
        0.0014025301       -0.0009251454        0.0001126398
        0.0014025949        0.0009252801        0.0001127052
        0.0008228852       -0.0003925152       -0.0022144548
        0.0008228398        0.0003924197       -0.0022144150
       -0.0000915253        0.0000000455       -0.0001726045
       -0.0000162999        0.0000000705       -0.0002597699
        0.0000007793        0.2400010999        0.0000132803
        0.0000001751       -0.0011357099        0.0000000301
        0.0310590804       -0.0868552650       -0.0541111598
       -0.0310591651       -0.0868553502        0.0541225046
        0.0020830697       -0.0076580750       -0.0099394202
       -0.0020828952       -0.0076582398        0.0099392645
        0.0020928996       -0.0093140949       -0.0067592549
       -0.0020930349       -0.0093141347        0.0067596147
        0.0081023649       -0.0171345454       -0.0139656703
       -0.0081027497       -0.0171345050        0.0139649552
       -0.0002886600        0.0003570347        0.0012601998
        0.0002888049        0.0003570949       -0.0012599548
       -0.0004349653        0.0013947050       -0.0012915746
        0.0004353348        0.0013945896        0.0012919350
        0.0000002797       -0.0003025144        0.0000000199
        0.0000003649       -0.0001411149        0.0000000603
       -0.0747500496        0.0000132803        0.2080828187
        0.0006531008       -0.0000001091        0.0027474357
        0.0278447703       -0.0247990397       -0.0825014490
        0.0278447453        0.0248108353       -0.0825013296
        0.0101184651       -0.0277615896       -0.0202987343
        0.0101182809        0.0277616857       -0.0202987945
        0.0037299600       -0.0092599640       -0.0060314596
        0.0037300907        0.0092598259       -0.0060314642
       -0.0036924047        0.0078382607        0.0071308654
       -0.0036922341       -0.0078392543        0.0071307358
        0.0010412208        0.0000214555        0.0021420760
        0.0010412151       -0.0000214999        0.0021421607
       -0.0020364996        0.0009389703       -0.0061562491
       -0.0020363791       -0.0009390442       -0.0061561343
       -0.0001160345        0.0000000659        0.0007858409
        0.0002010108       -0.0000000341       -0.0001857842
       -0.0001879948        0.0000001751        0.0006531008
        0.5767639391       -0.0000178045        0.0364412307
        0.0044862207        0.0123763704       -0.0060648290
        0.0044861855       -0.0123764750       -0.0060646499
       -0.0909183854       -0.0278723894        0.0170414654
       -0.0909184342        0.0278699554        0.0170414154
        0.0006276002        0.0011050702       -0.0008760196
        0.0006277156       -0.0011048490       -0.0008759196
       -0.0009633948        0.0003020853       -0.0039356047
       -0.0009633345       -0.0003021245       -0.0039356144
       -0.0090892195       -0.0292169199        0.0175027958
       -0.0090892047        0.0292169699        0.0175028754
        0.0020253157        0.0090579402       -0.0055173746
        0.0020255305       -0.0090581744       -0.0055172592
       -0.0905318501       -0.0000011892       -0.0958386943
       -0.2983796446       -0.0000157797        0.0224270553
        0.0000000853       -0.0011357099       -0.0000001091
       -0.0000178045        0.4481363692       -0.0000000097
        0.0009814102        0.0002710999        0.0067713506
       -0.0009814846        0.0002710004       -0.0067722948
       -0.0279506799       -0.1543122346        0.0412787108
        0.0279478752       -0.1543122994       -0.0412675399
       -0.0001085999        0.0000410557       -0.0011120244
        0.0001087705        0.0000410660        0.0011121654
       -0.0006856300        0.0011492108       -0.0016813499
        0.0006857005        0.0011490255        0.0016814852
        0.0001367255       -0.0025918297        0.0010880404
       -0.0001368699       -0.0025917450       -0.0010879796
       -0.0096961594       -0.0226209750        0.0151881756
        0.0096955506       -0.0226209551       -0.0151895000
       -0.0000006645       -0.0454816342       -0.0000129546
       -0.0000139846       -0.0453918045        0.0000007458
        0.0007134201        0.0000000301        0.0027474357
        0.0364412307       -0.0000000097        0.5612530788
        0.0087629058        0.0284394054       -0.0201368493
        0.0087629354       -0.0284394145       -0.0201367499
        0.0153000201        0.0436669404       -0.1042091588
        0.0152998956       -0.0436545690       -0.1042092293
        0.0009507755       -0.0002854443        0.0019738104
        0.0009508506        0.0002855410        0.0019739258
       -0.0022377498        0.0002149204       -0.0055969201
       -0.0022377191       -0.0002151597       -0.0055970042
        0.0009212704        0.0025849005       -0.0023950543
        0.0009213102       -0.0025847851       -0.0023950292
       -0.0051779892       -0.0146626195        0.0087492009
       -0.0051778994        0.0146618754        0.0087492560
       -0.0968462001       -0.0000142541       -0.2692385544
        0.0226336505        0.0000008856       -0.0515319795
       -0.0517147100        0.0310590804        0.0278447703
        0.0044862207        0.0009814102        0.0087629058
        0.5348187392        0.0505563997       -0.0165543344
        0.0047470104       -0.0072008697       -0.0023700352
       -0.1007172847       -0.0011185296       -0.0479877593
       -0.0008931045        0.0004492102       -0.0005888450
       -0.3095820301       -0.0001578996        0.0143950706
        0.0011063707       -0.0013096246       -0.0014107047
       -0.0705747948       -0.0697773345        0.0365380447
       -0.0009822196       -0.0023340095        0.0016251005
       -0.0139216496        0.0028078551       -0.0335073543
        0.0000945704       -0.0000116552        0.0000309802
        0.0027770454       -0.0004815348        0.0093272655
        0.0000324354       -0.0002435399        0.0003636603
       -0.0002624051       -0.0027316793        0.0020117255
        0.0005861051       -0.0005243044        0.0014919902
        0.0154758050       -0.0868552650       -0.0247990397
        0.0123763704        0.0002710999        0.0284394054
        0.0505563997        0.4662156596       -0.0927124000
        0.0072005901       -0.0224945148       -0.0133516255
        0.0008453395       -0.0738557497        0.0138759702
        0.0010930250        0.0027570098       -0.0013896255
       -0.0063054500       -0.0437781148        0.0050664005
        0.0000871950        0.0024241558       -0.0017355245
       -0.0687268499       -0.2367178251        0.1046702198
       -0.0016839050       -0.0039975248        0.0039731805
        0.0004447952       -0.0010207799       -0.0009952095
        0.0002327249       -0.0002673750        0.0001527803
       -0.0105587952        0.0015388798       -0.0230649147
       -0.0001355352        0.0000936802       -0.0009538849
       -0.0015828198       -0.0055595945        0.0035583304
        0.0006451455        0.0012477756       -0.0007105649
        0.0288461604       -0.0541111598       -0.0825014490
       -0.0060648290        0.0067713506       -0.0201368493
       -0.0165543344       -0.0927124000        0.4249480389
       -0.0023701494        0.0133509002        0.0108686754
       -0.0431408296        0.0073308104       -0.1689696199
       -0.0006375694       -0.0016061495        0.0015018753
        0.0102390902        0.0067517556       -0.0443274541
       -0.0006997891        0.0002543010       -0.0002180394
        0.0365381305        0.1087778105       -0.0996789601
        0.0015876304        0.0042188452       -0.0033895094
        0.0009514207       -0.0006829646       -0.0013593893
       -0.0002631197       -0.0000854396       -0.0002076592
       -0.0082890597        0.0017363305       -0.0172417492
        0.0000487807       -0.0005739247       -0.0002314295
        0.0003526350        0.0020714509        0.0001091155
       -0.0005692544       -0.0014707047        0.0008339953
       -0.0517147151       -0.0310591651        0.0278447453
        0.0044861855       -0.0009814846        0.0087629354
        0.0047470104        0.0072005901       -0.0023701494
        0.5348187892       -0.0505944450       -0.0165542150
       -0.0008929447       -0.0004491693       -0.0005888046
       -0.1007174149        0.0011173057       -0.0479877900
        0.0011064202        0.0013095553       -0.0014108144
       -0.3095818897        0.0001251055        0.0143951405
       -0.0009822799        0.0023339555        0.0016250897
       -0.0705746947        0.0697744355        0.0365379259
        0.0000945300        0.0000118001        0.0000309058
       -0.0139216701       -0.0028083394       -0.0335073548
        0.0000322757        0.0002436502        0.0003634858
        0.0027772103        0.0004818003        0.0093272655
       -0.0002623699        0.0027316304        0.0020116602
        0.0005860858        0.0005241253        0.0014919908
       -0.0154757305       -0.0868553502        0.0248108353
       -0.0123764750        0.0002710004       -0.0284394145
       -0.0072008697       -0.0224945148        0.0133509002
       -0.0505944450        0.4662158597        0.0927370201
       -0.0010928301        0.0027569553        0.0013895402
       -0.0008466048       -0.0738560095       -0.0138905699
       -0.0000870153        0.0024239949        0.0017356950
        0.0062760955       -0.0437781193       -0.0050642797
        0.0016839249       -0.0039976396       -0.0039732703
        0.0687211701       -0.2367178752       -0.1046485500
       -0.0002325999       -0.0002674653       -0.0001524899
       -0.0004446798       -0.0010210101        0.0009951856
        0.0001357398        0.0000934750        0.0009541452
        0.0105588452        0.0015387354        0.0230650301
        0.0015830750       -0.0055596593       -0.0035582144
       -0.0006447647        0.0012476903        0.0007108355
        0.0288462394        0.0541225046       -0.0825013296
       -0.0060646499       -0.0067722948       -0.0201367499
       -0.0023700352       -0.0133516255        0.0108686754
       -0.0165542150        0.0927370201        0.4249478297
       -0.0006373199        0.0016061301        0.0015021152
       -0.0431408250       -0.0073461649       -0.1689697905
       -0.0006997954       -0.0002541600       -0.0002180298
        0.0102392903       -0.0067497245       -0.0443272597
        0.0015877748       -0.0042190646       -0.0033893053
        0.0365381999       -0.1087546798       -0.0996789549
       -0.0002630145        0.0000856801       -0.0002076399
        0.0009516350        0.0006830646       -0.0013592296
        0.0000488001        0.0005741197       -0.0002314846
       -0.0082888999       -0.0017369001       -0.0172415247
        0.0003526350       -0.0020716146        0.0001092701
       -0.0005691601        0.0014709406        0.0008340402
        0.0038228546        0.0020830697        0.0101184651
       -0.0909183854       -0.0279506799        0.0153000201
       -0.1007172847        0.0008453395       -0.0431408296
       -0.0008929447       -0.0010928301       -0.0006373199
        0.5807911100       -0.0258560596       -0.0270160547
        0.0035863701        0.0080914504       -0.0055873954
       -0.0132105805        0.0014700601       -0.0320113753
        0.0001309155        0.0001256308       -0.0000792852
        0.0035222899       -0.0003172102        0.0098039249
        0.0000022851       -0.0000114903        0.0000767352
       -0.3065311199       -0.0057049806        0.0214356049
        0.0005516648        0.0011850398       -0.0004389551
       -0.0733196651        0.0621178697        0.0408763901
       -0.0000948546        0.0028822598        0.0013228799
        0.0033954348        0.0122185702       -0.0064232449
       -0.0101171997       -0.0301240249        0.0163745352
       -0.0037639103       -0.0076580750       -0.0277615896
       -0.0278723894       -0.1543122346        0.0436669404
       -0.0011185296       -0.0738557497        0.0073308104
       -0.0004491693        0.0027569553        0.0016061301
       -0.0258560596        0.5236449590        0.0489898360
       -0.0080919796       -0.0289837743        0.0119405951
       -0.0010942051        0.0003828103        0.0003961503
       -0.0003114093       -0.0004939392        0.0000775958
        0.0129037653        0.0005710507        0.0259565201
        0.0000906255        0.0005910204        0.0003020057
       -0.0064669644       -0.0483335742       -0.0010930796
       -0.0005281595        0.0017763153        0.0010293303
        0.0624303749       -0.2095590497       -0.1101077345
        0.0010788455       -0.0031688995       -0.0026650395
       -0.0008804301       -0.0008617639       -0.0005268390
       -0.0001059743       -0.0024952993        0.0008898706
       -0.0024112552       -0.0099394202       -0.0202987343
        0.0170414654        0.0412787108       -0.1042091588
       -0.0479877593        0.0138759702       -0.1689696199
       -0.0005888046        0.0013895402        0.0015021152
       -0.0270160547        0.0489898360        0.4776284891
       -0.0055874142       -0.0119420048        0.0121324098
        0.0009545749        0.0005084109       -0.0002733998
        0.0000407954       -0.0001481737       -0.0002627650
       -0.0072918448       -0.0011097296       -0.0131817797
        0.0000674953        0.0005156153       -0.0004677042
        0.0191963954       -0.0006217999       -0.0473678097
       -0.0003020301        0.0001244155        0.0003339704
        0.0408876900       -0.1090037750       -0.1181882647
        0.0013091153       -0.0047603248       -0.0016196594
        0.0111546200        0.0270077607       -0.0138500644
        0.0005076606        0.0038665752       -0.0029081247
        0.0038226000       -0.0020828952        0.0101182809
       -0.0909184342        0.0279478752        0.0152998956
       -0.0008931045        0.0010930250       -0.0006375694
       -0.1007174149       -0.0008466048       -0.0431408250
        0.0035863701       -0.0080919796       -0.0055874142
        0.5807913692        0.0258186606       -0.0270163946
        0.0001308553       -0.0001255398       -0.0000795796
       -0.0132106294       -0.0014706541       -0.0320113043
        0.0000021299        0.0000115853        0.0000767500
        0.0035221905        0.0003174353        0.0098036503
        0.0005515204       -0.0011848851       -0.0004390995
       -0.3065311699        0.0056726600        0.0214355350
       -0.0000951451       -0.0028821148        0.0013225610
       -0.0733196794       -0.0621194749        0.0408763805
        0.0033953546       -0.0122186543       -0.0064234393
       -0.0101172998        0.0301238504        0.0163744158
        0.0037637449       -0.0076582398        0.0277616857
        0.0278699554       -0.1543122994       -0.0436545690
        0.0004492102        0.0027570098       -0.0016061495
        0.0011173057       -0.0738560095       -0.0073461649
        0.0080914504       -0.0289837743       -0.0119420048
        0.0258186606        0.5236451091       -0.0489556896
        0.0003115252       -0.0004941091       -0.0000774196
        0.0010942557        0.0003827904       -0.0003963095
       -0.0000906397        0.0005910255       -0.0003019198
       -0.0129039796        0.0005708455       -0.0259563950
        0.0005283204        0.0017762454       -0.0010292348
        0.0064383050       -0.0483335697        0.0010951453
       -0.0010787352       -0.0031689598        0.0026650309
       -0.0624348195       -0.2095591896        0.1101382503
        0.0008808001       -0.0008617894        0.0005265957
        0.0001061852       -0.0024953493       -0.0008899593
       -0.0024113001        0.0099392645       -0.0202987945
        0.0170414154       -0.0412675399       -0.1042092293
       -0.0005888450       -0.0013896255        0.0015018753
       -0.0479877900       -0.0138905699       -0.1689697905
       -0.0055873954        0.0119405951        0.0121324098
       -0.0270163946       -0.0489556896        0.4776285698
        0.0000407294        0.0001482556       -0.0002629002
        0.0009545704       -0.0005084246       -0.0002732997
        0.0000673248       -0.0005159751       -0.0004676156
       -0.0072918351        0.0011090350       -0.0131819149
       -0.0003020898       -0.0001244001        0.0003338999
        0.0191962550        0.0006237548       -0.0473678153
        0.0013090551        0.0047601702       -0.0016198794
        0.0408878856        0.1090350395       -0.1181882101
        0.0111544597       -0.0270080596       -0.0138500246
        0.0005075202       -0.0038666303       -0.0029082901
       -0.0037718053        0.0020928996        0.0037299600
        0.0006276002       -0.0001085999        0.0009507755
       -0.3095820301       -0.0063054500        0.0102390902
        0.0011064202       -0.0000870153       -0.0006997954
       -0.0132105805       -0.0010942051        0.0009545749
        0.0001308553        0.0003115252        0.0000407294
        0.3319929101        0.0032890199       -0.0108787100
       -0.0003347793        0.0010702303       -0.0004775251
       -0.0082954307        0.0008315550       -0.0004438999
        0.0002421649       -0.0000946051       -0.0000075153
        0.0003406200       -0.0001578150       -0.0027344947
       -0.0000984602       -0.0002199749        0.0000327447
        0.0000930146       -0.0002670401       -0.0002755849
       -0.0000448301        0.0000322149       -0.0000009351
        0.0003972747       -0.0001485699        0.0000338900
        0.0004072700        0.0008266949       -0.0004920150
        0.0218317251       -0.0093140949       -0.0092599640
        0.0011050702        0.0000410557       -0.0002854443
       -0.0001578996       -0.0437781148        0.0067517556
        0.0013095553        0.0024239949       -0.0002541600
        0.0014700601        0.0003828103        0.0005084109
       -0.0001255398       -0.0004941091        0.0001482556
        0.0032890199        0.0481846189        0.0007872359
       -0.0010701439        0.0000748111        0.0004788257
       -0.0273200402        0.0008770803        0.0010845702
       -0.0002772293        0.0003965408       -0.0002261442
        0.0004666003        0.0008818455        0.0001901208
       -0.0001547397        0.0000207302       -0.0001189892
       -0.0001735646        0.0000457902        0.0000498960
       -0.0000123646        0.0000250304        0.0001374457
       -0.0001505697        0.0000574511       -0.0000878492
       -0.0000606894        0.0001746008        0.0000984858
        0.0178018598       -0.0067592549       -0.0060314596
       -0.0008760196       -0.0011120244        0.0019738104
        0.0143950706        0.0050664005       -0.0443274541
       -0.0014108144        0.0017356950       -0.0002180298
       -0.0320113753        0.0003961503       -0.0002733998
       -0.0000795796       -0.0000774196       -0.0002629002
       -0.0108787100        0.0007872359        0.0542158591
       -0.0004775495       -0.0004786642        0.0007637652
        0.0140843656       -0.0002391243       -0.0011472849
       -0.0000698549        0.0002552605       -0.0001830745
       -0.0026597297        0.0007365048       -0.0057201447
        0.0001319353       -0.0000575102       -0.0001502497
        0.0007267255       -0.0003083346        0.0011505858
        0.0000285451        0.0001003053        0.0001307706
        0.0004054152       -0.0002751540        0.0001520306
        0.0008595003        0.0002319405       -0.0000723799
       -0.0037718644       -0.0020930349        0.0037300907
        0.0006277156        0.0001087705        0.0009508506
        0.0011063707        0.0000871950       -0.0006997891
       -0.3095818897        0.0062760955        0.0102392903
        0.0001309155       -0.0003114093        0.0000407954
       -0.0132106294        0.0010942557        0.0009545704
       -0.0003347793       -0.0010701439       -0.0004775495
        0.3319927487       -0.0033179390       -0.0108782694
        0.0002424656        0.0000946005       -0.0000073248
       -0.0082953142       -0.0008315942       -0.0004436140
       -0.0000984443        0.0002201404        0.0000328112
        0.0003407706        0.0001578701       -0.0027343140
       -0.0000449495       -0.0000321398       -0.0000009442
        0.0000932459        0.0002671806       -0.0002754695
        0.0003972553        0.0001486256        0.0000339861
        0.0004073655       -0.0008266846       -0.0004919195
       -0.0218315546       -0.0093141347        0.0092598259
       -0.0011048490        0.0000410660        0.0002855410
       -0.0013096246        0.0024241558        0.0002543010
        0.0001251055       -0.0437781193       -0.0067497245
        0.0001256308       -0.0004939392       -0.0001481737
       -0.0014706541        0.0003827904       -0.0005084246
        0.0010702303        0.0000748111       -0.0004786642
       -0.0033179390        0.0481845984       -0.0007851196
        0.0002771856        0.0003965556        0.0002262954
        0.0273196508        0.0008771559       -0.0010844838
        0.0001548204        0.0000207905        0.0001191307
       -0.0004666441        0.0008819558       -0.0001900491
        0.0000125505        0.0000251259       -0.0001372644
        0.0001737760        0.0000458556       -0.0000496942
        0.0001509403        0.0000574465        0.0000878458
        0.0000611158        0.0001746258       -0.0000983039
        0.0178018803        0.0067596147       -0.0060314642
       -0.0008759196        0.0011121654        0.0019739258
       -0.0014107047       -0.0017355245       -0.0002180394
        0.0143951405       -0.0050642797       -0.0443272597
       -0.0000792852        0.0000775958       -0.0002627650
       -0.0320113043       -0.0003963095       -0.0002732997
       -0.0004775251        0.0004788257        0.0007637652
       -0.0108782694       -0.0007851196        0.0542156192
       -0.0000696195       -0.0002552548       -0.0001828198
        0.0140846004        0.0002393602       -0.0011472747
        0.0001320404        0.0000575807       -0.0001501144
       -0.0026596695       -0.0007363252       -0.0057199850
        0.0000284751       -0.0001001700        0.0001306711
        0.0007269500        0.0003085654        0.0011508155
        0.0004054601        0.0002752506        0.0001521653
        0.0008595401       -0.0002318097       -0.0000722542
        0.0015443749        0.0081023649       -0.0036924047
       -0.0009633948       -0.0006856300       -0.0022377498
       -0.0705747948       -0.0687268499        0.0365381305
       -0.0009822799        0.0016839249        0.0015877748
        0.0035222899        0.0129037653       -0.0072918448
        0.0000021299       -0.0000906397        0.0000673248
       -0.0082954307       -0.0273200402        0.0140843656
        0.0002424656        0.0002771856       -0.0000696195
        0.0735336198        0.0724944698       -0.0394048999
        0.0005485504        0.0005588549       -0.0004218850
        0.0003226148        0.0003656453        0.0006684951
       -0.0000292005       -0.0000077705       -0.0000039950
        0.0003471450       -0.0002291949        0.0008540701
       -0.0000433948       -0.0000515053        0.0000125004
        0.0004842099        0.0004877808       -0.0004391450
        0.0003412401        0.0002309150       -0.0002523848
       -0.0054392297       -0.0171345454        0.0078382607
        0.0003020853        0.0011492108        0.0002149204
       -0.0697773345       -0.2367178251        0.1087778105
        0.0023339555       -0.0039976396       -0.0042190646
       -0.0003172102        0.0005710507       -0.0011097296
        0.0000115853        0.0005910255       -0.0005159751
        0.0008315550        0.0008770803       -0.0002391243
        0.0000946005        0.0003965556       -0.0002552548
        0.0724944698        0.2548846692       -0.1119428703
       -0.0005590795       -0.0010930648        0.0014038358
        0.0002166405       -0.0000592951        0.0000108753
        0.0000227703       -0.0000119047        0.0000588352
        0.0000403105        0.0004958849        0.0002368256
       -0.0000906243        0.0001236754       -0.0000105791
       -0.0001447000       -0.0000582395       -0.0001814749
       -0.0000228346       -0.0000163749       -0.0000457248
       -0.0049005905       -0.0139656703        0.0071308654
       -0.0039356047       -0.0016813499       -0.0055969201
        0.0365380447        0.1046702198       -0.0996789601
        0.0016250897       -0.0039732703       -0.0033893053
        0.0098039249        0.0259565201       -0.0131817797
        0.0000767500       -0.0003019198       -0.0004676156
       -0.0004438999        0.0010845702       -0.0011472849
       -0.0000073248        0.0002262954       -0.0001828198
       -0.0394048999       -0.1119428703        0.1135458399
       -0.0004219152       -0.0014037403        0.0012220050
       -0.0000627301       -0.0001466952        0.0011222653
        0.0000035300        0.0000892646        0.0000944050
        0.0008369597       -0.0002620055        0.0010353500
        0.0000413399        0.0001156252        0.0002005902
        0.0003530295        0.0019420958       -0.0009337344
       -0.0001017747       -0.0003819849        0.0002287851
        0.0015444056       -0.0081027497       -0.0036922341
       -0.0009633345        0.0006857005       -0.0022377191
       -0.0009822196       -0.0016839050        0.0015876304
       -0.0705746947        0.0687211701        0.0365381999
        0.0000022851        0.0000906255        0.0000674953
        0.0035221905       -0.0129039796       -0.0072918351
        0.0002421649       -0.0002772293       -0.0000698549
       -0.0082953142        0.0273196508        0.0140846004
        0.0005485504       -0.0005590795       -0.0004219152
        0.0735335891       -0.0724981743       -0.0394049147
       -0.0000291942        0.0000077705       -0.0000039245
        0.0003225648       -0.0003654452        0.0006685804
       -0.0000435796        0.0000514251        0.0000125209
        0.0003472900        0.0002290903        0.0008541451
        0.0004841598       -0.0004877688       -0.0004391296
        0.0003414510       -0.0002309196       -0.0002522694
        0.0054388454       -0.0171345050       -0.0078392543
       -0.0003021245        0.0011490255       -0.0002151597
       -0.0023340095       -0.0039975248        0.0042188452
        0.0697744355       -0.2367178752       -0.1087546798
       -0.0000114903        0.0005910204        0.0005156153
        0.0003174353        0.0005708455        0.0011090350
       -0.0000946051        0.0003965408        0.0002552605
       -0.0008315942        0.0008771559        0.0002393602
        0.0005588549       -0.0010930648       -0.0014037403
       -0.0724981743        0.2548846192        0.1119654053
       -0.0000227544       -0.0000120593       -0.0000586994
       -0.0002168747       -0.0000594895       -0.0000109645
        0.0000905203        0.0001236401        0.0000104853
       -0.0000402144        0.0004959003       -0.0002367096
        0.0001449905       -0.0000582543        0.0001815255
        0.0000232507       -0.0000164545        0.0000456907
       -0.0049005899        0.0139649552        0.0071307358
       -0.0039356144        0.0016814852       -0.0055970042
        0.0016251005        0.0039731805       -0.0033895094
        0.0365379259       -0.1046485500       -0.0996789549
        0.0000767352        0.0003020057       -0.0004677042
        0.0098036503       -0.0259563950       -0.0131819149
       -0.0000075153       -0.0002261442       -0.0001830745
       -0.0004436140       -0.0010844838       -0.0011472747
       -0.0004218850        0.0014038358        0.0012220050
       -0.0394049147        0.1119654053        0.1135460491
        0.0000034157       -0.0000890901        0.0000942106
       -0.0000627495        0.0001469806        0.0011222903
        0.0000410904       -0.0001154450        0.0002003958
        0.0008370557        0.0002623000        0.0010353455
        0.0003529351       -0.0019419991       -0.0009338441
       -0.0001019043        0.0003820952        0.0002288004
        0.0014025301       -0.0002886600        0.0010412208
       -0.0090892195        0.0001367255        0.0009212704
       -0.0139216496        0.0004447952        0.0009514207
        0.0000945300       -0.0002325999       -0.0002630145
       -0.3065311199       -0.0064669644        0.0191963954
        0.0005515204        0.0005283204       -0.0003020898
        0.0003406200        0.0004666003       -0.0026597297
       -0.0000984443        0.0001548204        0.0001320404
        0.0003226148        0.0002166405       -0.0000627301
       -0.0000291942       -0.0000227544        0.0000034157
        0.3335828592        0.0081780451       -0.0199767896
        0.0001321251       -0.0006963700       -0.0004164195
       -0.0082402300       -0.0009425048       -0.0000270495
        0.0002457602        0.0000437950        0.0000333307
        0.0003256099       -0.0000899195        0.0002725153
        0.0009123556       -0.0014583395        0.0011293503
       -0.0009251454        0.0003570347        0.0000214555
       -0.0292169199       -0.0025918297        0.0025849005
        0.0028078551       -0.0010207799       -0.0006829646
        0.0000118001       -0.0002674653        0.0000856801
       -0.0057049806       -0.0483335742       -0.0006217999
       -0.0011848851        0.0017762454       -0.0001244001
       -0.0001578150        0.0008818455        0.0007365048
        0.0002201404        0.0000207905        0.0000575807
        0.0003656453       -0.0000592951       -0.0001466952
        0.0000077705       -0.0000120593       -0.0000890901
        0.0081780451        0.0521026595       -0.0032858196
        0.0006963552       -0.0002495301       -0.0001479248
        0.0257185400        0.0006213901       -0.0010217099
        0.0004089497        0.0003224397        0.0001477054
        0.0006512744        0.0010822208       -0.0004240445
       -0.0019060695       -0.0046294952        0.0029142603
        0.0001126398        0.0012601998        0.0021420760
        0.0175027958        0.0010880404       -0.0023950543
       -0.0335073543       -0.0009952095       -0.0013593893
        0.0000309058       -0.0001524899       -0.0002076399
        0.0214356049       -0.0010930796       -0.0473678097
       -0.0004390995       -0.0010292348        0.0003338999
       -0.0027344947        0.0001901208       -0.0057201447
        0.0000328112        0.0001191307       -0.0001501144
        0.0006684951        0.0000108753        0.0011222653
       -0.0000039245       -0.0000586994        0.0000942106
       -0.0199767896       -0.0032858196        0.0557353690
       -0.0004164247        0.0001481249        0.0003599354
        0.0167815807        0.0011782856       -0.0016391891
       -0.0001857495       -0.0001853545       -0.0001466896
        0.0000010601       -0.0005934345        0.0001186510
        0.0006704857        0.0034014005       -0.0009197493
        0.0014025949        0.0002888049        0.0010412151
       -0.0090892047       -0.0001368699        0.0009213102
        0.0000945704        0.0002327249       -0.0002631197
       -0.0139216701       -0.0004446798        0.0009516350
        0.0005516648       -0.0005281595       -0.0003020301
       -0.3065311699        0.0064383050        0.0191962550
       -0.0000984602       -0.0001547397        0.0001319353
        0.0003407706       -0.0004666441       -0.0026596695
       -0.0000292005        0.0000227703        0.0000035300
        0.0003225648       -0.0002168747       -0.0000627495
        0.0001321251        0.0006963552       -0.0004164247
        0.3335827796       -0.0082060654       -0.0199766998
        0.0002456204       -0.0000436449        0.0000333404
       -0.0082401397        0.0009425349       -0.0000267903
        0.0003256446        0.0000900405        0.0002724602
        0.0009124301        0.0014583253        0.0011293952
        0.0009252801        0.0003570949       -0.0000214999
        0.0292169699       -0.0025917450       -0.0025847851
       -0.0000116552       -0.0002673750       -0.0000854396
       -0.0028083394       -0.0010210101        0.0006830646
        0.0011850398        0.0017763153        0.0001244155
        0.0056726600       -0.0483335697        0.0006237548
       -0.0002199749        0.0000207302       -0.0000575102
        0.0001578701        0.0008819558       -0.0007363252
       -0.0000077705       -0.0000119047        0.0000892646
       -0.0003654452       -0.0000594895        0.0001469806
       -0.0006963700       -0.0002495301        0.0001481249
       -0.0082060654        0.0521027198        0.0032878950
       -0.0004088548        0.0003224449       -0.0001475649
       -0.0257186446        0.0006214401        0.0010218804
       -0.0006509003        0.0010822049        0.0004242605
        0.0019064504       -0.0046294798       -0.0029142899
        0.0001127052       -0.0012599548        0.0021421607
        0.0175028754       -0.0010879796       -0.0023950292
        0.0000309802        0.0001527803       -0.0002076592
       -0.0335073548        0.0009951856       -0.0013592296
       -0.0004389551        0.0010293303        0.0003339704
        0.0214355350        0.0010951453       -0.0473678153
        0.0000327447       -0.0001189892       -0.0001502497
       -0.0027343140       -0.0001900491       -0.0057199850
       -0.0000039950        0.0000588352        0.0000944050
        0.0006685804       -0.0000109645        0.0011222903
       -0.0004164195       -0.0001479248        0.0003599354
       -0.0199766998        0.0032878950        0.0557352791
       -0.0001857649        0.0001856250       -0.0001469141
        0.0167817302       -0.0011779900       -0.0016391198
        0.0000009851        0.0005937159        0.0001187101
        0.0006705255       -0.0034012743       -0.0009197043
        0.0008228852       -0.0004349653       -0.0020364996
        0.0020253157       -0.0096961594       -0.0051779892
        0.0027770454       -0.0105587952       -0.0082890597
        0.0000322757        0.0001357398        0.0000488001
       -0.0733196651        0.0624303749        0.0408876900
       -0.0000951451       -0.0010787352        0.0013090551
        0.0000930146       -0.0001735646        0.0007267255
       -0.0000449495        0.0000125505        0.0000284751
        0.0003471450        0.0000403105        0.0008369597
       -0.0000435796        0.0000905203        0.0000410904
       -0.0082402300        0.0257185400        0.0167815807
        0.0002456204       -0.0004088548       -0.0001857649
        0.0746125295       -0.0668039604       -0.0441325199
        0.0003765399       -0.0003187603       -0.0000480395
        0.0000911149        0.0007592359       -0.0002170947
        0.0003201399        0.0002830603       -0.0005747694
       -0.0003925152        0.0013947050        0.0009389703
        0.0090579402       -0.0226209750       -0.0146626195
       -0.0004815348        0.0015388798        0.0017363305
        0.0002436502        0.0000934750        0.0005741197
        0.0621178697       -0.2095590497       -0.1090037750
       -0.0028821148       -0.0031689598        0.0047601702
       -0.0002670401        0.0000457902       -0.0003083346
       -0.0000321398        0.0000251259       -0.0001001700
       -0.0002291949        0.0004958849       -0.0002620055
        0.0000514251        0.0001236401       -0.0001154450
       -0.0009425048        0.0006213901        0.0011782856
       -0.0000436449        0.0003224449        0.0001856250
       -0.0668039604        0.2303119197        0.1167864502
        0.0003188552       -0.0015048698       -0.0011553095
        0.0006389200        0.0009957506       -0.0000216147
       -0.0003561951        0.0008857154       -0.0004996053
       -0.0022144548       -0.0012915746       -0.0061562491
       -0.0055173746        0.0151881756        0.0087492009
        0.0093272655       -0.0230649147       -0.0172417492
        0.0003634858        0.0009541452       -0.0002314846
        0.0408763901       -0.1101077345       -0.1181882647
        0.0013225610        0.0026650309       -0.0016198794
       -0.0002755849        0.0000498960        0.0011505858
       -0.0000009442       -0.0001372644        0.0001306711
        0.0008540701        0.0002368256        0.0010353500
        0.0000125209        0.0000104853        0.0002003958
       -0.0000270495       -0.0010217099       -0.0016391891
        0.0000333404       -0.0001475649       -0.0001469141
       -0.0441325199        0.1167864502        0.1322322487
       -0.0000478440        0.0011553510        0.0005608956
       -0.0004828848       -0.0005118989        0.0007375655
       -0.0000923643       -0.0007348842        0.0004269458
        0.0008228398        0.0004353348       -0.0020363791
        0.0020255305        0.0096955506       -0.0051778994
        0.0000324354       -0.0001355352        0.0000487807
        0.0027772103        0.0105588452       -0.0082888999
       -0.0000948546        0.0010788455        0.0013091153
       -0.0733196794       -0.0624348195        0.0408878856
       -0.0000448301       -0.0000123646        0.0000285451
        0.0000932459        0.0001737760        0.0007269500
       -0.0000433948       -0.0000906243        0.0000413399
        0.0003472900       -0.0000402144        0.0008370557
        0.0002457602        0.0004089497       -0.0001857495
       -0.0082401397       -0.0257186446        0.0167817302
        0.0003765399        0.0003188552       -0.0000478440
        0.0746122191        0.0668013149       -0.0441323090
        0.0000913451       -0.0007592593       -0.0002169395
        0.0003203206       -0.0002828097       -0.0005745693
        0.0003924197        0.0013945896       -0.0009390442
       -0.0090581744       -0.0226209551        0.0146618754
       -0.0002435399        0.0000936802       -0.0005739247
        0.0004818003        0.0015387354       -0.0017369001
        0.0028822598       -0.0031688995       -0.0047603248
       -0.0621194749       -0.2095591896        0.1090350395
        0.0000322149        0.0000250304        0.0001003053
        0.0002671806        0.0000458556        0.0003085654
       -0.0000515053        0.0001236754        0.0001156252
        0.0002290903        0.0004959003        0.0002623000
        0.0000437950        0.0003224397       -0.0001853545
        0.0009425349        0.0006214401       -0.0011779900
       -0.0003187603       -0.0015048698        0.0011553510
        0.0668013149        0.2303118595       -0.1167555541
       -0.0006387398        0.0009956909        0.0000217756
        0.0003567504        0.0008857148        0.0004996656
       -0.0022144150        0.0012919350       -0.0061561343
       -0.0055172592       -0.0151895000        0.0087492560
        0.0003636603       -0.0009538849       -0.0002314295
        0.0093272655        0.0230650301       -0.0172415247
        0.0013228799       -0.0026650395       -0.0016196594
        0.0408763805        0.1101382503       -0.1181882101
       -0.0000009351        0.0001374457        0.0001307706
       -0.0002754695       -0.0000496942        0.0011508155
        0.0000125004       -0.0000105791        0.0002005902
        0.0008541451       -0.0002367096        0.0010353455
        0.0000333307        0.0001477054       -0.0001466896
       -0.0000267903        0.0010218804       -0.0016391198
       -0.0000480395       -0.0011553095        0.0005608956
       -0.0441323090       -0.1167555541        0.1322320691
       -0.0004827001        0.0005121808        0.0007377008
       -0.0000922648        0.0007350803        0.0004270055
       -0.0000915253        0.0000002797       -0.0001160345
       -0.0905318501       -0.0000006645       -0.0968462001
       -0.0002624051       -0.0015828198        0.0003526350
       -0.0002623699        0.0015830750        0.0003526350
        0.0033954348       -0.0008804301        0.0111546200
        0.0033953546        0.0008808001        0.0111544597
        0.0003972747       -0.0001505697        0.0004054152
        0.0003972553        0.0001509403        0.0004054601
        0.0004842099       -0.0001447000        0.0003530295
        0.0004841598        0.0001449905        0.0003529351
        0.0003256099        0.0006512744        0.0000010601
        0.0003256446       -0.0006509003        0.0000009851
        0.0000911149        0.0006389200       -0.0004828848
        0.0000913451       -0.0006387398       -0.0004827001
        0.0942428198       -0.0000012193        0.1033755802
       -0.0124803097       -0.0000001751       -0.0299700645
        0.0000000455       -0.0003025144        0.0000000659
       -0.0000011892       -0.0454816342       -0.0000142541
       -0.0027316793       -0.0055595945        0.0020714509
        0.0027316304       -0.0055596593       -0.0020716146
        0.0122185702       -0.0008617639        0.0270077607
       -0.0122186543       -0.0008617894       -0.0270080596
       -0.0001485699        0.0000574511       -0.0002751540
        0.0001486256        0.0000574465        0.0002752506
        0.0004877808       -0.0000582395        0.0019420958
       -0.0004877688       -0.0000582543       -0.0019419991
       -0.0000899195        0.0010822208       -0.0005934345
        0.0000900405        0.0010822049        0.0005937159
        0.0007592359        0.0009957506       -0.0005118989
       -0.0007592593        0.0009956909        0.0005121808
       -0.0000012193        0.0555202985       -0.0000120338
        0.0000002359       -0.0010479846       -0.0000001290
       -0.0001726045        0.0000000199        0.0007858409
       -0.0958386943       -0.0000129546       -0.2692385544
        0.0020117255        0.0035583304        0.0001091155
        0.0020116602       -0.0035582144        0.0001092701
       -0.0064232449       -0.0005268390       -0.0138500644
       -0.0064234393        0.0005265957       -0.0138500246
        0.0000338900       -0.0000878492        0.0001520306
        0.0000339861        0.0000878458        0.0001521653
       -0.0004391450       -0.0001814749       -0.0009337344
       -0.0004391296        0.0001815255       -0.0009338441
        0.0002725153       -0.0004240445        0.0001186510
        0.0002724602        0.0004242605        0.0001187101
       -0.0002170947       -0.0000216147        0.0007375655
       -0.0002169395        0.0000217756        0.0007377008
        0.1033755802       -0.0000120338        0.2926141690
        0.0021725856        0.0000001558        0.0031714103
       -0.0000162999        0.0000003649        0.0002010108
       -0.2983796446       -0.0000139846        0.0226336505
        0.0005861051        0.0006451455       -0.0005692544
        0.0005860858       -0.0006447647       -0.0005691601
       -0.0101171997       -0.0001059743        0.0005076606
       -0.0101172998        0.0001061852        0.0005075202
        0.0004072700       -0.0000606894        0.0008595003
        0.0004073655        0.0000611158        0.0008595401
        0.0003412401       -0.0000228346       -0.0001017747
        0.0003414510        0.0000232507       -0.0001019043
        0.0009123556       -0.0019060695        0.0006704857
        0.0009124301        0.0019064504        0.0006705255
        0.0003201399       -0.0003561951       -0.0000923643
        0.0003203206        0.0003567504       -0.0000922648
       -0.0124803097        0.0000002359        0.0021725856
        0.3259791390       -0.0000135947       -0.0275770645
        0.0000000705       -0.0001411149       -0.0000000341
       -0.0000157797       -0.0453918045        0.0000008856
       -0.0005243044        0.0012477756       -0.0014707047
        0.0005241253        0.0012476903        0.0014709406
       -0.0301240249       -0.0024952993        0.0038665752
        0.0301238504       -0.0024953493       -0.0038666303
        0.0008266949        0.0001746008        0.0002319405
       -0.0008266846        0.0001746258       -0.0002318097
        0.0002309150       -0.0000163749       -0.0003819849
       -0.0002309196       -0.0000164545        0.0003820952
       -0.0014583395       -0.0046294952        0.0034014005
        0.0014583253       -0.0046294798       -0.0034012743
        0.0002830603        0.0008857154       -0.0007348842
       -0.0002828097        0.0008857148        0.0007350803
       -0.0000001751       -0.0010479846        0.0000001558
       -0.0000135947        0.0562471791        0.0000007702
       -0.0002597699        0.0000000603       -0.0001857842
        0.0224270553        0.0000007458       -0.0515319795
        0.0014919902       -0.0007105649        0.0008339953
        0.0014919908        0.0007108355        0.0008340402
        0.0163745352        0.0008898706       -0.0029081247
        0.0163744158       -0.0008899593       -0.0029082901
       -0.0004920150        0.0000984858       -0.0000723799
       -0.0004919195       -0.0000983039       -0.0000722542
       -0.0002523848       -0.0000457248        0.0002287851
       -0.0002522694        0.0000456907        0.0002288004
        0.0011293503        0.0029142603       -0.0009197493
        0.0011293952       -0.0029142899       -0.0009197043
       -0.0005747694       -0.0004996053        0.0004269458
       -0.0005745693        0.0004996656        0.0004270055
       -0.0299700645       -0.0000001290        0.0031714103
       -0.0275770645        0.0000007702        0.0533680191
