   15   45
        0.7582194405       -0.0549537953        0.0006739995
       -0.1647095200        0.0516654697       -0.0008268955
        0.0602722449        0.0327684447        0.0006487096
       -0.0303659255       -0.0491777402       -0.0004071003
       -0.0675255052        0.0410163199        0.0001254699
       -0.2793158200       -0.1178506602       -0.0008288254
       -0.2799190452        0.1187571849        0.0006737247
        0.0053145399       -0.0324373653        0.0001073198
       -0.0053181805        0.0035347398       -0.0000071253
        0.0001559647       -0.0011003252        0.0000242446
       -0.0037887804        0.0039956399        0.0000290947
        0.0072676548        0.0035896596        0.0001190449
        0.0000045495        0.0000830249        0.0003608397
        0.0000235397       -0.0005501502        0.0000777248
       -0.0003141702        0.0007011550       -0.0008163306
       -0.0549537953        0.6947374203       -0.0004259002
       -0.0516931050       -0.3175311451        0.0004583245
        0.1148008951       -0.0249264752        0.0002289045
       -0.0491777604       -0.0871474001        0.0002351348
       -0.0410151202        0.1028725600       -0.0006768701
       -0.0144897899       -0.2029054900        0.0004790948
        0.1187568850       -0.1428218351       -0.0003990104
        0.0024614599       -0.0093872453       -0.0000752101
        0.0031124847        0.0005590599       -0.0000382502
       -0.0011003351       -0.0011145403       -0.0000144502
        0.0044178648       -0.0009703200        0.0000252498
       -0.0313089851       -0.0113408254       -0.0000557850
        0.0000829945        0.0001004747       -0.0002083604
       -0.0005501602       -0.0006116352       -0.0000448850
        0.0007011349        0.0004955103        0.0004714246
        0.0006739995       -0.0004259002        0.1778871507
       -0.0008268600       -0.0004834953       -0.0796567656
        0.0005226548        0.0004465895        0.0078571145
        0.0004073843       -0.0002350154       -0.0078812354
       -0.0001260051       -0.0006769201        0.0078571597
       -0.0000125402        0.0009502398       -0.0796568403
        0.0004432695       -0.0002654352       -0.0492019603
        0.0000319497        0.0000317195        0.0045409897
       -0.0000234954       -0.0000304004        0.0083013495
       -0.0000074803        0.0000043246       -0.0009107501
        0.0000141296        0.0000354996        0.0083013796
       -0.0000116304       -0.0000433258        0.0045410596
        0.0000898046       -0.0000518452       -0.0002611856
       -0.0012118403        0.0006996746       -0.0003417202
       -0.0000086300        0.0000049900       -0.0013709004
       -0.1647095200       -0.0516931050       -0.0008268600
        0.7582193899        0.0549960302        0.0006740348
       -0.2793157699        0.1178828498       -0.0008288501
       -0.0675254552       -0.0410152100        0.0001255401
       -0.0303658848        0.0491796351       -0.0004070901
        0.0602722452       -0.0327681948        0.0006487400
        0.0053145300        0.0324375603        0.0001073749
       -0.2799189599       -0.1187249202        0.0006737301
        0.0072677150       -0.0035905353        0.0001190497
       -0.0037887747       -0.0039957499        0.0000290652
        0.0001559849        0.0011003152        0.0000243301
       -0.0053181600       -0.0035348501       -0.0000071199
        0.0000045449       -0.0000830448        0.0003608301
        0.0000235698        0.0005500800        0.0000777851
       -0.0003141048       -0.0007011548       -0.0008163352
        0.0516654697       -0.3175311451       -0.0004834953
        0.0549960302        0.6947374203        0.0003869746
        0.0145356452       -0.2029055054       -0.0004854502
        0.0410163395        0.1028725649        0.0006759097
        0.0491796999       -0.0871474100       -0.0002350001
       -0.1147886650       -0.0249265250       -0.0002301101
       -0.0024626900       -0.0093872151        0.0000750745
       -0.1187228102       -0.1428218803        0.0003922250
        0.0313087298       -0.0113407751        0.0000549196
       -0.0044179498       -0.0009703402       -0.0000253902
        0.0011003300       -0.0011145650        0.0000144448
       -0.0031126501        0.0005591096        0.0000377798
       -0.0000830852        0.0001004898        0.0002083448
        0.0005500650       -0.0006116503        0.0000448799
       -0.0007011050        0.0004955203       -0.0004713903
       -0.0008268955        0.0004583245       -0.0796567656
        0.0006740348        0.0003869746        0.1778871808
       -0.0000125303       -0.0009561256       -0.0796568457
       -0.0001260807        0.0006758995        0.0078571645
        0.0004074096        0.0002350345       -0.0078812903
        0.0005226548       -0.0004467503        0.0078571045
        0.0000318948       -0.0000323203        0.0045410195
        0.0004432647        0.0002587944       -0.0492020402
       -0.0000116754        0.0000433496        0.0045409993
        0.0000141495       -0.0000355203        0.0083012398
       -0.0000074706       -0.0000042954       -0.0009106554
       -0.0000236003        0.0000303143        0.0083013447
        0.0000897944        0.0000519196       -0.0002612356
       -0.0012118753       -0.0006997354       -0.0003417105
       -0.0000086402       -0.0000049951       -0.0013709055
        0.0602722449        0.1148008951        0.0005226548
       -0.2793157699        0.0145356452       -0.0000125303
        0.6629976701        0.0000152346       -0.0000174950
       -0.2793158302       -0.0144898451       -0.0000065603
        0.0602722849       -0.1147887198       -0.0005240051
       -0.1155346899       -0.0000003249       -0.0000000051
        0.0019682849       -0.0010941801       -0.0000371401
       -0.0186916898        0.0163200497       -0.0000122199
       -0.0742844600       -0.0000161404        0.0000015797
       -0.0186917450       -0.0163215702        0.0000116049
        0.0019682147        0.0010941199        0.0000368001
       -0.0017497501        0.0000000148       -0.0000000199
        0.0001483497        0.0000000000       -0.0000000099
       -0.0009292700       -0.0000000503       -0.0000000151
        0.0009003699       -0.0000000048        0.0000000196
        0.0327684447       -0.0249264752        0.0004465895
        0.1178828498       -0.2029055054       -0.0009561256
        0.0000152346        0.7899631606        0.0007931044
       -0.1178506307       -0.2029055153       -0.0009561305
       -0.0327681752       -0.0249265852        0.0004465846
       -0.0000002854       -0.0019720804       -0.0004701204
       -0.0006719804       -0.0067274800        0.0000128045
       -0.0185777253        0.0146185846        0.0001310599
       -0.0000179253       -0.3484789457        0.0007675246
        0.0185769298        0.0146185747        0.0001310349
        0.0006719696       -0.0067274803        0.0000128696
       -0.0000000102        0.0007911896        0.0000281048
       -0.0000001154       -0.0000433553        0.0004166498
        0.0000000097        0.0003411046        0.0000898348
       -0.0000000750       -0.0007189200       -0.0009425855
        0.0006487096        0.0002289045        0.0078571145
       -0.0008288501       -0.0004854502       -0.0796568457
       -0.0000174950        0.0007931044        0.1778871007
        0.0008102697       -0.0004854854       -0.0796568753
       -0.0006490552        0.0002288948        0.0078571048
       -0.0000000352        0.0004705797       -0.0078812502
       -0.0000377952       -0.0000054101        0.0083013794
        0.0000434798        0.0000114645        0.0045410147
        0.0000008194        0.0005027346       -0.0492018955
       -0.0000436901        0.0000114946        0.0045410647
        0.0000377997       -0.0000054155        0.0083014146
        0.0000000048       -0.0000086004       -0.0009107504
       -0.0000000105        0.0001037446       -0.0002611804
       -0.0000000102       -0.0013992903       -0.0003416602
        0.0000000000       -0.0000099553       -0.0013709206
       -0.0303659255       -0.0491777604        0.0004073843
       -0.0675254552        0.0410163395       -0.0001260807
       -0.2793158302       -0.1178506307        0.0008102697
        0.7582194507       -0.0549539052       -0.0007204753
       -0.1647095101        0.0516654396        0.0008270996
        0.0602722599        0.0327683895       -0.0006490205
        0.0001559445       -0.0011002652       -0.0000242255
       -0.0037887551        0.0039955043       -0.0000292155
        0.0072676997        0.0035896446       -0.0001189306
       -0.2799190102        0.1187571945       -0.0007003655
        0.0053145047       -0.0324373403       -0.0001079204
       -0.0053182353        0.0035347946        0.0000071245
        0.0000045344        0.0000830497       -0.0003608807
        0.0000235295       -0.0005501104       -0.0000778053
       -0.0003141503        0.0007011400        0.0008165395
       -0.0491777402       -0.0871474001       -0.0002350154
       -0.0410152100        0.1028725649        0.0006758995
       -0.0144898451       -0.2029055153       -0.0004854854
       -0.0549539052        0.6947375005        0.0003869096
       -0.0516931851       -0.3175312551       -0.0004835803
        0.1148008400       -0.0249265551       -0.0002300951
       -0.0011003553       -0.0011145499        0.0000143646
        0.0044178699       -0.0009703604       -0.0000254752
       -0.0313089652       -0.0113408154        0.0000548695
        0.1187568449       -0.1428219153        0.0003921750
        0.0024614096       -0.0093872799        0.0000750546
        0.0031124597        0.0005590596        0.0000377798
        0.0000829544        0.0001004500        0.0002082948
       -0.0005501502       -0.0006116804        0.0000448549
        0.0007010999        0.0004954600       -0.0004714005
       -0.0004071003        0.0002351348       -0.0078812354
        0.0001255401        0.0006759097        0.0078571645
       -0.0000065603       -0.0009561305       -0.0796568753
       -0.0007204753        0.0003869096        0.1778871405
        0.0008271249        0.0004583248       -0.0796567551
       -0.0005240599       -0.0004467103        0.0078571048
        0.0000076199       -0.0000043002       -0.0009107004
       -0.0000141100       -0.0000354956        0.0083012350
        0.0000111447        0.0000433647        0.0045410746
       -0.0004664051        0.0002588246       -0.0492019703
       -0.0000317903       -0.0000323101        0.0045411198
        0.0000234797        0.0000303547        0.0083013299
       -0.0000898905        0.0000519199       -0.0002611904
        0.0012118545       -0.0006997001       -0.0003416955
        0.0000085799       -0.0000050150       -0.0013708453
       -0.0675255052       -0.0410151202       -0.0001260051
       -0.0303658848        0.0491796999        0.0004074096
        0.0602722849       -0.0327681752       -0.0006490552
       -0.1647095101       -0.0516931851        0.0008271249
        0.7582194002        0.0549960103       -0.0007205000
       -0.2793157549        0.1178828501        0.0008103200
       -0.0037887301       -0.0039957399       -0.0000291951
        0.0001559999        0.0011003448       -0.0000242048
       -0.0053182001       -0.0035348353        0.0000071148
        0.0053145251        0.0324374898       -0.0001079349
       -0.2799190352       -0.1187249001       -0.0007002751
        0.0072677000       -0.0035905202       -0.0001189301
        0.0000045446       -0.0000830249       -0.0003608500
        0.0000235650        0.0005500300       -0.0000777499
       -0.0003141048       -0.0007011749        0.0008165398
        0.0410163199        0.1028725600       -0.0006769201
        0.0491796351       -0.0871474100        0.0002350345
       -0.1147887198       -0.0249265852        0.0002288948
        0.0516654396       -0.3175312551        0.0004583248
        0.0549960103        0.6947375101       -0.0004259451
        0.0145355702       -0.2029055250        0.0004789948
       -0.0044180049       -0.0009703848        0.0000251399
        0.0011003399       -0.0011145804       -0.0000144649
       -0.0031126601        0.0005590448       -0.0000382653
       -0.0024627198       -0.0093872950       -0.0000752598
       -0.1187228651       -0.1428219051       -0.0003990101
        0.0313086352       -0.0113408552       -0.0000558049
       -0.0000831901        0.0001003949       -0.0002083954
        0.0005499797       -0.0006116750       -0.0000449700
       -0.0007011698        0.0004954501        0.0004714298
        0.0001254699       -0.0006768701        0.0078571597
       -0.0004070901       -0.0002350001       -0.0078812903
       -0.0005240051        0.0004465846        0.0078571048
        0.0008270996       -0.0004835803       -0.0796567551
       -0.0007205000       -0.0004259451        0.1778871803
       -0.0000065751        0.0009502199       -0.0796568551
       -0.0000141600        0.0000355200        0.0083013296
        0.0000076000        0.0000042996       -0.0009107850
        0.0000235147       -0.0000303902        0.0083013396
       -0.0000318300        0.0000317098        0.0045409502
       -0.0004663801       -0.0002655051       -0.0492019450
        0.0000110748       -0.0000433053        0.0045410098
       -0.0000898703       -0.0000518651       -0.0002612202
        0.0012118548        0.0006996197       -0.0003417401
        0.0000086101        0.0000049701       -0.0013708902
       -0.2793158200       -0.0144897899       -0.0000125402
        0.0602722452       -0.1147886650        0.0005226548
       -0.1155346899       -0.0000002854       -0.0000000352
        0.0602722599        0.1148008400       -0.0005240599
       -0.2793157549        0.0145355702       -0.0000065751
        0.6629976900        0.0000152551       -0.0000175402
       -0.0186917498       -0.0163215049       -0.0000122100
        0.0019682551        0.0010941449       -0.0000372097
       -0.0017497700        0.0000000099       -0.0000000452
        0.0019682452       -0.0010941901        0.0000367700
       -0.0186917950        0.0163200050        0.0000116898
       -0.0742844850       -0.0000161202        0.0000015498
        0.0001484349        0.0000000151       -0.0000000099
       -0.0009293200       -0.0000000750        0.0000000000
        0.0009003352       -0.0000000196       -0.0000000102
       -0.1178506602       -0.2029054900        0.0009502398
       -0.0327681948       -0.0249265250       -0.0004467503
       -0.0000003249       -0.0019720804        0.0004705797
        0.0327683895       -0.0249265551       -0.0004467103
        0.1178828501       -0.2029055250        0.0009502199
        0.0000152551        0.7899631902       -0.0008432801
        0.0185769898        0.0146185852       -0.0001312250
        0.0006719949       -0.0067274951       -0.0000128500
       -0.0000000099        0.0007912197       -0.0000280050
       -0.0006720700       -0.0067275352       -0.0000128500
       -0.0185778003        0.0146185448       -0.0001310951
       -0.0000179750       -0.3484789502       -0.0008040800
       -0.0000000901       -0.0000433351       -0.0004166802
       -0.0000000003        0.0003410648       -0.0000898052
       -0.0000000401       -0.0007189050        0.0009427899
       -0.0008288254        0.0004790948       -0.0796568403
        0.0006487400       -0.0002301101        0.0078571045
       -0.0000000051       -0.0004701204       -0.0078812502
       -0.0006490205       -0.0002300951        0.0078571048
        0.0008103200        0.0004789948       -0.0796568551
       -0.0000175402       -0.0008432801        0.1778870603
        0.0000435048       -0.0000116000        0.0045410849
       -0.0000377449        0.0000053998        0.0083013549
        0.0000000148        0.0000088397       -0.0009107004
        0.0000378299        0.0000054649        0.0083013501
       -0.0000436802       -0.0000116199        0.0045411949
        0.0000008450       -0.0005340905       -0.0492018802
       -0.0000000003       -0.0001036952       -0.0002611404
        0.0000000097        0.0013992548       -0.0003416602
       -0.0000000350        0.0000099101       -0.0013708802
       -0.2799190452        0.1187568850        0.0004432695
        0.0053145300       -0.0024626900        0.0000318948
        0.0019682849       -0.0006719804       -0.0000377952
        0.0001559445       -0.0011003553        0.0000076199
       -0.0037887301       -0.0044180049       -0.0000141600
       -0.0186917498        0.0185769898        0.0000435048
        0.2941243503       -0.1296430048       -0.0006064303
        0.0007959250        0.0006702797       -0.0000165051
        0.0001131599       -0.0002029151       -0.0000000705
        0.0000095449        0.0000825500       -0.0000050349
       -0.0010938652        0.0008998398        0.0000103049
        0.0011009848       -0.0004940154       -0.0000118351
        0.0000452647       -0.0000404850       -0.0000552700
       -0.0000220200        0.0000471897       -0.0000314151
       -0.0001117652        0.0000319753        0.0002186448
        0.1187571849       -0.1428218351       -0.0002654352
        0.0324375603       -0.0093872151       -0.0000323203
       -0.0010941801       -0.0067274800       -0.0000054101
       -0.0011002652       -0.0011145499       -0.0000043002
       -0.0039957399       -0.0009703848        0.0000355200
       -0.0163215049        0.0146185852       -0.0000116000
       -0.1296430048        0.1444181100        0.0003396298
       -0.0006701399        0.0012026996        0.0000041703
        0.0015965600       -0.0006914652       -0.0000119201
        0.0000825301        0.0001048249        0.0000028800
       -0.0008997702        0.0005155101        0.0000060800
        0.0008463201        0.0008975496        0.0000121102
       -0.0000405151       -0.0000014703        0.0000319250
        0.0000472352        0.0000324800        0.0000182300
        0.0000319352       -0.0000749449       -0.0001261850
        0.0006737247       -0.0003990104       -0.0492019603
        0.0001073749        0.0000750745        0.0045410195
       -0.0000371401        0.0000128045        0.0083013794
       -0.0000242255        0.0000143646       -0.0009107004
       -0.0000291951        0.0000251399        0.0083013296
       -0.0000122100       -0.0001312250        0.0045410849
       -0.0006064303        0.0003396298        0.0345124005
       -0.0000164002       -0.0000041902       -0.0045878801
       -0.0000104154        0.0000058597       -0.0000784254
        0.0000050051       -0.0000029203       -0.0010614801
       -0.0000102804        0.0000059998       -0.0000784053
       -0.0000047100        0.0000162046       -0.0045878102
        0.0000767346       -0.0000443103       -0.0000156055
       -0.0000148353        0.0000085598       -0.0000504352
       -0.0001233002        0.0000711449        0.0003776296
        0.0053145399        0.0024614599        0.0000319497
       -0.2799189599       -0.1187228102        0.0004432647
       -0.0186916898       -0.0185777253        0.0000434798
       -0.0037887551        0.0044178699       -0.0000141100
        0.0001559999        0.0011003399        0.0000076000
        0.0019682551        0.0006719949       -0.0000377449
        0.0007959250       -0.0006701399       -0.0000164002
        0.2941243201        0.1296762449       -0.0006064499
        0.0011010050        0.0004941248       -0.0000117754
       -0.0010938348       -0.0008997600        0.0000103000
        0.0000095699       -0.0000824500       -0.0000049002
        0.0001131701        0.0002029847       -0.0000000850
        0.0000452897        0.0000405399       -0.0000552151
       -0.0000219853       -0.0000471852       -0.0000314202
       -0.0001118099       -0.0000319449        0.0002186695
       -0.0324373653       -0.0093872453        0.0000317195
       -0.1187249202       -0.1428218803        0.0002587944
        0.0163200497        0.0146185846        0.0000114645
        0.0039955043       -0.0009703604       -0.0000354956
        0.0011003448       -0.0011145804        0.0000042996
        0.0010941449       -0.0067274951        0.0000053998
        0.0006702797        0.0012026996       -0.0000041902
        0.1296762449        0.1444181606       -0.0003461503
       -0.0008461404        0.0008975195       -0.0000121506
        0.0008997748        0.0005154695       -0.0000060555
       -0.0000825503        0.0001048497       -0.0000028953
       -0.0015966751       -0.0006914956        0.0000118845
        0.0000404395       -0.0000014353       -0.0000319201
       -0.0000472653        0.0000324894       -0.0000181802
       -0.0000320051       -0.0000749949        0.0001262194
        0.0001073198       -0.0000752101        0.0045409897
        0.0006737301        0.0003922250       -0.0492020402
       -0.0000122199        0.0001310599        0.0045410147
       -0.0000292155       -0.0000254752        0.0083012350
       -0.0000242048       -0.0000144649       -0.0009107850
       -0.0000372097       -0.0000128500        0.0083013549
       -0.0000165051        0.0000041703       -0.0045878801
       -0.0006064499       -0.0003461503        0.0345124602
       -0.0000046754       -0.0000162152       -0.0045878954
       -0.0000102798       -0.0000060552       -0.0000785053
        0.0000050048        0.0000028402       -0.0010614352
       -0.0000105248       -0.0000059205       -0.0000784900
        0.0000767096        0.0000443450       -0.0000156450
       -0.0000149151       -0.0000085953       -0.0000504650
       -0.0001232650       -0.0000711850        0.0003776447
       -0.0053181805        0.0031124847       -0.0000234954
        0.0072677150        0.0313087298       -0.0000116754
       -0.0742844600       -0.0000179253        0.0000008194
        0.0072676997       -0.0313089652        0.0000111447
       -0.0053182001       -0.0031126601        0.0000235147
       -0.0017497700       -0.0000000099        0.0000000148
        0.0001131599        0.0015965600       -0.0000104154
        0.0011010050       -0.0008461404       -0.0000046754
        0.0695756205       -0.0000152255        0.0000011445
        0.0011009749        0.0008463397        0.0000045648
        0.0001131497       -0.0015967001        0.0000104748
        0.0001524299        0.0000000193       -0.0000000003
       -0.0000249156       -0.0000000003       -0.0000000352
        0.0000596998       -0.0000000352       -0.0000000003
       -0.0000564449       -0.0000000497       -0.0000000006
        0.0035347398        0.0005590599       -0.0000304004
       -0.0035905353       -0.0113407751        0.0000433496
       -0.0000161404       -0.3484789457        0.0005027346
        0.0035896446       -0.0113408154        0.0000433647
       -0.0035348353        0.0005590448       -0.0000303902
        0.0000000099        0.0007912197        0.0000088397
       -0.0002029151       -0.0006914652        0.0000058597
        0.0004941248        0.0008975195       -0.0000162152
       -0.0000152255        0.3689881106       -0.0006953655
       -0.0004940503        0.0008975746       -0.0000162004
        0.0002029194       -0.0006915053        0.0000059745
       -0.0000000452       -0.0000381004       -0.0000057852
       -0.0000000705        0.0000686899       -0.0000638002
       -0.0000000603       -0.0000492955       -0.0000362903
       -0.0000000301       -0.0001303050        0.0002524445
       -0.0000071253       -0.0000382502        0.0083013495
        0.0001190497        0.0000549196        0.0045409993
        0.0000015797        0.0007675246       -0.0492018955
       -0.0001189306        0.0000548695        0.0045410746
        0.0000071148       -0.0000382653        0.0083013396
       -0.0000000452       -0.0000280050       -0.0009107004
       -0.0000000705       -0.0000119201       -0.0000784254
       -0.0000117754       -0.0000121506       -0.0045878954
        0.0000011445       -0.0006953655        0.0345123607
        0.0000118598       -0.0000121454       -0.0045878653
        0.0000000296       -0.0000119553       -0.0000783754
       -0.0000000253        0.0000057796       -0.0010614403
       -0.0000000406        0.0000886999       -0.0000156606
       -0.0000000253       -0.0000171602       -0.0000504406
       -0.0000000099       -0.0001423501        0.0003776296
        0.0001559647       -0.0011003351       -0.0000074803
       -0.0037887747       -0.0044179498        0.0000141495
       -0.0186917450        0.0185769298       -0.0000436901
       -0.2799190102        0.1187568449       -0.0004664051
        0.0053145251       -0.0024627198       -0.0000318300
        0.0019682452       -0.0006720700        0.0000378299
        0.0000095449        0.0000825301        0.0000050051
       -0.0010938348        0.0008997748       -0.0000102798
        0.0011009749       -0.0004940503        0.0000118598
        0.2941243901       -0.1296430500        0.0005824549
        0.0007958249        0.0006702800        0.0000165099
        0.0001131349       -0.0002029250        0.0000000648
        0.0000452496       -0.0000405149        0.0000552348
       -0.0000220902        0.0000472099        0.0000314398
       -0.0001118599        0.0000319201       -0.0002185553
       -0.0011003252       -0.0011145403        0.0000043246
       -0.0039957499       -0.0009703402       -0.0000355203
       -0.0163215702        0.0146185747        0.0000114946
        0.1187571945       -0.1428219153        0.0002588246
        0.0324374898       -0.0093872950        0.0000317098
       -0.0010941901       -0.0067275352        0.0000054649
        0.0000825500        0.0001048249       -0.0000029203
       -0.0008997600        0.0005154695       -0.0000060552
        0.0008463397        0.0008975746       -0.0000121454
       -0.1296430500        0.1444181504       -0.0003461051
       -0.0006702251        0.0012026797       -0.0000041251
        0.0015965648       -0.0006914803        0.0000119198
       -0.0000405905       -0.0000014703       -0.0000319304
        0.0000472099        0.0000324997       -0.0000181950
        0.0000319599       -0.0000749500        0.0001262347
        0.0000242446       -0.0000144502       -0.0009107501
        0.0000290652       -0.0000253902        0.0083012398
        0.0000116049        0.0001310349        0.0045410647
       -0.0007003655        0.0003921750       -0.0492019703
       -0.0001079349       -0.0000752598        0.0045409502
        0.0000367700       -0.0000128500        0.0083013501
       -0.0000050349        0.0000028800       -0.0010614801
        0.0000103000       -0.0000060555       -0.0000785053
        0.0000045648       -0.0000162004       -0.0045878653
        0.0005824549       -0.0003461051        0.0345124403
        0.0000164246        0.0000041749       -0.0045878053
        0.0000103847       -0.0000058904       -0.0000784954
       -0.0000768753        0.0000443401       -0.0000156604
        0.0000147898       -0.0000085751       -0.0000504599
        0.0001232448       -0.0000711648        0.0003776196
       -0.0037887804        0.0044178648        0.0000141296
        0.0001559849        0.0011003300       -0.0000074706
        0.0019682147        0.0006719696        0.0000377997
        0.0053145047        0.0024614096       -0.0000317903
       -0.2799190352       -0.1187228651       -0.0004663801
       -0.0186917950       -0.0185778003       -0.0000436802
       -0.0010938652       -0.0008997702       -0.0000102804
        0.0000095699       -0.0000825503        0.0000050048
        0.0001131497        0.0002029194        0.0000000296
        0.0007958249       -0.0006702251        0.0000164246
        0.2941244105        0.1296762099        0.0005825197
        0.0011009647        0.0004941145        0.0000118249
        0.0000452496        0.0000405348        0.0000551896
       -0.0000220703       -0.0000472252        0.0000314699
       -0.0001118102       -0.0000320250       -0.0002185155
        0.0039956399       -0.0009703200        0.0000354996
        0.0011003152       -0.0011145650       -0.0000042954
        0.0010941199       -0.0067274803       -0.0000054155
       -0.0324373403       -0.0093872799       -0.0000323101
       -0.1187249001       -0.1428219051       -0.0002655051
        0.0163200050        0.0146185448       -0.0000116199
        0.0008998398        0.0005155101        0.0000059998
       -0.0000824500        0.0001048497        0.0000028402
       -0.0015967001       -0.0006915053       -0.0000119553
        0.0006702800        0.0012026797        0.0000041749
        0.1296762099        0.1444181402        0.0003397000
       -0.0008461450        0.0008975348        0.0000121202
        0.0000404597       -0.0000014700        0.0000318849
       -0.0000472801        0.0000325051        0.0000181700
       -0.0000319602       -0.0000749600       -0.0001261651
        0.0000290947        0.0000252498        0.0083013796
        0.0000243301        0.0000144448       -0.0009106554
        0.0000368001        0.0000128696        0.0083014146
       -0.0001079204        0.0000750546        0.0045411198
       -0.0007002751       -0.0003990101       -0.0492019450
        0.0000116898       -0.0001310951        0.0045411949
        0.0000103049        0.0000060800       -0.0000784053
       -0.0000049002       -0.0000028953       -0.0010614352
        0.0000104748        0.0000059745       -0.0000783754
        0.0000165099       -0.0000041251       -0.0045878053
        0.0005825197        0.0003397000        0.0345123004
        0.0000046049        0.0000162348       -0.0045877852
       -0.0000767506       -0.0000442554       -0.0000156155
        0.0000148697        0.0000086300       -0.0000504002
        0.0001233650        0.0000712200        0.0003777194
        0.0072676548       -0.0313089851       -0.0000116304
       -0.0053181600       -0.0031126501       -0.0000236003
       -0.0017497501       -0.0000000102        0.0000000048
       -0.0053182353        0.0031124597        0.0000234797
        0.0072677000        0.0313086352        0.0000110748
       -0.0742844850       -0.0000179750        0.0000008450
        0.0011009848        0.0008463201       -0.0000047100
        0.0001131701       -0.0015966751       -0.0000105248
        0.0001524299       -0.0000000452       -0.0000000253
        0.0001131349        0.0015965648        0.0000103847
        0.0011009647       -0.0008461450        0.0000046049
        0.0695756802       -0.0000152252        0.0000011048
       -0.0000249452       -0.0000000750       -0.0000000651
        0.0000597100       -0.0000000651       -0.0000000352
       -0.0000565200       -0.0000000648        0.0000000097
        0.0035896596       -0.0113408254       -0.0000433258
       -0.0035348501        0.0005591096        0.0000303143
        0.0000000148        0.0007911896       -0.0000086004
        0.0035347946        0.0005590596        0.0000303547
       -0.0035905202       -0.0113408552       -0.0000433053
       -0.0000161202       -0.3484789502       -0.0005340905
       -0.0004940154        0.0008975496        0.0000162046
        0.0002029847       -0.0006914956       -0.0000059205
        0.0000000193       -0.0000381004        0.0000057796
       -0.0002029250       -0.0006914803       -0.0000058904
        0.0004941145        0.0008975348        0.0000162348
       -0.0000152252        0.3689880907        0.0006626396
       -0.0000000406        0.0000686947        0.0000637596
       -0.0000000753       -0.0000493003        0.0000363198
       -0.0000000003       -0.0001302803       -0.0002523905
        0.0001190449       -0.0000557850        0.0045410596
       -0.0000071199        0.0000377798        0.0083013447
       -0.0000000199        0.0000281048       -0.0009107504
        0.0000071245        0.0000377798        0.0083013299
       -0.0001189301       -0.0000558049        0.0045410098
        0.0000015498       -0.0008040800       -0.0492018802
       -0.0000118351        0.0000121102       -0.0045878102
       -0.0000000850        0.0000118845       -0.0000784900
       -0.0000000003       -0.0000057852       -0.0010614403
        0.0000000648        0.0000119198       -0.0000784954
        0.0000118249        0.0000121202       -0.0045877852
        0.0000011048        0.0006626396        0.0345123703
       -0.0000000503       -0.0000886601       -0.0000156453
       -0.0000000452        0.0000171096       -0.0000504451
        0.0000000250        0.0001422850        0.0003776245
        0.0000045495        0.0000829945        0.0000898046
        0.0000045449       -0.0000830852        0.0000897944
        0.0001483497       -0.0000001154       -0.0000000105
        0.0000045344        0.0000829544       -0.0000898905
        0.0000045446       -0.0000831901       -0.0000898703
        0.0001484349       -0.0000000901       -0.0000000003
        0.0000452647       -0.0000405151        0.0000767346
        0.0000452897        0.0000404395        0.0000767096
       -0.0000249156       -0.0000000705       -0.0000000406
        0.0000452496       -0.0000405905       -0.0000768753
        0.0000452496        0.0000404597       -0.0000767506
       -0.0000249452       -0.0000000406       -0.0000000503
        0.0592406207        0.0000054948       -0.0000585456
       -0.0779325154        0.0000043795       -0.0000588602
        0.0182451100       -0.0000005102        0.0000000546
        0.0000830249        0.0001004747       -0.0000518452
       -0.0000830448        0.0001004898        0.0000519196
        0.0000000000       -0.0000433553        0.0001037446
        0.0000830497        0.0001004500        0.0000519199
       -0.0000830249        0.0001003949       -0.0000518651
        0.0000000151       -0.0000433351       -0.0001036952
       -0.0000404850       -0.0000014703       -0.0000443103
        0.0000405399       -0.0000014353        0.0000443450
       -0.0000000003        0.0000686899        0.0000886999
       -0.0000405149       -0.0000014703        0.0000443401
        0.0000405348       -0.0000014700       -0.0000442554
       -0.0000000750        0.0000686947       -0.0000886601
        0.0000054948        0.0592405303       -0.0000585052
        0.0000044997       -0.0779325001       -0.0000588651
       -0.0000004403        0.0182451652        0.0000000847
        0.0003608397       -0.0002083604       -0.0002611856
        0.0003608301        0.0002083448       -0.0002612356
       -0.0000000099        0.0004166498       -0.0002611804
       -0.0003608807        0.0002082948       -0.0002611904
       -0.0003608500       -0.0002083954       -0.0002612202
       -0.0000000099       -0.0004166802       -0.0002611404
       -0.0000552700        0.0000319250       -0.0000156055
       -0.0000552151       -0.0000319201       -0.0000156450
       -0.0000000352       -0.0000638002       -0.0000156606
        0.0000552348       -0.0000319304       -0.0000156604
        0.0000551896        0.0000318849       -0.0000156155
       -0.0000000651        0.0000637596       -0.0000156453
       -0.0000585456       -0.0000585052        1.2337627305
       -0.0000575602       -0.0000575602       -1.2462343503
       -0.0000001151       -0.0000001148        0.0141324446
        0.0000235397       -0.0005501602       -0.0012118403
        0.0000235698        0.0005500650       -0.0012118753
       -0.0009292700        0.0000000097       -0.0000000102
        0.0000235295       -0.0005501502        0.0012118545
        0.0000235650        0.0005499797        0.0012118548
       -0.0009293200       -0.0000000003        0.0000000097
       -0.0000220200        0.0000472352       -0.0000148353
       -0.0000219853       -0.0000472653       -0.0000149151
        0.0000596998       -0.0000000603       -0.0000000253
       -0.0000220902        0.0000472099        0.0000147898
       -0.0000220703       -0.0000472801        0.0000148697
        0.0000597100       -0.0000000753       -0.0000000452
       -0.0779325154        0.0000044997       -0.0000575602
        0.1221582704        0.0000047547       -0.0000791653
       -0.0424931750        0.0000011951       -0.0000179654
       -0.0005501502       -0.0006116352        0.0006996746
        0.0005500800       -0.0006116503       -0.0006997354
       -0.0000000503        0.0003411046       -0.0013992903
       -0.0005501104       -0.0006116804       -0.0006997001
        0.0005500300       -0.0006116750        0.0006996197
       -0.0000000750        0.0003410648        0.0013992548
        0.0000471897        0.0000324800        0.0000085598
       -0.0000471852        0.0000324894       -0.0000085953
       -0.0000000352       -0.0000492955       -0.0000171602
        0.0000472099        0.0000324997       -0.0000085751
       -0.0000472252        0.0000325051        0.0000086300
       -0.0000000651       -0.0000493003        0.0000171096
        0.0000043795       -0.0779325001       -0.0000575602
        0.0000047547        0.1221582704       -0.0000791300
        0.0000010797       -0.0424931801       -0.0000179602
        0.0000777248       -0.0000448850       -0.0003417202
        0.0000777851        0.0000448799       -0.0003417105
       -0.0000000151        0.0000898348       -0.0003416602
       -0.0000778053        0.0000448549       -0.0003416955
       -0.0000777499       -0.0000449700       -0.0003417401
        0.0000000000       -0.0000898052       -0.0003416602
       -0.0000314151        0.0000182300       -0.0000504352
       -0.0000314202       -0.0000181802       -0.0000504650
       -0.0000000003       -0.0000362903       -0.0000504406
        0.0000314398       -0.0000181950       -0.0000504599
        0.0000314699        0.0000181700       -0.0000504002
       -0.0000000352        0.0000363198       -0.0000504451
       -0.0000588602       -0.0000588651       -1.2462343503
       -0.0000791653       -0.0000791300        1.6623217903
       -0.0000202101       -0.0000201800       -0.4137346801
       -0.0003141702        0.0007011349       -0.0000086300
       -0.0003141048       -0.0007011050       -0.0000086402
        0.0009003699       -0.0000000750        0.0000000000
       -0.0003141503        0.0007010999        0.0000085799
       -0.0003141048       -0.0007011698        0.0000086101
        0.0009003352       -0.0000000401       -0.0000000350
       -0.0001117652        0.0000319352       -0.0001233002
       -0.0001118099       -0.0000320051       -0.0001232650
       -0.0000564449       -0.0000000301       -0.0000000099
       -0.0001118599        0.0000319599        0.0001232448
       -0.0001118102       -0.0000319602        0.0001233650
       -0.0000565200       -0.0000000003        0.0000000250
        0.0182451100       -0.0000004403       -0.0000001151
       -0.0424931750        0.0000010797       -0.0000202101
        0.0242638600        0.0000019352       -0.0000188902
        0.0007011550        0.0004955103        0.0000049900
       -0.0007011548        0.0004955203       -0.0000049951
       -0.0000000048       -0.0007189200       -0.0000099553
        0.0007011400        0.0004954600       -0.0000050150
       -0.0007011749        0.0004954501        0.0000049701
       -0.0000000196       -0.0007189050        0.0000099101
        0.0000319753       -0.0000749449        0.0000711449
       -0.0000319449       -0.0000749949       -0.0000711850
       -0.0000000497       -0.0001303050       -0.0001423501
        0.0000319201       -0.0000749500       -0.0000711648
       -0.0000320250       -0.0000749600        0.0000712200
       -0.0000000648       -0.0001302803        0.0001422850
       -0.0000005102        0.0182451652       -0.0000001148
        0.0000011951       -0.0424931801       -0.0000201800
        0.0000019352        0.0242638498       -0.0000188950
       -0.0008163306        0.0004714246       -0.0013709004
       -0.0008163352       -0.0004713903       -0.0013709055
        0.0000000196       -0.0009425855       -0.0013709206
        0.0008165395       -0.0004714005       -0.0013708453
        0.0008165398        0.0004714298       -0.0013708902
       -0.0000000102        0.0009427899       -0.0013708802
        0.0002186448       -0.0001261850        0.0003776296
        0.0002186695        0.0001262194        0.0003776447
       -0.0000000006        0.0002524445        0.0003776296
       -0.0002185553        0.0001262347        0.0003776196
       -0.0002185155       -0.0001261651        0.0003777194
        0.0000000097       -0.0002523905        0.0003776245
        0.0000000546        0.0000000847        0.0141324446
       -0.0000179654       -0.0000179602       -0.4137346801
       -0.0000188902       -0.0000188950        0.4055622907
