ZMAT begin
6 1
1 2
2 3
3 4
4 5
5 6

2 8
3 9
4 10
5 11
6 12
1 7

13 16
13 14
13 15

;13;1 2 3 4 5 6

1 2 3
2 3 4
3 4 5
4 5 6
5 6 1
6 1 2

8 2 3
8 2 1
9 3 4
9 3 2
10 4 5
10 4 3
11 5 6
11 5 4
12 6 1
12 6 5
7 1 2
7 1 6

14 13 15
14 13 16
15 13 16

;2;1 2 3 4 5 6;13
;5;1 2 3 4 5 6;13

;1 6;1 2 3 4 5 6;13
;3 4;1 2 3 4 5 6;13

2 13 16
2 13 14
2 13 15

;3 4;13;16
;1 6;13;16
;3 4;13;14
;1 6;13;14
;3 4;13;15
;1 6;13;15

1 2 3 4 T
2 3 4 5 T
3 4 5 6 T
4 5 6 1 T
5 6 1 2 T
6 1 2 3 T

8 2 3 1 O 
9 3 4 2 O
10 4 5 3 O
11 5 6 4 O
12 6 1 5 O
7 1 2 6 O

16 13 14 15 O
14 13 15 16 O
15 13 16 14 O
ZMAT end




cart begin
C         -2.2881149736       -1.3987348650        0.9672649469
C          0.0000000000       -2.7034735342        0.7570423949
C          2.2881149736       -1.3987348650        0.9672649469
C          2.2879998448        1.2104804787        1.3863208408
C          0.0000000000        2.5151230381        1.5969524062
C         -2.2879998448        1.2104804787        1.3863208408
H         -4.0614819553       -2.4092983504        0.7971337830
H          0.0000000000       -4.7227712185        0.4164231620
H          4.0614819553       -2.4092983504        0.7971337830
H          4.0621372934        2.2218827099        1.5468116130
H          0.0000000000        4.5379201399        1.9192780553
H         -4.0621372934        2.2218827099        1.5468116130
N          0.0000000000        0.3173964553       -5.4567038782
H         -1.5339853834        1.3945717807       -5.8662458347
H          1.5339853834        1.3945717807       -5.8662458347
H          0.0000000000        0.0862038177       -3.5498436996
cart end 
C          0.9154981410        1.4056136464       -2.2728832333
C          0.7395724983        2.7093451890        0.0186315398
C          0.9981992255        1.4059207637        2.3026281939
C          1.4311534236       -1.2012874873        2.2951112543
C          1.6078063469       -2.5045275363        0.0036386927
C          1.3492380750       -1.2008794671       -2.2801538276
H          0.7059454198        2.4148607238       -4.0426659435
H          0.3885172953        4.7268700257        0.0245008025
H          0.8566041120        2.4158830911        4.0789629251
H          1.6289740530       -2.2115965401        4.0660532601
H          1.9413551941       -4.5254997336       -0.0022233476
H          1.4837412763       -2.2114568502       -4.0569760312
N         -5.4427729390       -0.3572894314       -0.0706045321
H         -5.5914346081       -1.5686407037       -1.5510849617
H         -6.0693703302       -1.3154564556        1.4690164341
H         -3.5620884746       -0.0736559165        0.1979894516
C        0.915497617      1.405613978     -2.272874505
C        0.739571987      2.709345426      0.018640102
C        0.998198696      1.405921095      2.302636590
C        1.431152862     -1.201286967      2.295119651
C        1.607805773     -2.504526922      0.003647256
C        1.349237520     -1.200878947     -2.280145099
H        0.705944911      2.414860982     -4.042657087
H        0.388516810      4.726870117      0.024509364
H        0.856603592      2.415883350      4.078971193
H        1.628973477     -2.211595947      4.066061529
H        1.941354596     -4.525498972     -0.002214784
H        1.483740711     -2.211456257     -4.056967174
N       -5.442773002     -0.357288972     -0.070595964
H       -5.591434661     -1.568640157     -1.551076286
H       -6.069370348     -1.315455927      1.469024891
H       -3.562088674     -0.073655478      0.197998000

