   10   30
        0.6055459102        0.1223298599        0.0000473200
       -0.1749968402        0.0544543600       -0.1595514100
       -0.2526306051       -0.2310098550       -0.0000146102
       -0.1749969101        0.0544543499        0.1596101400
       -0.0003457102       -0.0000724751       -0.0000001101
       -0.0005045001       -0.0000238352        0.0000365550
       -0.0005042251       -0.0000237002       -0.0000368701
        0.0003726699        0.0005514700       -0.0000001400
       -0.0009578851        0.0000291850       -0.0000002051
       -0.0009828651       -0.0006195651       -0.0000003300
        0.1223298599        0.2642131801       -0.0000229700
        0.0266414447       -0.0374069251        0.0554235301
       -0.1762069199       -0.1894467850       -0.0000093101
        0.0266414749       -0.0374068701       -0.0554382200
        0.0004592098       -0.0006575300       -0.0000001801
        0.0002027051        0.0000238599        0.0000066400
        0.0002028300        0.0000235599       -0.0000067600
       -0.0006200150        0.0003547301       -0.0000000799
        0.0002308401       -0.0005872050       -0.0000001451
        0.0001832200        0.0008887099       -0.0000002450
        0.0000473200       -0.0000229700        0.6415461499
       -0.1757037251        0.1014009051       -0.2907875098
       -0.0000138100       -0.0000077449       -0.0608359851
        0.1757633150       -0.1014173249       -0.2907874550
       -0.0000001050       -0.0000001451       -0.0014396251
       -0.0004285549        0.0000527351        0.0000055451
        0.0004282100       -0.0000530450        0.0000054402
       -0.0000001749        0.0000000200        0.0016597002
       -0.0000001499       -0.0000001150       -0.0014356000
       -0.0000000550        0.0000000550        0.0020686302
       -0.1749968402        0.0266414447       -0.1757037251
        0.1804670103       -0.0358762352        0.1799549651
       -0.0160865201        0.0122998249       -0.0276381002
        0.0115027248       -0.0028133552        0.0232219598
       -0.0001634103       -0.0001294752       -0.0002550952
       -0.0001921801        0.0000237549       -0.0000260800
       -0.0000365202       -0.0000112752        0.0000297300
        0.0003211299        0.0002329600        0.0003037199
       -0.0002314250       -0.0001175751       -0.0003515702
       -0.0005847652       -0.0002596902        0.0005203950
        0.0544543600       -0.0374069251        0.1014009051
       -0.0358762352        0.0388917201       -0.0685925899
       -0.0156816100        0.0010380599       -0.0236461651
       -0.0028132901       -0.0025564701       -0.0095138550
       -0.0001498401        0.0001560500        0.0004916249
        0.0002434551        0.0000172349       -0.0000050150
       -0.0000231000       -0.0000095201       -0.0000024549
        0.0000468150       -0.0001368248       -0.0002461400
        0.0000970601       -0.0000918050       -0.0000464350
       -0.0003067950        0.0000975349        0.0001420251
       -0.1595514100        0.0554235301       -0.2907875098
        0.1799549651       -0.0685925899        0.3163988899
        0.0029053801        0.0035428201       -0.0000604400
       -0.0232238600        0.0095126350       -0.0255180748
       -0.0003713801        0.0001777401        0.0000937800
        0.0000649801       -0.0000299050       -0.0000113648
       -0.0000027350       -0.0000229599        0.0000018801
        0.0002079152       -0.0000881948       -0.0000901397
       -0.0000559049        0.0000884651        0.0000710202
        0.0001280800       -0.0000277251       -0.0000988649
       -0.2526306051       -0.1762069199       -0.0000138100
       -0.0160865201       -0.0156816100        0.0029053801
        0.2852729500        0.2066560600       -0.0000124801
       -0.0160865301       -0.0156815300       -0.0029058400
       -0.0002958301        0.0011556250       -0.0000001300
        0.0000459301       -0.0000876251       -0.0000138401
        0.0000462349       -0.0000876200        0.0000135101
       -0.0004853199       -0.0004701599       -0.0000000949
       -0.0000728400        0.0015735499       -0.0000000850
        0.0002916849       -0.0010915450       -0.0000002200
       -0.2310098550       -0.1894467850       -0.0000077449
        0.0122998249        0.0010380599        0.0035428201
        0.2066560600        0.1899876901       -0.0000085900
        0.0122998149        0.0010380099       -0.0035425751
        0.0007743049       -0.0014426452       -0.0000000151
       -0.0004272850       -0.0000830951       -0.0000130650
       -0.0004271601       -0.0000830951        0.0000130900
        0.0012385300        0.0004672901        0.0000000401
        0.0004979300        0.0003013251        0.0000001000
       -0.0018203501       -0.0017768450       -0.0000001600
       -0.0000146102       -0.0000093101       -0.0608359851
       -0.0276381002       -0.0236461651       -0.0000604400
       -0.0000124801       -0.0000085900        0.0620186802
        0.0276374948        0.0236450948       -0.0000603102
       -0.0000001602       -0.0000001550        0.0004897949
        0.0001055099       -0.0001282051       -0.0000126251
       -0.0001059601        0.0001280249       -0.0000127800
       -0.0000001850       -0.0000000649       -0.0008754499
       -0.0000001900       -0.0000002100        0.0015243499
       -0.0000001701       -0.0000001651       -0.0021762000
       -0.1749969101        0.0266414749        0.1757633150
        0.0115027248       -0.0028132901       -0.0232238600
       -0.0160865301        0.0122998149        0.0276374948
        0.1804670302       -0.0358762502       -0.1798952501
       -0.0001633953       -0.0001294902        0.0002550848
       -0.0000366600       -0.0000112902       -0.0000300500
       -0.0001922152        0.0000237299        0.0000257550
        0.0003211149        0.0002329800       -0.0003038600
       -0.0002314350       -0.0001175850        0.0003512500
       -0.0005847801       -0.0002597052       -0.0005209802
        0.0544543499       -0.0374068701       -0.1014173249
       -0.0028133552       -0.0025564701        0.0095126350
       -0.0156815300        0.0010380099        0.0236450948
       -0.0358762502        0.0388917601        0.0685762149
       -0.0001499102        0.0001560250       -0.0004919751
       -0.0000232450       -0.0000096802        0.0000022401
        0.0002435499        0.0000172199        0.0000047100
        0.0000467949       -0.0001368200        0.0002458550
        0.0000970300       -0.0000918951        0.0000462850
       -0.0003068200        0.0000975199       -0.0001424800
        0.1596101400       -0.0554382200       -0.2907874550
        0.0232219598       -0.0095138550       -0.0255180748
       -0.0029058400       -0.0035425751       -0.0000603102
       -0.1798952501        0.0685762149        0.3163988600
        0.0003710498       -0.0001780950        0.0000939399
        0.0000024400        0.0000226349        0.0000017451
       -0.0000654201        0.0000297049       -0.0000114950
       -0.0002082601        0.0000880351       -0.0000901798
        0.0000556101       -0.0000886999        0.0000710399
       -0.0001284201        0.0000274748       -0.0000988750
       -0.0003457102        0.0004592098       -0.0000001050
       -0.0001634103       -0.0001498401       -0.0003713801
       -0.0002958301        0.0007743049       -0.0000001602
       -0.0001633953       -0.0001499102        0.0003710498
        0.3443276503       -0.0114010001       -0.0000148802
       -0.0050457251       -0.0006101452       -0.0022334100
       -0.0050456002       -0.0006101602        0.0022330950
       -0.3223793802        0.0122298700       -0.0000151951
       -0.0157123252       -0.0045264501       -0.0000001552
        0.0048216799        0.0039541348       -0.0000002751
       -0.0000724751       -0.0006575300       -0.0000001451
       -0.0001294752        0.0001560500        0.0001777401
        0.0011556250       -0.0014426452       -0.0000001550
       -0.0001294902        0.0001560250       -0.0001780950
       -0.0114010001        0.0556167302        0.0000009749
        0.0144146300        0.0001677898        0.0024648099
        0.0144146298        0.0001676649       -0.0024649900
        0.0197253050       -0.0538726600        0.0000008549
       -0.0401812100       -0.0100119250       -0.0000000551
        0.0021699499        0.0097199249       -0.0000002350
       -0.0000001101       -0.0000001801       -0.0014396251
       -0.0002550952        0.0004916249        0.0000937800
       -0.0000001300       -0.0000000151        0.0004897949
        0.0002550848       -0.0004919751        0.0000939399
       -0.0000148802        0.0000009749        0.0497883002
        0.0255655250        0.0003880798        0.0021832800
       -0.0255663801       -0.0003884553        0.0021833901
       -0.0000174951        0.0000009449       -0.0554171000
       -0.0000006150       -0.0000004601        0.0056167198
       -0.0000002701       -0.0000001901       -0.0035940100
       -0.0005045001        0.0002027051       -0.0004285549
       -0.0001921801        0.0002434551        0.0000649801
        0.0000459301       -0.0004272850        0.0001055099
       -0.0000366600       -0.0000232450        0.0000024400
       -0.0050457251        0.0144146300        0.0255655250
        0.0849286801       -0.0477799101       -0.0869501351
        0.0027749249       -0.0050858151       -0.0100279949
       -0.0873534151        0.0417589001        0.0813573051
        0.0047401500       -0.0012610450       -0.0101224751
        0.0006407750       -0.0020447251        0.0004359750
       -0.0000238352        0.0000238599        0.0000527351
        0.0000237549        0.0000172349       -0.0000299050
       -0.0000876251       -0.0000830951       -0.0001282051
       -0.0000112902       -0.0000096802        0.0000226349
       -0.0006101452        0.0001677898        0.0003880798
       -0.0477799101        0.1124223903        0.1121578299
       -0.0050858401        0.0095839148        0.0139430399
        0.0418591348       -0.0984953500       -0.1073342050
        0.0152091449       -0.0164969201       -0.0196906952
       -0.0034956950       -0.0071308602        0.0006357348
        0.0000365550        0.0000066400        0.0000055451
       -0.0000260800       -0.0000050150       -0.0000113648
       -0.0000138401       -0.0000130650       -0.0000126251
       -0.0000300500        0.0000022401        0.0000017451
       -0.0022334100        0.0024648099        0.0021832800
       -0.0869501351        0.1121578299        0.2393673500
        0.0100269699       -0.0139442351       -0.0206294449
        0.0798900301       -0.1044153748       -0.2217428450
        0.0003476150        0.0023846800        0.0023424700
       -0.0010433050        0.0013791049       -0.0015049250
       -0.0005042251        0.0002028300        0.0004282100
       -0.0000365202       -0.0000231000       -0.0000027350
        0.0000462349       -0.0004271601       -0.0001059601
       -0.0001922152        0.0002435499       -0.0000654201
       -0.0050456002        0.0144146298       -0.0255663801
        0.0027749249       -0.0050858401        0.0100269699
        0.0849284302       -0.0477797852        0.0869550500
       -0.0873532900        0.0417590300       -0.0813534849
        0.0047403950       -0.0012609101        0.0101219798
        0.0006410249       -0.0020445952       -0.0004367500
       -0.0000237002        0.0000235599       -0.0000530450
       -0.0000112752       -0.0000095201       -0.0000229599
       -0.0000876200       -0.0000830951        0.0001280249
        0.0000237299        0.0000172199        0.0000297049
       -0.0006101602        0.0001676649       -0.0003884553
       -0.0050858151        0.0095839148       -0.0139442351
       -0.0477797852        0.1124224002       -0.1121374250
        0.0418592600       -0.0984953699        0.1073542650
        0.0152091499       -0.0164969100        0.0196906798
       -0.0034955551       -0.0071308700       -0.0006362001
       -0.0000368701       -0.0000067600        0.0000054402
        0.0000297300       -0.0000024549        0.0000018801
        0.0000135101        0.0000130900       -0.0000127800
        0.0000257550        0.0000047100       -0.0000114950
        0.0022330950       -0.0024649900        0.0021833901
       -0.0100279949        0.0139430399       -0.0206294449
        0.0869550500       -0.1121374250        0.2393673699
       -0.0798838599        0.1044354651       -0.2217428597
       -0.0003473548       -0.0023869450        0.0023424550
        0.0010432400       -0.0013794350       -0.0015047898
        0.0003726699       -0.0006200150       -0.0000001749
        0.0003211299        0.0000468150        0.0002079152
       -0.0004853199        0.0012385300       -0.0000001850
        0.0003211149        0.0000467949       -0.0002082601
       -0.3223793802        0.0197253050       -0.0000174951
       -0.0873534151        0.0418591348        0.0798900301
       -0.0873532900        0.0418592600       -0.0798838599
        0.6119166301       -0.0728476699       -0.0000116499
       -0.1460400298       -0.0816193250       -0.0000031750
        0.0306772048        0.0502828399       -0.0000010300
        0.0005514700        0.0003547301        0.0000000200
        0.0002329600       -0.0001368248       -0.0000881948
       -0.0004701599        0.0004672901       -0.0000000649
        0.0002329800       -0.0001368200        0.0000880351
        0.0122298700       -0.0538726600        0.0000009449
        0.0417589001       -0.0984953500       -0.1044153748
        0.0417590300       -0.0984953699        0.1044354651
       -0.0728476699        0.4288311999        0.0000151401
       -0.0406119499       -0.0959777400       -0.0000049550
        0.0171350501       -0.0825406201       -0.0000007498
       -0.0000001400       -0.0000000799        0.0016597002
        0.0003037199       -0.0002461400       -0.0000901397
       -0.0000000949        0.0000000401       -0.0008754499
       -0.0003038600        0.0002458550       -0.0000901798
       -0.0000151951        0.0000008549       -0.0554171000
        0.0813573051       -0.1073342050       -0.2217428450
       -0.0813534849        0.1073542650       -0.2217428597
       -0.0000116499        0.0000151401        0.5309871699
       -0.0000009000       -0.0000102999       -0.0419816449
       -0.0000005750       -0.0000017350        0.0092915950
       -0.0009578851        0.0002308401       -0.0000001499
       -0.0002314250        0.0000970601       -0.0000559049
       -0.0000728400        0.0004979300       -0.0000001900
       -0.0002314350        0.0000970300        0.0000556101
       -0.0157123252       -0.0401812100       -0.0000006150
        0.0047401500        0.0152091449        0.0003476150
        0.0047403950        0.0152091499       -0.0003473548
       -0.1460400298       -0.0406119499       -0.0000009000
        0.5211886000       -0.2083115000       -0.0000255349
       -0.3674255400        0.2579182650       -0.0000181150
        0.0000291850       -0.0005872050       -0.0000001150
       -0.0001175751       -0.0000918050        0.0000884651
        0.0015735499        0.0003013251       -0.0000002100
       -0.0001175850       -0.0000918951       -0.0000886999
       -0.0045264501       -0.0100119250       -0.0000004601
       -0.0012610450       -0.0164969201        0.0023846800
       -0.0012609101       -0.0164969100       -0.0023869450
       -0.0816193250       -0.0959777400       -0.0000102999
       -0.2083115000        0.5034546601       -0.0000200001
        0.2957557250       -0.3640038001       -0.0000152698
       -0.0000002051       -0.0000001451       -0.0014356000
       -0.0003515702       -0.0000464350        0.0000710202
       -0.0000000850        0.0000001000        0.0015243499
        0.0003512500        0.0000462850        0.0000710399
       -0.0000001552       -0.0000000551        0.0056167198
       -0.0101224751       -0.0196906952        0.0023424700
        0.0101219798        0.0196906798        0.0023424550
       -0.0000031750       -0.0000049550       -0.0419816449
       -0.0000255349       -0.0000200001        0.0340238302
       -0.0000177451       -0.0000165350       -0.0025766499
       -0.0009828651        0.0001832200       -0.0000000550
       -0.0005847652       -0.0003067950        0.0001280800
        0.0002916849       -0.0018203501       -0.0000001701
       -0.0005847801       -0.0003068200       -0.0001284201
        0.0048216799        0.0021699499       -0.0000002701
        0.0006407750       -0.0034956950       -0.0010433050
        0.0006410249       -0.0034955551        0.0010432400
        0.0306772048        0.0171350501       -0.0000005750
       -0.3674255400        0.2957557250       -0.0000177451
        0.3325036101       -0.3056868701       -0.0000152799
       -0.0006195651        0.0008887099        0.0000000550
       -0.0002596902        0.0000975349       -0.0000277251
       -0.0010915450       -0.0017768450       -0.0000001651
       -0.0002597052        0.0000975199        0.0000274748
        0.0039541348        0.0097199249       -0.0000001901
       -0.0020447251       -0.0071308602        0.0013791049
       -0.0020445952       -0.0071308700       -0.0013794350
        0.0502828399       -0.0825406201       -0.0000017350
        0.2579182650       -0.3640038001       -0.0000165350
       -0.3056868701        0.4517765302       -0.0000188450
       -0.0000003300       -0.0000002450        0.0020686302
        0.0005203950        0.0001420251       -0.0000988649
       -0.0000002200       -0.0000001600       -0.0021762000
       -0.0005209802       -0.0001424800       -0.0000988750
       -0.0000002751       -0.0000002350       -0.0035940100
        0.0004359750        0.0006357348       -0.0015049250
       -0.0004367500       -0.0006362001       -0.0015047898
       -0.0000010300       -0.0000007498        0.0092915950
       -0.0000181150       -0.0000152698       -0.0025766499
       -0.0000152799       -0.0000188450        0.0001918400
