   14   42
        0.1575789453       -0.0000000000       -0.1312242423
       -0.1408687291        0.0000000001        0.1177164354
        0.0008075421        0.0032668974        0.0003346711
        0.0008075421       -0.0032668974        0.0003346710
       -0.0003576381       -0.0000000001        0.0016690796
       -0.0157637302       -0.0013645404        0.0160346682
       -0.0157637302        0.0013645403        0.0160346683
       -0.0007285381        0.0000758276       -0.0014482791
        0.0006663919        0.0003406824       -0.0006319193
        0.0002838078        0.0000000000       -0.0000074068
        0.0006663920       -0.0003406824       -0.0006319192
       -0.0007285380       -0.0000758274       -0.0014482791
        0.0137823727        0.0000000001       -0.0166595446
       -0.0003807119        0.0000000001       -0.0000695007
       -0.0000000000        0.0632762086        0.0000000000
        0.0000000000       -0.0611068306        0.0000000000
        0.0001282140       -0.0046432047        0.0000601268
       -0.0001282140       -0.0046432047       -0.0000601269
        0.0000000000       -0.0005915879        0.0000000000
       -0.0212228269        0.0024139003        0.0260638372
        0.0212228269        0.0024139003       -0.0260638373
        0.0009288975        0.0000747419        0.0023476580
       -0.0010383498        0.0005390155        0.0006141904
        0.0000000000        0.0005439444        0.0000000000
        0.0010383498        0.0005390156       -0.0006141903
       -0.0009288974        0.0000747419       -0.0023476580
        0.0000000000        0.0003797729        0.0000000000
        0.0000000000        0.0007299189        0.0000000000
       -0.1312242423        0.0000000000        0.2319005804
        0.1181081700       -0.0000000001       -0.2119494983
       -0.0008940171       -0.0004428416        0.0003167152
       -0.0008940171        0.0004428416        0.0003167153
       -0.0000120235        0.0000000000       -0.0000455502
       -0.0012621374        0.0004513754        0.0037421308
       -0.0012621373       -0.0004513754        0.0037421308
        0.0000438814        0.0000404870       -0.0002580247
        0.0003781506       -0.0008352166        0.0000714007
        0.0000074069        0.0000000000       -0.0000615333
        0.0003781506        0.0008352166        0.0000714006
        0.0000438815       -0.0000404871       -0.0002580247
        0.0166595446       -0.0000000001       -0.0275204081
       -0.0000695007       -0.0000000001       -0.0000664265
       -0.1408687291        0.0000000000        0.1181081700
        0.5908872587        0.0000000000        0.0000000000
       -0.0160063780        0.0332520029       -0.0000000000
       -0.0160063780       -0.0332520029        0.0000000000
        0.0002288578        0.0000000001        0.0000000000
       -0.1475994740       -0.0562354898        0.0000000001
       -0.1475994740        0.0562354898        0.0000000000
       -0.0043137003       -0.0006560726        0.0000000000
        0.0135882262       -0.0171499691        0.0000000000
       -0.0003576380        0.0000000000        0.0000120237
        0.0135882262        0.0171499691       -0.0000000000
       -0.0043137002        0.0006560723        0.0000000000
       -0.1408687291       -0.0000000001       -0.1181081699
       -0.0003576380        0.0000000000       -0.0000120237
        0.0000000001       -0.0611068306       -0.0000000001
        0.0000000000        0.5529293935        0.0000000000
        0.0073377838        0.0083622284        0.0000000006
       -0.0073377849        0.0083622280        0.0000000006
       -0.0000000001       -0.0018256376        0.0000000000
       -0.0630665572       -0.2051072020        0.0000000006
        0.0630665579       -0.2051072016        0.0000000000
       -0.0031260205        0.0013142516        0.0000000001
        0.0175896538       -0.0184236798        0.0000000000
        0.0000000001       -0.0005915879        0.0000000000
       -0.0175896538       -0.0184236799       -0.0000000002
        0.0031260206        0.0013142520        0.0000000000
        0.0000000001       -0.0611068306        0.0000000001
        0.0000000001       -0.0005915878       -0.0000000000
        0.1177164354        0.0000000000       -0.2119494983
        0.0000000000        0.0000000000        0.5616030852
       -0.0000000005        0.0000000001        0.0065807717
       -0.0000000005       -0.0000000001        0.0065807717
       -0.0000000000        0.0000000000       -0.0143717116
        0.0000000006       -0.0000000001       -0.0862102132
        0.0000000006        0.0000000001       -0.0862102135
        0.0000000000       -0.0000000000        0.0143680721
       -0.0000000001       -0.0000000000        0.0036423880
       -0.0016690794        0.0000000000       -0.0000455501
       -0.0000000001        0.0000000000        0.0036423877
        0.0000000000        0.0000000000        0.0143680721
       -0.1177164359        0.0000000000       -0.2119494981
        0.0016690794        0.0000000000       -0.0000455500
        0.0008075421        0.0001282140       -0.0008940171
       -0.0160063780        0.0073377838       -0.0000000005
        0.8830933908       -0.0422282630        0.0000000003
        0.0219016622        0.0170781327        0.0000000005
       -0.1475994738       -0.0630665578        0.0000000000
       -0.0032466295       -0.0015185798        0.0000000008
       -0.5578305579       -0.0005513822        0.0000000000
       -0.1329033593        0.1168092466       -0.0000000000
       -0.0141938782        0.0027852879        0.0000000000
       -0.0157637298       -0.0212228269        0.0012621372
        0.0000576292       -0.0002757387       -0.0000000003
       -0.0033652307        0.0058169937        0.0000000000
        0.0008075418        0.0001282143        0.0008940174
       -0.0157637295       -0.0212228276       -0.0012621373
        0.0032668974       -0.0046432047       -0.0004428416
        0.0332520029        0.0083622284        0.0000000001
       -0.0422282630        0.6554490642       -0.0000000003
       -0.0170781327       -0.0358111282        0.0000000000
       -0.0562354897       -0.2051072016        0.0000000000
       -0.0015185797        0.0047825144       -0.0000000003
        0.0005513823       -0.1459802838        0.0000000000
        0.1123024854       -0.2782752623       -0.0000000000
       -0.0351197450        0.0034094670        0.0000000000
       -0.0013645403        0.0024139003       -0.0004513753
       -0.0007430708        0.0003704189        0.0000000002
        0.0030129595       -0.0027429383       -0.0000000000
        0.0032668975       -0.0046432048        0.0004428417
       -0.0013645405        0.0024139003        0.0004513753
        0.0003346711        0.0000601268        0.0003167152
       -0.0000000000        0.0000000006        0.0065807717
        0.0000000003       -0.0000000003        0.1850098863
       -0.0000000005        0.0000000000        0.0009436048
       -0.0000000001       -0.0000000006       -0.0862102130
       -0.0000000008        0.0000000003       -0.0001646452
        0.0000000001        0.0000000000       -0.0730732364
       -0.0000000001        0.0000000003       -0.0483686014
        0.0000000000       -0.0000000001        0.0059617610
       -0.0160346683       -0.0260638372        0.0037421307
        0.0000000004       -0.0000000006       -0.0002272611
        0.0000000003        0.0000000003        0.0014239578
       -0.0003346708       -0.0000601270        0.0003167153
        0.0160346685        0.0260638373        0.0037421304
        0.0008075421       -0.0001282140       -0.0008940171
       -0.0160063780       -0.0073377849       -0.0000000005
        0.0219016622       -0.0170781327       -0.0000000005
        0.8830933908        0.0422282630       -0.0000000003
       -0.1475994738        0.0630665571        0.0000000000
       -0.5578305579        0.0005513822       -0.0000000001
       -0.0032466294        0.0015185797        0.0000000000
       -0.0033652306       -0.0058169935       -0.0000000002
        0.0000576293        0.0002757386        0.0000000000
       -0.0157637298        0.0212228269        0.0012621372
       -0.0141938782       -0.0027852877        0.0000000000
       -0.1329033589       -0.1168092469       -0.0000000000
        0.0008075418       -0.0001282138        0.0008940174
       -0.0157637295        0.0212228263       -0.0012621373
       -0.0032668974       -0.0046432047        0.0004428416
       -0.0332520029        0.0083622280       -0.0000000001
        0.0170781327       -0.0358111282        0.0000000000
        0.0422282630        0.6554490642       -0.0000000003
        0.0562354897       -0.2051072020        0.0000000000
       -0.0005513824       -0.1459802836       -0.0000000000
        0.0015185798        0.0047825145        0.0000000000
       -0.0030129594       -0.0027429385        0.0000000000
        0.0007430708        0.0003704191        0.0000000000
        0.0013645403        0.0024139003        0.0004513753
        0.0351197450        0.0034094671       -0.0000000001
       -0.1123024856       -0.2782752622        0.0000000000
       -0.0032668975       -0.0046432046       -0.0004428417
        0.0013645405        0.0024139002       -0.0004513753
        0.0003346710       -0.0000601269        0.0003167153
        0.0000000000        0.0000000006        0.0065807717
        0.0000000005        0.0000000000        0.0009436048
       -0.0000000003       -0.0000000003        0.1850098863
        0.0000000001       -0.0000000006       -0.0862102130
       -0.0000000001        0.0000000000       -0.0730732365
        0.0000000008        0.0000000003       -0.0001646453
       -0.0000000003        0.0000000003        0.0014239578
       -0.0000000004       -0.0000000006       -0.0002272611
       -0.0160346686        0.0260638373        0.0037421304
        0.0000000000       -0.0000000001        0.0059617613
        0.0000000001        0.0000000003       -0.0483686014
       -0.0003346710        0.0000601268        0.0003167151
        0.0160346682       -0.0260638372        0.0037421307
       -0.0003576381        0.0000000000       -0.0000120235
        0.0002288578       -0.0000000001       -0.0000000000
       -0.1475994738       -0.0562354897       -0.0000000001
       -0.1475994738        0.0562354897        0.0000000001
        0.5908872586       -0.0000000001        0.0000000000
       -0.0160063777        0.0332520029        0.0000000000
       -0.0160063777       -0.0332520030        0.0000000000
        0.0135882258        0.0171499695       -0.0000000000
       -0.0043137002        0.0006560720        0.0000000000
       -0.1408687291        0.0000000000       -0.1181081701
       -0.0043137001       -0.0006560722        0.0000000000
        0.0135882260       -0.0171499696        0.0000000000
       -0.0003576381        0.0000000000        0.0000120235
       -0.1408687292       -0.0000000002        0.1181081701
       -0.0000000001       -0.0005915879        0.0000000000
        0.0000000001       -0.0018256376        0.0000000000
       -0.0630665578       -0.2051072016       -0.0000000006
        0.0630665571       -0.2051072020       -0.0000000006
       -0.0000000001        0.5529293936        0.0000000000
        0.0073377850        0.0083622281       -0.0000000006
       -0.0073377838        0.0083622284        0.0000000000
       -0.0175896540       -0.0184236800       -0.0000000001
        0.0031260202        0.0013142517        0.0000000000
       -0.0000000000       -0.0611068306       -0.0000000001
       -0.0031260205        0.0013142519        0.0000000002
        0.0175896538       -0.0184236798       -0.0000000000
       -0.0000000001       -0.0005915878       -0.0000000000
       -0.0000000000       -0.0611068306        0.0000000001
        0.0016690796        0.0000000000       -0.0000455502
        0.0000000000        0.0000000000       -0.0143717116
        0.0000000000        0.0000000000       -0.0862102130
        0.0000000000        0.0000000000       -0.0862102130
        0.0000000000        0.0000000000        0.5616030863
        0.0000000000        0.0000000000        0.0065807714
        0.0000000000        0.0000000000        0.0065807711
        0.0000000000        0.0000000000        0.0036423878
        0.0000000000        0.0000000000        0.0143680716
       -0.1177164357        0.0000000000       -0.2119494987
        0.0000000000        0.0000000000        0.0143680718
        0.0000000000        0.0000000000        0.0036423878
       -0.0016690795       -0.0000000000       -0.0000455503
        0.1177164354        0.0000000000       -0.2119494986
       -0.0157637302       -0.0212228269       -0.0012621374
       -0.1475994740       -0.0630665572        0.0000000006
       -0.0032466295       -0.0015185797       -0.0000000008
       -0.5578305579       -0.0005513824       -0.0000000001
       -0.0160063777        0.0073377850        0.0000000000
        0.8830933910       -0.0422282628       -0.0000000003
        0.0219016622        0.0170781325        0.0000000000
        0.0000576290       -0.0002757388        0.0000000000
       -0.0033652312        0.0058169937        0.0000000000
        0.0008075417        0.0001282140        0.0008940172
       -0.1329033589        0.1168092466        0.0000000002
       -0.0141938782        0.0027852879       -0.0000000000
       -0.0157637298       -0.0212228276        0.0012621371
        0.0008075413        0.0001282143       -0.0008940171
       -0.0013645404        0.0024139003        0.0004513754
       -0.0562354898       -0.2051072020       -0.0000000001
       -0.0015185798        0.0047825144        0.0000000003
        0.0005513822       -0.1459802836        0.0000000000
        0.0332520029        0.0083622281        0.0000000000
       -0.0422282628        0.6554490647        0.0000000003
       -0.0170781323       -0.0358111288        0.0000000000
       -0.0007430712        0.0003704194        0.0000000000
        0.0030129594       -0.0027429384        0.0000000000
        0.0032668976       -0.0046432048        0.0004428416
        0.1123024857       -0.2782752623       -0.0000000002
       -0.0351197451        0.0034094666        0.0000000000
       -0.0013645405        0.0024139004       -0.0004513755
        0.0032668976       -0.0046432049       -0.0004428417
        0.0160346682        0.0260638372        0.0037421308
        0.0000000001        0.0000000006       -0.0862102132
        0.0000000008       -0.0000000003       -0.0001646452
       -0.0000000001       -0.0000000000       -0.0730732365
        0.0000000000       -0.0000000006        0.0065807714
       -0.0000000003        0.0000000003        0.1850098863
        0.0000000005        0.0000000000        0.0009436049
       -0.0000000004        0.0000000006       -0.0002272612
       -0.0000000003       -0.0000000003        0.0014239577
       -0.0003346711       -0.0000601268        0.0003167153
        0.0000000001       -0.0000000003       -0.0483686011
        0.0000000000        0.0000000001        0.0059617616
       -0.0160346687       -0.0260638373        0.0037421305
        0.0003346710        0.0000601270        0.0003167154
       -0.0157637302        0.0212228269       -0.0012621373
       -0.1475994740        0.0630665579        0.0000000006
       -0.5578305579        0.0005513823        0.0000000001
       -0.0032466294        0.0015185798        0.0000000008
       -0.0160063777       -0.0073377838        0.0000000000
        0.0219016622       -0.0170781323        0.0000000005
        0.8830933908        0.0422282628        0.0000000000
       -0.0141938779       -0.0027852877        0.0000000002
       -0.1329033588       -0.1168092469        0.0000000000
        0.0008075418       -0.0001282140        0.0008940172
       -0.0033652311       -0.0058169935       -0.0000000001
        0.0000576290        0.0002757386        0.0000000000
       -0.0157637298        0.0212228263        0.0012621371
        0.0008075414       -0.0001282138       -0.0008940172
        0.0013645403        0.0024139003       -0.0004513754
        0.0562354898       -0.2051072016        0.0000000001
       -0.0005513822       -0.1459802838        0.0000000000
        0.0015185797        0.0047825145        0.0000000003
       -0.0332520030        0.0083622284        0.0000000000
        0.0170781325       -0.0358111288        0.0000000000
        0.0422282628        0.6554490646        0.0000000000
        0.0351197452        0.0034094669       -0.0000000000
       -0.1123024858       -0.2782752623        0.0000000000
       -0.0032668975       -0.0046432048       -0.0004428416
       -0.0030129594       -0.0027429385        0.0000000001
        0.0007430710        0.0003704194        0.0000000000
        0.0013645404        0.0024139002        0.0004513754
       -0.0032668975       -0.0046432046        0.0004428417
        0.0160346683       -0.0260638373        0.0037421308
        0.0000000000        0.0000000000       -0.0862102135
        0.0000000000        0.0000000000       -0.0730732364
        0.0000000000        0.0000000000       -0.0001646453
        0.0000000000        0.0000000000        0.0065807711
        0.0000000000        0.0000000000        0.0009436049
        0.0000000000        0.0000000000        0.1850098861
        0.0000000000        0.0000000000        0.0059617617
        0.0000000000        0.0000000000       -0.0483686008
       -0.0003346709        0.0000601269        0.0003167154
        0.0000000000        0.0000000000        0.0014239578
        0.0000000000        0.0000000000       -0.0002272613
       -0.0160346685        0.0260638373        0.0037421308
        0.0003346710       -0.0000601269        0.0003167154
       -0.0007285381        0.0009288975        0.0000438814
       -0.0043137003       -0.0031260205        0.0000000000
       -0.1329033593        0.1123024854       -0.0000000001
       -0.0033652306       -0.0030129594       -0.0000000003
        0.0135882258       -0.0175896540        0.0000000000
        0.0000576290       -0.0007430712       -0.0000000004
       -0.0141938779        0.0351197452        0.0000000000
        0.1392961808       -0.1255360860        0.0000000000
        0.0009701816       -0.0003550565        0.0000000000
        0.0006663920        0.0010383499       -0.0003781506
        0.0001905408        0.0001472341        0.0000000001
        0.0008011599       -0.0011374815       -0.0000000000
       -0.0007285380        0.0009288975       -0.0000438814
        0.0006663919        0.0010383501        0.0003781506
        0.0000758276        0.0000747419        0.0000404870
       -0.0006560726        0.0013142516       -0.0000000000
        0.1168092466       -0.2782752623        0.0000000003
       -0.0058169935       -0.0027429385        0.0000000003
        0.0171499695       -0.0184236800        0.0000000000
       -0.0002757388        0.0003704194        0.0000000006
       -0.0027852877        0.0034094669        0.0000000000
       -0.1255360860        0.2927585914        0.0000000000
        0.0003550567        0.0016251329        0.0000000000
       -0.0003406823        0.0005390156       -0.0008352166
        0.0001472338        0.0000466828       -0.0000000002
        0.0011374815       -0.0013078391        0.0000000000
        0.0000758277        0.0000747419       -0.0000404871
       -0.0003406824        0.0005390154        0.0008352166
       -0.0014482791        0.0023476580       -0.0002580247
        0.0000000000        0.0000000001        0.0143680721
       -0.0000000000       -0.0000000000       -0.0483686014
       -0.0000000002        0.0000000000        0.0014239578
       -0.0000000000       -0.0000000001        0.0036423878
        0.0000000000        0.0000000000       -0.0002272612
        0.0000000002       -0.0000000000        0.0059617617
        0.0000000000        0.0000000000        0.0326611688
       -0.0000000000       -0.0000000000       -0.0088766295
        0.0006319193        0.0006141902        0.0000714007
        0.0000000000       -0.0000000001       -0.0003350140
        0.0000000001        0.0000000001        0.0001264248
        0.0014482793       -0.0023476579       -0.0002580247
       -0.0006319192       -0.0006141903        0.0000714007
        0.0006663919       -0.0010383498        0.0003781506
        0.0135882262        0.0175896538       -0.0000000001
       -0.0141938782       -0.0351197450        0.0000000000
        0.0000576293        0.0007430708       -0.0000000004
       -0.0043137002        0.0031260202        0.0000000000
       -0.0033652312        0.0030129594       -0.0000000003
       -0.1329033588       -0.1123024858        0.0000000000
        0.0009701816        0.0003550567       -0.0000000000
        0.1392961807        0.1255360863        0.0000000000
       -0.0007285381       -0.0009288974       -0.0000438815
        0.0008011600        0.0011374815        0.0000000000
        0.0001905408       -0.0001472338       -0.0000000000
        0.0006663919       -0.0010383496       -0.0003781506
       -0.0007285381       -0.0009288973        0.0000438815
        0.0003406824        0.0005390155       -0.0008352166
       -0.0171499691       -0.0184236798       -0.0000000000
        0.0027852879        0.0034094670       -0.0000000001
        0.0002757386        0.0003704191       -0.0000000006
        0.0006560720        0.0013142517        0.0000000000
        0.0058169937       -0.0027429384       -0.0000000003
       -0.1168092469       -0.2782752623        0.0000000000
       -0.0003550565        0.0016251329       -0.0000000000
        0.1255360863        0.2927585910        0.0000000000
       -0.0000758275        0.0000747420        0.0000404871
       -0.0011374814       -0.0013078391        0.0000000000
       -0.0001472339        0.0000466826       -0.0000000000
        0.0003406822        0.0005390157        0.0008352165
       -0.0000758274        0.0000747420       -0.0000404871
       -0.0006319193        0.0006141904        0.0000714007
        0.0000000000        0.0000000000        0.0036423880
        0.0000000000        0.0000000000        0.0059617610
        0.0000000000        0.0000000000       -0.0002272611
        0.0000000000        0.0000000000        0.0143680716
        0.0000000000        0.0000000000        0.0014239577
        0.0000000000        0.0000000000       -0.0483686008
        0.0000000000        0.0000000000       -0.0088766295
        0.0000000000        0.0000000000        0.0326611695
        0.0014482791        0.0023476578       -0.0002580245
        0.0000000000        0.0000000000        0.0001264247
        0.0000000000        0.0000000000       -0.0003350140
        0.0006319193       -0.0006141904        0.0000714007
       -0.0014482790       -0.0023476578       -0.0002580246
        0.0002838078        0.0000000000        0.0000074069
       -0.0003576380        0.0000000001       -0.0016690794
       -0.0157637298       -0.0013645403       -0.0160346683
       -0.0157637298        0.0013645403       -0.0160346686
       -0.1408687291       -0.0000000000       -0.1177164357
        0.0008075417        0.0032668976       -0.0003346711
        0.0008075418       -0.0032668975       -0.0003346709
        0.0006663920       -0.0003406823        0.0006319193
       -0.0007285381       -0.0000758275        0.0014482791
        0.1575789452        0.0000000000        0.1312242423
       -0.0007285381        0.0000758276        0.0014482791
        0.0006663919        0.0003406823        0.0006319192
       -0.0003807120        0.0000000001        0.0000695006
        0.0137823727        0.0000000001        0.0166595446
        0.0000000000        0.0005439444        0.0000000000
        0.0000000000       -0.0005915879        0.0000000000
       -0.0212228269        0.0024139003       -0.0260638372
        0.0212228269        0.0024139003        0.0260638373
        0.0000000000       -0.0611068306        0.0000000000
        0.0001282140       -0.0046432048       -0.0000601268
       -0.0001282140       -0.0046432048        0.0000601269
        0.0010383499        0.0005390156        0.0006141902
       -0.0009288974        0.0000747420        0.0023476578
        0.0000000000        0.0632762086        0.0000000000
        0.0009288974        0.0000747419       -0.0023476579
       -0.0010383499        0.0005390155       -0.0006141902
        0.0000000000        0.0007299189        0.0000000000
        0.0000000000        0.0003797729        0.0000000000
       -0.0000074068        0.0000000000       -0.0000615333
        0.0000120237        0.0000000000       -0.0000455501
        0.0012621372       -0.0004513753        0.0037421307
        0.0012621372        0.0004513753        0.0037421304
       -0.1181081701       -0.0000000001       -0.2119494987
        0.0008940172        0.0004428416        0.0003167153
        0.0008940172       -0.0004428416        0.0003167154
       -0.0003781506       -0.0008352166        0.0000714007
       -0.0000438815        0.0000404871       -0.0002580245
        0.1312242423        0.0000000000        0.2319005804
       -0.0000438815       -0.0000404870       -0.0002580246
       -0.0003781506        0.0008352165        0.0000714007
        0.0000695006        0.0000000001       -0.0000664265
       -0.0166595444        0.0000000001       -0.0275204080
        0.0006663920        0.0010383498        0.0003781506
        0.0135882262       -0.0175896538       -0.0000000001
        0.0000576292       -0.0007430708        0.0000000004
       -0.0141938782        0.0351197450        0.0000000000
       -0.0043137001       -0.0031260205        0.0000000000
       -0.1329033589        0.1123024857        0.0000000001
       -0.0033652311       -0.0030129594        0.0000000000
        0.0001905408        0.0001472338        0.0000000000
        0.0008011600       -0.0011374814        0.0000000000
       -0.0007285381        0.0009288974       -0.0000438815
        0.1392961808       -0.1255360863       -0.0000000001
        0.0009701816       -0.0003550566        0.0000000000
        0.0006663919        0.0010383500       -0.0003781506
       -0.0007285381        0.0009288975        0.0000438814
       -0.0003406824        0.0005390156        0.0008352166
        0.0171499691       -0.0184236799        0.0000000000
       -0.0002757387        0.0003704189       -0.0000000006
       -0.0027852877        0.0034094671       -0.0000000001
       -0.0006560722        0.0013142519        0.0000000000
        0.1168092466       -0.2782752623       -0.0000000003
       -0.0058169935       -0.0027429385        0.0000000000
        0.0001472341        0.0000466828       -0.0000000001
        0.0011374815       -0.0013078391        0.0000000000
        0.0000758276        0.0000747419       -0.0000404870
       -0.1255360863        0.2927585915        0.0000000002
        0.0003550566        0.0016251328       -0.0000000000
       -0.0003406823        0.0005390154       -0.0008352165
        0.0000758275        0.0000747419        0.0000404870
       -0.0006319192       -0.0006141903        0.0000714006
       -0.0000000000       -0.0000000002        0.0036423877
       -0.0000000003        0.0000000002       -0.0002272611
        0.0000000000       -0.0000000001        0.0059617613
        0.0000000000        0.0000000002        0.0143680718
        0.0000000002       -0.0000000002       -0.0483686011
       -0.0000000001        0.0000000001        0.0014239578
        0.0000000001       -0.0000000002       -0.0003350140
        0.0000000000        0.0000000000        0.0001264247
        0.0014482791       -0.0023476579       -0.0002580246
       -0.0000000001        0.0000000002        0.0326611692
       -0.0000000000        0.0000000000       -0.0088766293
        0.0006319193        0.0006141904        0.0000714008
       -0.0014482790        0.0023476578       -0.0002580246
       -0.0007285380       -0.0009288974        0.0000438815
       -0.0043137002        0.0031260206        0.0000000000
       -0.0033652307        0.0030129595        0.0000000003
       -0.1329033589       -0.1123024856        0.0000000001
        0.0135882260        0.0175896538        0.0000000000
       -0.0141938782       -0.0351197451        0.0000000000
        0.0000576290        0.0007430710        0.0000000000
        0.0008011599        0.0011374815        0.0000000001
        0.0001905408       -0.0001472339        0.0000000000
        0.0006663919       -0.0010383499       -0.0003781506
        0.0009701816        0.0003550566       -0.0000000000
        0.1392961807        0.1255360862        0.0000000000
       -0.0007285380       -0.0009288974       -0.0000438814
        0.0006663918       -0.0010383497        0.0003781506
       -0.0000758274        0.0000747419       -0.0000404871
        0.0006560723        0.0013142520        0.0000000000
        0.0058169937       -0.0027429383        0.0000000003
       -0.1168092469       -0.2782752622        0.0000000003
       -0.0171499696       -0.0184236798        0.0000000000
        0.0027852879        0.0034094666        0.0000000001
        0.0002757386        0.0003704194        0.0000000000
       -0.0011374815       -0.0013078391        0.0000000001
       -0.0001472338        0.0000466826        0.0000000000
        0.0003406823        0.0005390155        0.0008352165
       -0.0003550566        0.0016251328        0.0000000000
        0.1255360862        0.2927585911        0.0000000000
       -0.0000758275        0.0000747420        0.0000404872
        0.0003406824        0.0005390157       -0.0008352165
       -0.0014482791       -0.0023476580       -0.0002580247
        0.0000000000        0.0000000000        0.0143680721
        0.0000000000       -0.0000000000        0.0014239578
       -0.0000000000        0.0000000000       -0.0483686014
        0.0000000000       -0.0000000000        0.0036423878
       -0.0000000000        0.0000000000        0.0059617616
        0.0000000000        0.0000000000       -0.0002272613
       -0.0000000000        0.0000000000        0.0001264248
       -0.0000000000       -0.0000000000       -0.0003350140
        0.0006319192       -0.0006141902        0.0000714007
        0.0000000000       -0.0000000000       -0.0088766293
        0.0000000000        0.0000000000        0.0326611687
        0.0014482792        0.0023476579       -0.0002580247
       -0.0006319192        0.0006141902        0.0000714007
        0.0137823727        0.0000000000        0.0166595446
       -0.1408687291        0.0000000001       -0.1177164359
        0.0008075418        0.0032668975       -0.0003346708
        0.0008075418       -0.0032668975       -0.0003346710
       -0.0003576381       -0.0000000001       -0.0016690795
       -0.0157637298       -0.0013645405       -0.0160346687
       -0.0157637298        0.0013645404       -0.0160346685
       -0.0007285380        0.0000758277        0.0014482793
        0.0006663919        0.0003406822        0.0006319193
       -0.0003807120        0.0000000000        0.0000695006
        0.0006663919       -0.0003406823        0.0006319193
       -0.0007285380       -0.0000758275        0.0014482792
        0.1575789452        0.0000000001        0.1312242424
        0.0002838078        0.0000000001        0.0000074069
        0.0000000001        0.0003797729       -0.0000000001
       -0.0000000001       -0.0611068306        0.0000000000
        0.0001282143       -0.0046432048       -0.0000601270
       -0.0001282138       -0.0046432046        0.0000601268
        0.0000000000       -0.0005915878       -0.0000000000
       -0.0212228276        0.0024139004       -0.0260638373
        0.0212228263        0.0024139002        0.0260638373
        0.0009288975        0.0000747419       -0.0023476579
       -0.0010383496        0.0005390157       -0.0006141904
        0.0000000001        0.0007299189        0.0000000001
        0.0010383500        0.0005390154        0.0006141904
       -0.0009288974        0.0000747420        0.0023476579
        0.0000000001        0.0632762086        0.0000000001
        0.0000000001        0.0005439444       -0.0000000001
       -0.0166595446        0.0000000000       -0.0275204081
       -0.1181081699        0.0000000001       -0.2119494981
        0.0008940174        0.0004428417        0.0003167153
        0.0008940174       -0.0004428417        0.0003167151
        0.0000120235       -0.0000000000       -0.0000455503
        0.0012621371       -0.0004513755        0.0037421305
        0.0012621371        0.0004513754        0.0037421308
       -0.0000438814       -0.0000404871       -0.0002580247
       -0.0003781506        0.0008352165        0.0000714007
        0.0000695006        0.0000000000       -0.0000664265
       -0.0003781506       -0.0008352165        0.0000714008
       -0.0000438814        0.0000404872       -0.0002580247
        0.1312242424        0.0000000001        0.2319005803
       -0.0000074069        0.0000000001       -0.0000615333
       -0.0003807119        0.0000000000       -0.0000695007
       -0.0003576380        0.0000000001        0.0016690794
       -0.0157637295       -0.0013645405        0.0160346685
       -0.0157637295        0.0013645405        0.0160346682
       -0.1408687292       -0.0000000000        0.1177164354
        0.0008075413        0.0032668976        0.0003346710
        0.0008075414       -0.0032668975        0.0003346710
        0.0006663919       -0.0003406824       -0.0006319192
       -0.0007285381       -0.0000758274       -0.0014482790
        0.0137823727        0.0000000000       -0.0166595444
       -0.0007285381        0.0000758275       -0.0014482790
        0.0006663918        0.0003406824       -0.0006319192
        0.0002838078        0.0000000001       -0.0000074069
        0.1575789455        0.0000000001       -0.1312242424
        0.0000000001        0.0007299189       -0.0000000001
        0.0000000000       -0.0005915878        0.0000000000
       -0.0212228276        0.0024139003        0.0260638373
        0.0212228263        0.0024139002       -0.0260638372
       -0.0000000002       -0.0611068306        0.0000000000
        0.0001282143       -0.0046432049        0.0000601270
       -0.0001282138       -0.0046432046       -0.0000601269
        0.0010383501        0.0005390154       -0.0006141903
       -0.0009288973        0.0000747420       -0.0023476578
        0.0000000001        0.0003797729        0.0000000001
        0.0009288975        0.0000747419        0.0023476578
       -0.0010383497        0.0005390157        0.0006141902
        0.0000000001        0.0005439444        0.0000000001
        0.0000000001        0.0632762086       -0.0000000001
       -0.0000695007        0.0000000000       -0.0000664265
       -0.0000120237       -0.0000000000       -0.0000455500
       -0.0012621373        0.0004513753        0.0037421304
       -0.0012621373       -0.0004513753        0.0037421307
        0.1181081701        0.0000000001       -0.2119494986
       -0.0008940171       -0.0004428417        0.0003167154
       -0.0008940172        0.0004428417        0.0003167154
        0.0003781506        0.0008352166        0.0000714007
        0.0000438815       -0.0000404871       -0.0002580246
        0.0166595446        0.0000000000       -0.0275204080
        0.0000438814        0.0000404870       -0.0002580246
        0.0003781506       -0.0008352165        0.0000714007
        0.0000074069       -0.0000000001       -0.0000615333
       -0.1312242424       -0.0000000001        0.2319005804
