   12   36
        0.8299383001       -0.0000289251        0.0004180100
       -0.5424140102       -0.0000188400        0.0004673998
       -0.1319398201       -0.0000041102        0.1269665400
       -0.0122641750       -0.0000001550        0.0039332900
       -0.1308670650       -0.0000042502       -0.1266279199
       -0.0124468050       -0.0000000750       -0.0044321651
       -0.0001804801        0.0003639499       -0.0002581700
       -0.0001804801       -0.0003638300       -0.0002581801
        0.0002696000        0.0002461000       -0.0000439249
        0.0002696400       -0.0002458951       -0.0000438051
       -0.0000921001        0.0000320100       -0.0000462948
       -0.0000920802       -0.0000317651       -0.0000464249
       -0.0000289251        0.1109658803       -0.0000241901
       -0.0000188302       -0.0458625951        0.0000012697
       -0.0000037301       -0.0373267353       -0.0000108051
       -0.0000000701        0.0046783097        0.0000003949
       -0.0000036852       -0.0369895304       -0.0000110400
        0.0000000249        0.0045465448        0.0000003249
       -0.0001328902       -0.0001804851        0.0003337749
        0.0001335148       -0.0001803951       -0.0003334451
        0.0001888650        0.0000431798       -0.0000916300
       -0.0001882901        0.0000431848        0.0000920348
       -0.0000712501        0.0001327548       -0.0000864500
        0.0000719497        0.0001328549        0.0000867699
        0.0004180100       -0.0000241901        0.6473057800
       -0.0005152100        0.0000012749       -0.1138569951
        0.1213741301       -0.0000123201       -0.2694040451
       -0.0298164649       -0.0000002051        0.0038432050
       -0.1212112250       -0.0000124402       -0.2707733799
        0.0300048200       -0.0000002102        0.0035578050
        0.0003337749       -0.0002581700        0.0000538701
        0.0003337749        0.0002580450        0.0000538600
       -0.0003805701       -0.0000335950       -0.0003632150
       -0.0003805300        0.0000334100       -0.0003632650
       -0.0000656500        0.0000223049       -0.0000264748
       -0.0000656500       -0.0000223950       -0.0000265300
       -0.5424140102       -0.0000188302       -0.0005152100
        0.8299383001       -0.0000289251       -0.0003871000
       -0.0122641650       -0.0000001451       -0.0039345500
       -0.1319398251       -0.0000041051       -0.1269290050
       -0.0124468050        0.0000000298        0.0044309449
       -0.1308671150       -0.0000040902        0.1266650500
       -0.0001804851       -0.0003637800        0.0002579100
       -0.0001804801        0.0003639698        0.0002579100
        0.0002695950       -0.0002459051        0.0000441300
        0.0002696351        0.0002461050        0.0000442400
       -0.0000919651       -0.0000317701        0.0000468400
       -0.0000920852        0.0000319949        0.0000467050
       -0.0000188400       -0.0458625951        0.0000012749
       -0.0000289251        0.1109658700       -0.0000241850
        0.0000000250        0.0046783248        0.0000003001
       -0.0000037350       -0.0373267402       -0.0000109699
       -0.0000000651        0.0045465049        0.0000003651
       -0.0000036850       -0.0369895352       -0.0000110049
        0.0001335249       -0.0001803900        0.0003337800
       -0.0001329451       -0.0001802600       -0.0003334350
       -0.0001883851        0.0000432850       -0.0000915651
        0.0001889052        0.0000431899        0.0000919398
        0.0000718849        0.0001328650       -0.0000864499
       -0.0000712851        0.0001327550        0.0000867800
        0.0004673998        0.0000012697       -0.1138569951
       -0.0003871000       -0.0000241850        0.6473057800
        0.0298167700       -0.0000002051        0.0038432300
       -0.1213374850       -0.0000123251       -0.2694040550
       -0.0300045249       -0.0000002501        0.0035576950
        0.1212474700       -0.0000123951       -0.2707732550
       -0.0003334250       -0.0002581650        0.0000538650
       -0.0003334250        0.0002579050        0.0000538651
        0.0003808100       -0.0000335901       -0.0003633599
        0.0003808451        0.0000334150       -0.0003631351
        0.0000660150        0.0000223849       -0.0000264698
        0.0000660150       -0.0000224850       -0.0000264500
       -0.1319398201       -0.0000037301        0.1213741301
       -0.0122641650        0.0000000250        0.0298167700
        0.1380038100       -0.0000034501       -0.1358096600
        0.0016014850        0.0000001999       -0.0001967651
        0.0100163601       -0.0000000101       -0.0142767750
       -0.0051434850        0.0000000600       -0.0007865749
        0.0000433099        0.0002461049       -0.0000335851
        0.0000432050       -0.0002458999       -0.0000335800
       -0.0002342350       -0.0004248700       -0.0001947549
       -0.0002341949        0.0004248150       -0.0001946300
        0.0000544750       -0.0000730701        0.0001874251
        0.0000543550        0.0000731400        0.0001872350
       -0.0000041102       -0.0373267353       -0.0000123201
       -0.0000001451        0.0046783248       -0.0000002051
       -0.0000034501        0.0259466202       -0.0000114100
        0.0000002049       -0.0087411101        0.0000001700
        0.0000000249        0.0025347198        0.0000000000
        0.0000001698        0.0131827298        0.0000003999
        0.0001889198        0.0002696549       -0.0003805202
       -0.0001883352        0.0002696449        0.0003808549
       -0.0004647200       -0.0002341952       -0.0001259900
        0.0004652800       -0.0002341851        0.0001263248
        0.0000493299       -0.0001714352        0.0001306749
       -0.0000487353       -0.0001714501       -0.0001303900
        0.1269665400       -0.0000108051       -0.2694040451
       -0.0039345500        0.0000003001        0.0038432300
       -0.1358096600       -0.0000114100        0.2787309799
        0.0001973001        0.0000002950        0.0010056351
        0.0140559851       -0.0000000601       -0.0150594099
       -0.0009419850        0.0000001300        0.0015918701
       -0.0000914601       -0.0000437950       -0.0003632600
       -0.0000914599        0.0000442500       -0.0003632600
       -0.0001259299       -0.0001946349       -0.0000077900
       -0.0001258898        0.0001949250       -0.0000076952
       -0.0000303599       -0.0000084650        0.0000178201
       -0.0000303450        0.0000089501        0.0000176901
       -0.0122641750       -0.0000000701       -0.0298164649
       -0.1319398251       -0.0000037350       -0.1213374850
        0.0016014850        0.0000002049        0.0001973001
        0.1380038199       -0.0000033600        0.1358470651
       -0.0051434849        0.0000000149        0.0007869652
        0.0100163301        0.0000000300        0.0142761751
        0.0000431950       -0.0002459049        0.0000335049
        0.0000432000        0.0002461101        0.0000334150
       -0.0002342350        0.0004248601        0.0001948050
       -0.0002340899       -0.0004248700        0.0001949100
        0.0000542600        0.0000731400       -0.0001869849
        0.0000542799       -0.0000731850       -0.0001871149
       -0.0000001550        0.0046783097       -0.0000002051
       -0.0000041051       -0.0373267402       -0.0000123251
        0.0000001999       -0.0087411101        0.0000002950
       -0.0000033600        0.0259466302       -0.0000114200
        0.0000001150        0.0131824999        0.0000001400
        0.0000000250        0.0025347047        0.0000000250
       -0.0001883402        0.0002696500       -0.0003805201
        0.0001889148        0.0002696450        0.0003808549
        0.0004652298       -0.0002339850       -0.0001259950
       -0.0004646401       -0.0002341950        0.0001262448
       -0.0000487402       -0.0001715502        0.0001306699
        0.0000493398       -0.0001715502       -0.0001302651
        0.0039332900        0.0000003949        0.0038432050
       -0.1269290050       -0.0000109699       -0.2694040550
       -0.0001967651        0.0000001700        0.0010056351
        0.1358470651       -0.0000114200        0.2787309799
        0.0009423401        0.0000000850        0.0015918401
       -0.0140566600       -0.0000000051       -0.0150593799
        0.0000920150       -0.0000438000       -0.0003632501
        0.0000919449        0.0000442550       -0.0003632600
        0.0001263101       -0.0001946299       -0.0000077949
        0.0001263702        0.0001949300       -0.0000077002
        0.0000306950       -0.0000084650        0.0000178251
        0.0000307050        0.0000087601        0.0000176952
       -0.1308670650       -0.0000036852       -0.1212112250
       -0.0124468050       -0.0000000651       -0.0300045249
        0.0100163601        0.0000000249        0.0140559851
       -0.0051434849        0.0000001150        0.0009423401
        0.1369372700       -0.0000034801        0.1359231651
        0.0015398999        0.0000001999        0.0002272901
        0.0001327550        0.0000319949        0.0000224151
        0.0001327550       -0.0000317850        0.0000222950
       -0.0001715100       -0.0000731900       -0.0000086250
       -0.0001715698        0.0000731700       -0.0000084900
        0.0000210649       -0.0000105899        0.0000375651
        0.0000210798        0.0000105750        0.0000375401
       -0.0000042502       -0.0369895304       -0.0000124402
        0.0000000298        0.0045465049       -0.0000002501
       -0.0000000101        0.0025347198       -0.0000000601
        0.0000000149        0.0131824999        0.0000000850
       -0.0000034801        0.0253472902       -0.0000114299
        0.0000000449       -0.0085855451        0.0000001499
       -0.0000713402       -0.0000921351       -0.0000657000
        0.0000719500       -0.0000918601        0.0000659649
        0.0000492400        0.0000542148       -0.0000304050
       -0.0000487400        0.0000542148        0.0000306498
       -0.0000285651        0.0000210298       -0.0000301199
        0.0000291148        0.0000210248        0.0000302950
       -0.1266279199       -0.0000110400       -0.2707733799
        0.0044309449        0.0000003651        0.0035576950
       -0.0142767750        0.0000000000       -0.0150594099
        0.0007869652        0.0000001400        0.0015918401
        0.1359231651       -0.0000114299        0.2795725999
       -0.0002267349        0.0000001650        0.0012939701
       -0.0000864749       -0.0000463299       -0.0000265000
       -0.0000863700        0.0000468199       -0.0000265099
        0.0001305952        0.0001872600        0.0000176800
        0.0001306353       -0.0001870049        0.0000177900
       -0.0000301000        0.0000376350       -0.0000818800
       -0.0000299652       -0.0000372900       -0.0000820150
       -0.0124468050        0.0000000249        0.0300048200
       -0.1308671150       -0.0000036850        0.1212474700
       -0.0051434850        0.0000001698       -0.0009419850
        0.0100163301        0.0000000250       -0.0140566600
        0.0015398999        0.0000000449       -0.0002267349
        0.1369372700       -0.0000034350       -0.1358861100
        0.0001327599       -0.0000317800       -0.0000224850
        0.0001328499        0.0000319949       -0.0000224099
       -0.0001715348        0.0000731701        0.0000087901
       -0.0001714750       -0.0000730850        0.0000087449
        0.0000211649        0.0000105800       -0.0000372698
        0.0000211749       -0.0000104799       -0.0000373998
       -0.0000000750        0.0045465448       -0.0000002102
       -0.0000040902       -0.0369895352       -0.0000123951
        0.0000000600        0.0131827298        0.0000001300
        0.0000000300        0.0025347047       -0.0000000051
        0.0000001999       -0.0085855451        0.0000001650
       -0.0000034350        0.0253472001       -0.0000114849
        0.0000718950       -0.0000920951       -0.0000656500
       -0.0000712951       -0.0000920902        0.0000659949
       -0.0000487350        0.0000544399       -0.0000304649
        0.0000493701        0.0000542649        0.0000306849
        0.0000291499        0.0000211598       -0.0000300749
       -0.0000285651        0.0000210699        0.0000304701
       -0.0044321651        0.0000003249        0.0035578050
        0.1266650500       -0.0000110049       -0.2707732550
       -0.0007865749        0.0000003999        0.0015918701
        0.0142761751        0.0000000250       -0.0150593799
        0.0002272901        0.0000001499        0.0012939701
       -0.1358861100       -0.0000114849        0.2795725399
        0.0000869150       -0.0000463000       -0.0000262699
        0.0000869150        0.0000468300       -0.0000263300
       -0.0001303049        0.0001872900        0.0000177201
       -0.0001302699       -0.0001869900        0.0000178200
        0.0000304651        0.0000375751       -0.0000818500
        0.0000304800       -0.0000372600       -0.0000819850
       -0.0001804801       -0.0001328902        0.0003337749
       -0.0001804851        0.0001335249       -0.0003334250
        0.0000433099        0.0001889198       -0.0000914601
        0.0000431950       -0.0001883402        0.0000920150
        0.0001327550       -0.0000713402       -0.0000864749
        0.0001327599        0.0000718950        0.0000869150
        0.1109658101       -0.0000289251       -0.0000241850
       -0.0458625601       -0.0000188251        0.0000012649
       -0.0373267649       -0.0000036250       -0.0000110749
        0.0046783600       -0.0000000651        0.0000002800
       -0.0369895351       -0.0000036749       -0.0000110100
        0.0045465647       -0.0000000649        0.0000003651
        0.0003639499       -0.0001804851       -0.0002581700
       -0.0003637800       -0.0001803900       -0.0002581650
        0.0002461049        0.0002696549       -0.0000437950
       -0.0002459049        0.0002696500       -0.0000438000
        0.0000319949       -0.0000921351       -0.0000463299
       -0.0000317800       -0.0000920951       -0.0000463000
       -0.0000289251        0.8299387900        0.0004176350
       -0.0000188102       -0.5424143299        0.0004674349
       -0.0000042850       -0.1319402101        0.1269667200
       -0.0000000800       -0.0122641950        0.0039332899
       -0.0000042151       -0.1308668951       -0.1266278250
       -0.0000001850       -0.0124468400       -0.0044323049
       -0.0002581700        0.0003337749        0.0000538701
        0.0002579100        0.0003337800        0.0000538650
       -0.0000335851       -0.0003805202       -0.0003632600
        0.0000335049       -0.0003805201       -0.0003632501
        0.0000224151       -0.0000657000       -0.0000265000
       -0.0000224850       -0.0000656500       -0.0000262699
       -0.0000241850        0.0004176350        0.6473059500
        0.0000012699       -0.0005152501       -0.1138569250
       -0.0000123750        0.1213744601       -0.2694041549
       -0.0000002099       -0.0298164650        0.0038433049
       -0.0000123850       -0.1212111300       -0.2707735499
       -0.0000001852        0.0300048549        0.0035575800
       -0.0001804801        0.0001335148        0.0003337749
       -0.0001804801       -0.0001329451       -0.0003334250
        0.0000432050       -0.0001883352       -0.0000914599
        0.0000432000        0.0001889148        0.0000919449
        0.0001327550        0.0000719500       -0.0000863700
        0.0001328499       -0.0000712951        0.0000869150
       -0.0458625601       -0.0000188102        0.0000012699
        0.1109658101       -0.0000289201       -0.0000241850
        0.0046782749        0.0000000350        0.0000001850
       -0.0373267348       -0.0000036350       -0.0000109750
        0.0045466449        0.0000000449        0.0000003901
       -0.0369894751       -0.0000034750       -0.0000111400
       -0.0003638300       -0.0001803951        0.0002580450
        0.0003639698       -0.0001802600        0.0002579050
       -0.0002458999        0.0002696449        0.0000442500
        0.0002461101        0.0002696450        0.0000442550
       -0.0000317850       -0.0000918601        0.0000468199
        0.0000319949       -0.0000920902        0.0000468300
       -0.0000188251       -0.5424143299       -0.0005152501
       -0.0000289201        0.8299387900       -0.0003866801
       -0.0000002001       -0.0122641400       -0.0039346699
       -0.0000041399       -0.1319401751       -0.1269293200
       -0.0000000651       -0.0124468350        0.0044309751
       -0.0000040852       -0.1308668750        0.1266648451
       -0.0002581801       -0.0003334451        0.0000538600
        0.0002579100       -0.0003334350        0.0000538651
       -0.0000335800        0.0003808549       -0.0003632600
        0.0000334150        0.0003808549       -0.0003632600
        0.0000222950        0.0000659649       -0.0000265099
       -0.0000224099        0.0000659949       -0.0000263300
        0.0000012649        0.0004674349       -0.1138569250
       -0.0000241850       -0.0003866801        0.6473059599
       -0.0000002549        0.0298167350        0.0038431450
       -0.0000123399       -0.1213378550       -0.2694040550
       -0.0000002051       -0.0300045400        0.0035576801
       -0.0000123902        0.1212473900       -0.2707736849
        0.0002696000        0.0001888650       -0.0003805701
        0.0002695950       -0.0001883851        0.0003808100
       -0.0002342350       -0.0004647200       -0.0001259299
       -0.0002342350        0.0004652298        0.0001263101
       -0.0001715100        0.0000492400        0.0001305952
       -0.0001715348       -0.0000487350       -0.0001303049
       -0.0373267649       -0.0000042850       -0.0000123750
        0.0046782749       -0.0000002001       -0.0000002549
        0.0259466799       -0.0000034549       -0.0000115749
       -0.0087411698        0.0000000500        0.0000002198
        0.0025347150       -0.0000000151        0.0000000500
        0.0131826900        0.0000000901       -0.0000000050
        0.0002461000        0.0000431798       -0.0000335950
       -0.0002459051        0.0000432850       -0.0000335901
       -0.0004248700       -0.0002341952       -0.0001946349
        0.0004248601       -0.0002339850       -0.0001946299
       -0.0000731900        0.0000542148        0.0001872600
        0.0000731701        0.0000544399        0.0001872900
       -0.0000036250       -0.1319402101        0.1213744601
        0.0000000350       -0.0122641400        0.0298167350
       -0.0000034549        0.1380041400       -0.1358100899
        0.0000001802        0.0016014751       -0.0001967850
        0.0000000099        0.0100163651       -0.0142767449
        0.0000000600       -0.0051434850       -0.0007867200
       -0.0000439249       -0.0000916300       -0.0003632150
        0.0000441300       -0.0000915651       -0.0003633599
       -0.0001947549       -0.0001259900       -0.0000077900
        0.0001948050       -0.0001259950       -0.0000077949
       -0.0000086250       -0.0000304050        0.0000176800
        0.0000087901       -0.0000304649        0.0000177201
       -0.0000110749        0.1269667200       -0.2694041549
        0.0000001850       -0.0039346699        0.0038431450
       -0.0000115749       -0.1358100899        0.2787311900
        0.0000001600        0.0001971999        0.0010055849
        0.0000000850        0.0140559101       -0.0150595099
        0.0000001549       -0.0009420950        0.0015916301
        0.0002696400       -0.0001882901       -0.0003805300
        0.0002696351        0.0001889052        0.0003808451
       -0.0002341949        0.0004652800       -0.0001258898
       -0.0002340899       -0.0004646401        0.0001263702
       -0.0001715698       -0.0000487400        0.0001306353
       -0.0001714750        0.0000493701       -0.0001302699
        0.0046783600       -0.0000000800       -0.0000002099
       -0.0373267348       -0.0000041399       -0.0000123399
       -0.0087411698        0.0000001802        0.0000001600
        0.0259465997       -0.0000034748       -0.0000113450
        0.0131827152        0.0000000502        0.0000001552
        0.0025347650        0.0000001151       -0.0000001198
       -0.0002458951        0.0000431848        0.0000334100
        0.0002461050        0.0000431899        0.0000334150
        0.0004248150       -0.0002341851        0.0001949250
       -0.0004248700       -0.0002341950        0.0001949300
        0.0000731700        0.0000542148       -0.0001870049
       -0.0000730850        0.0000542649       -0.0001869900
       -0.0000000651       -0.0122641950       -0.0298164650
       -0.0000036350       -0.1319401751       -0.1213378550
        0.0000000500        0.0016014751        0.0001971999
       -0.0000034748        0.1380041300        0.1358472699
        0.0000000550       -0.0051434800        0.0007869950
        0.0000001299        0.0100163651        0.0142760251
       -0.0000438051        0.0000920348       -0.0003632650
        0.0000442400        0.0000919398       -0.0003631351
       -0.0001946300        0.0001263248       -0.0000076952
        0.0001949100        0.0001262448       -0.0000077002
       -0.0000084900        0.0000306498        0.0000177900
        0.0000087449        0.0000306849        0.0000178200
        0.0000002800        0.0039332899        0.0038433049
       -0.0000109750       -0.1269293200       -0.2694040550
        0.0000002198       -0.0001967850        0.0010055849
       -0.0000113450        0.1358472699        0.2787309901
        0.0000001199        0.0009423400        0.0015918600
       -0.0000000152       -0.0140566949       -0.0150596000
       -0.0000921001       -0.0000712501       -0.0000656500
       -0.0000919651        0.0000718849        0.0000660150
        0.0000544750        0.0000493299       -0.0000303599
        0.0000542600       -0.0000487402        0.0000306950
        0.0000210649       -0.0000285651       -0.0000301000
        0.0000211649        0.0000291499        0.0000304651
       -0.0369895351       -0.0000042151       -0.0000123850
        0.0045466449       -0.0000000651       -0.0000002051
        0.0025347150        0.0000000099        0.0000000850
        0.0131827152        0.0000000550        0.0000001199
        0.0253472001       -0.0000033600       -0.0000113799
       -0.0085855100        0.0000001799        0.0000000550
        0.0000320100        0.0001327548        0.0000223049
       -0.0000317701        0.0001328650        0.0000223849
       -0.0000730701       -0.0001714352       -0.0000084650
        0.0000731400       -0.0001715502       -0.0000084650
       -0.0000105899        0.0000210298        0.0000376350
        0.0000105800        0.0000211598        0.0000375751
       -0.0000036749       -0.1308668951       -0.1212111300
        0.0000000449       -0.0124468350       -0.0300045400
       -0.0000000151        0.0100163651        0.0140559101
        0.0000000502       -0.0051434800        0.0009423400
       -0.0000033600        0.1369371000        0.1359231150
        0.0000002048        0.0015399601        0.0002271601
       -0.0000462948       -0.0000864500       -0.0000264748
        0.0000468400       -0.0000864499       -0.0000264698
        0.0001874251        0.0001306749        0.0000178201
       -0.0001869849        0.0001306699        0.0000178251
        0.0000375651       -0.0000301199       -0.0000818800
       -0.0000372698       -0.0000300749       -0.0000818500
       -0.0000110100       -0.1266278250       -0.2707735499
        0.0000003901        0.0044309751        0.0035576801
        0.0000000500       -0.0142767449       -0.0150595099
        0.0000001552        0.0007869950        0.0015918600
       -0.0000113799        0.1359231150        0.2795727798
        0.0000003000       -0.0002266950        0.0012938702
       -0.0000920802        0.0000719497       -0.0000656500
       -0.0000920852       -0.0000712851        0.0000660150
        0.0000543550       -0.0000487353       -0.0000303450
        0.0000542799        0.0000493398        0.0000307050
        0.0000210798        0.0000291148       -0.0000299652
        0.0000211749       -0.0000285651        0.0000304800
        0.0045465647       -0.0000001850       -0.0000001852
       -0.0369894751       -0.0000040852       -0.0000123902
        0.0131826900        0.0000000600        0.0000001549
        0.0025347650        0.0000001299       -0.0000000152
       -0.0085855100        0.0000002048        0.0000003000
        0.0253471802       -0.0000033401       -0.0000115050
       -0.0000317651        0.0001328549       -0.0000223950
        0.0000319949        0.0001327550       -0.0000224850
        0.0000731400       -0.0001714501        0.0000089501
       -0.0000731850       -0.0001715502        0.0000087601
        0.0000105750        0.0000210248       -0.0000372900
       -0.0000104799        0.0000210699       -0.0000372600
       -0.0000000649       -0.0124468400        0.0300048549
       -0.0000034750       -0.1308668750        0.1212473900
        0.0000000901       -0.0051434850       -0.0009420950
        0.0000001151        0.0100163651       -0.0140566949
        0.0000001799        0.0015399601       -0.0002266950
       -0.0000033401        0.1369371100       -0.1358861549
       -0.0000464249        0.0000867699       -0.0000265300
        0.0000467050        0.0000867800       -0.0000264500
        0.0001872350       -0.0001303900        0.0000176901
       -0.0001871149       -0.0001302651        0.0000176952
        0.0000375401        0.0000302950       -0.0000820150
       -0.0000373998        0.0000304701       -0.0000819850
        0.0000003651       -0.0044323049        0.0035575800
       -0.0000111400        0.1266648451       -0.2707736849
       -0.0000000050       -0.0007867200        0.0015916301
       -0.0000001198        0.0142760251       -0.0150596000
        0.0000000550        0.0002271601        0.0012938702
       -0.0000115050       -0.1358861549        0.2795730398
