   18   54
        0.0472051704       -0.0000017300       -0.0000115006
        0.0011096299        0.0102583095        0.0246930799
        0.0011096751       -0.0102582402       -0.0246934002
       -0.0000042149        0.0000484698        0.0001187149
       -0.0000760653        0.0000647697       -0.0001710151
       -0.0000082051       -0.0005156903        0.0002356748
        0.0004463448       -0.0000000301        0.0000000998
       -0.0029140952       -0.0000000301       -0.0000003502
       -0.0001465904        0.0000290152        0.0003250548
       -0.0473241153       -0.0000026401       -0.0000132201
       -0.0001467802       -0.0000288102       -0.0003247405
       -0.0000761301       -0.0000646153        0.0001713249
       -0.0000081204        0.0005157497       -0.0002355753
       -0.0000042203       -0.0000484701       -0.0001186351
        0.0008310246        0.0000001296        0.0000000398
        0.0000205247        0.0000001697        0.0000000446
       -0.0000061502        0.0000768696       -0.0001420651
       -0.0000060905       -0.0000766101        0.0001421500
       -0.0000017300        0.1070655304        0.1153241095
       -0.0024528251       -0.0079074954       -0.0158529204
        0.0024534000       -0.0079074704       -0.0158529301
       -0.0001005600       -0.0000222701       -0.0000470550
        0.0002284747        0.0001800646       -0.0001235952
       -0.0002865553       -0.0002894453        0.0001973999
        0.0000002748       -0.0022809149        0.0050638948
        0.0000002146        0.0097553399        0.0179235349
        0.0002376700        0.0006055751       -0.0001770650
       -0.0000023701       -0.1005636452       -0.1078216152
       -0.0002371254        0.0006056950       -0.0001769456
       -0.0002281601        0.0001798247       -0.0001234753
        0.0002872397       -0.0002894052        0.0001974050
        0.0001010298       -0.0000220953       -0.0000469652
        0.0000001697        0.0010759646        0.0012189699
        0.0000002350       -0.0001923701        0.0004557347
       -0.0000549704        0.0000052296       -0.0000693151
        0.0000553445        0.0000050599       -0.0000691603
       -0.0000115006        0.1153241095        0.2871257010
       -0.0008742606        0.0007039293       -0.0012886156
        0.0008745195        0.0007038145       -0.0012885502
       -0.0000651306        0.0000915395       -0.0000035001
       -0.0001313205        0.0001265443        0.0004718444
        0.0004330894        0.0006124043        0.0005109595
        0.0000001094        0.0045960695       -0.0063258656
       -0.0000000307       -0.0154512205       -0.0168547254
       -0.0003382203       -0.0010580254        0.0003450447
       -0.0000113005       -0.1047411553       -0.2633336356
        0.0003383843       -0.0010579654        0.0003449594
        0.0001312392        0.0001264394        0.0004720346
       -0.0004327956        0.0006125794        0.0005109345
        0.0000652693        0.0000917694       -0.0000034004
        0.0000000546       -0.0012535907        0.0002110394
        0.0000000446        0.0002441547       -0.0004085555
        0.0001080443        0.0001748793       -0.0002423855
       -0.0001077908        0.0001747645       -0.0002423153
        0.0011096299       -0.0024528251       -0.0008742606
        0.2441653606       -0.1378902456       -0.0218670655
       -0.0193339602        0.0163508497        0.0027697848
        0.0003720746        0.0001445048        0.0001804548
        0.0001108046       -0.0000726706       -0.0001249003
       -0.0000063301        0.0000200245       -0.0001709051
        0.0003317996       -0.0005293202       -0.0002192002
       -0.0017381302       -0.0009125003        0.0009792097
        0.0008241398       -0.0006468602        0.0000932548
       -0.2275770802        0.1261555397        0.0196398895
        0.0009411394        0.0003109247       -0.0008149604
        0.0001704046        0.0002674045        0.0002036549
        0.0000238097       -0.0002091105        0.0001081497
        0.0004154197       -0.0001455055        0.0001882898
        0.0001462647       -0.0002558403       -0.0001882105
        0.0000004047        0.0000360396       -0.0000694803
       -0.0000190005       -0.0000117504        0.0000147998
        0.0000643044       -0.0001141751        0.0001355349
        0.0102583095       -0.0079074954        0.0007039293
       -0.1378902456        0.1473404910        0.0127827542
       -0.0163514107        0.0114850843        0.0020583747
       -0.0008161055       -0.0001668556        0.0003491698
       -0.0002248808        0.0004462490       -0.0000582256
       -0.0000085552       -0.0001184307        0.0000029496
       -0.0009627303        0.0012393295       -0.0020758554
        0.0199545744       -0.0150641705       -0.0034776252
        0.0011156544        0.0008499697       -0.0008735805
        0.1250157945       -0.1348559505       -0.0138729555
       -0.0010508307       -0.0031920857        0.0041812541
        0.0016041994       -0.0006492004        0.0001614796
       -0.0004068454        0.0003110392        0.0001416495
        0.0001268094        0.0000967594        0.0000740596
       -0.0001819905        0.0001170645        0.0000939994
       -0.0000432556       -0.0000018557        0.0000029246
       -0.0000027205       -0.0000171855        0.0000165494
       -0.0000888156        0.0000895045       -0.0002175855
        0.0246930799       -0.0158529204       -0.0012886156
       -0.0218670655        0.0127827542        0.0505508808
       -0.0027699556        0.0020583144       -0.0010150555
        0.0004640344       -0.0000196704        0.0001738297
       -0.0000931254       -0.0002559207       -0.0000925752
        0.0001645947       -0.0000444305       -0.0000099806
        0.0004002194       -0.0002804103        0.0022485546
       -0.0205912653        0.0143730097        0.0003539296
       -0.0009571204       -0.0010662703        0.0006377996
        0.0209021596       -0.0155682102       -0.0484424555
        0.0004851296        0.0027528645       -0.0037243757
       -0.0011713655        0.0011311894        0.0002282297
        0.0000635345        0.0002038794        0.0002459646
        0.0002099392       -0.0001011657       -0.0000837002
        0.0000280744        0.0000369195       -0.0000749304
        0.0000147045       -0.0000246555        0.0000197298
       -0.0000397654       -0.0000496706        0.0000787995
        0.0000454844       -0.0000849053        0.0001933597
        0.0011096751        0.0024534000        0.0008745195
       -0.0193339602       -0.0163514107       -0.0027699556
        0.2441651105        0.1379333548        0.0218498997
        0.0004155547        0.0001457997       -0.0001880150
        0.0001704396       -0.0002669756       -0.0002032303
        0.0000239248        0.0002093296       -0.0001079601
        0.0003319349        0.0005295800        0.0002197197
       -0.0017379205        0.0009118600       -0.0009790901
        0.0009413799       -0.0003106851        0.0008152600
       -0.2275768804       -0.1261119402       -0.0196561905
        0.0008242046        0.0006470449       -0.0000929953
        0.0001109245        0.0000729946        0.0001250748
       -0.0000061550       -0.0000197053        0.0001711149
        0.0003722045       -0.0001442001       -0.0001801450
        0.0001463948        0.0002561848        0.0001884996
        0.0000005898       -0.0000354851        0.0000695846
        0.0000643945        0.0001144898       -0.0001352302
       -0.0000188552        0.0000122000       -0.0000144649
       -0.0102582402       -0.0079074704        0.0007038145
        0.0163508497        0.0114850843        0.0020583144
        0.1379333548        0.1473404808        0.0127829745
       -0.0001265354        0.0000967495        0.0000739800
       -0.0016040804       -0.0006490708        0.0001615047
        0.0004071896        0.0003110645        0.0001416547
        0.0009630847        0.0012393198       -0.0020757255
       -0.0199543555       -0.0150640804       -0.0034776303
        0.0010509748       -0.0031921752        0.0041812797
       -0.1249728606       -0.1348559053       -0.0138730604
       -0.0011156305        0.0008500297       -0.0008737706
        0.0002252295        0.0004461495       -0.0000583404
        0.0000089096       -0.0001182204        0.0000030298
        0.0008164994       -0.0001667655        0.0003492647
        0.0001822497        0.0001170795        0.0000940395
        0.0000436398       -0.0000018352        0.0000027745
        0.0000891396        0.0000896145       -0.0002175605
        0.0000028345       -0.0000172653        0.0000166099
       -0.0246934002       -0.0158529301       -0.0012885502
        0.0027697848        0.0020583747       -0.0010150555
        0.0218498997        0.0127829745        0.0505506404
       -0.0002098253       -0.0001010704       -0.0000836602
        0.0011712999        0.0011315194        0.0002283898
       -0.0000632051        0.0002040647        0.0002460749
       -0.0004000253       -0.0002803449        0.0022486648
        0.0205911297        0.0143730497        0.0003539199
       -0.0004850551        0.0027529200       -0.0037241298
       -0.0209214352       -0.0155680451       -0.0484424402
        0.0009570849       -0.0010662453        0.0006380196
        0.0000932047       -0.0002560452       -0.0000924700
       -0.0001644202       -0.0000444052       -0.0000097353
       -0.0004640805       -0.0000194251        0.0001740949
       -0.0000279852        0.0000371097       -0.0000746701
       -0.0000146650       -0.0000244600        0.0000199447
       -0.0000454403       -0.0000845651        0.0001933947
        0.0000398697       -0.0000496652        0.0000790948
       -0.0000042149       -0.0001005600       -0.0000651306
        0.0003720746       -0.0008161055        0.0004640344
        0.0004155547       -0.0001265354       -0.0002098253
        0.2424135005       -0.1349540454       -0.0322251950
        0.0004164394       -0.0018198105        0.0001583248
        0.0021146400       -0.0027616454       -0.0011347851
        0.0036098399        0.0007212248        0.0009200346
       -0.0236871603        0.0177765199        0.0048305247
       -0.2209523601        0.1247603652        0.0293915897
        0.0007766647        0.0014008248       -0.0006112305
       -0.0040497653       -0.0050549602       -0.0008385504
        0.0003140195       -0.0001401705       -0.0000395852
        0.0003554300       -0.0001073204        0.0000875247
       -0.0016454453        0.0010242650        0.0001637846
       -0.0002610903        0.0002019195       -0.0007661504
        0.0000184349       -0.0000009700       -0.0000413203
       -0.0003466954        0.0001009695       -0.0002785600
        0.0001421847       -0.0000607102        0.0001819498
        0.0000484698       -0.0000222701        0.0000915395
        0.0001445048       -0.0001668556       -0.0000196704
        0.0001457997        0.0000967495       -0.0001010704
       -0.1349540454        0.1450669606        0.0216876100
        0.0180753148       -0.0123899105       -0.0052504052
        0.0097387198       -0.0076587253        0.0002725446
        0.0013985047        0.0012742498        0.0015403947
       -0.0162122402        0.0094007149        0.0028977749
        0.1260448397       -0.1360868453       -0.0199364300
       -0.0002860554        0.0013737397       -0.0004673103
       -0.0028750006       -0.0017725102       -0.0003755454
       -0.0001765753        0.0000660796       -0.0002272702
       -0.0000394002       -0.0000994004        0.0001498947
       -0.0010241854        0.0008023548       -0.0000417052
        0.0001804696        0.0004077245       -0.0003980853
        0.0000021996        0.0000169899        0.0000039896
       -0.0000276054       -0.0001858155        0.0000652147
       -0.0001419806       -0.0001229051        0.0001011048
        0.0001187149       -0.0000470550       -0.0000035001
        0.0001804548        0.0003491698        0.0001738297
       -0.0001880150        0.0000739800       -0.0000836602
       -0.0322251950        0.0216876100        0.0521931901
       -0.0194429950        0.0124426748        0.0031949401
        0.0248380752       -0.0160663902       -0.0026705450
       -0.0000577950        0.0005677953        0.0004649647
       -0.0030050501        0.0007401650       -0.0018187950
        0.0299901151       -0.0194649050       -0.0521782547
        0.0005577900       -0.0003152749       -0.0002379250
       -0.0006224451       -0.0001494951        0.0000023496
        0.0002098798       -0.0002819050        0.0001304102
       -0.0002473899        0.0002040400        0.0002437051
       -0.0001634453       -0.0000417052        0.0006504251
       -0.0002375401        0.0000327398       -0.0000499952
        0.0000426149       -0.0000359549       -0.0000117299
        0.0000752149        0.0002301749       -0.0000819250
        0.0001619347        0.0000675300        0.0000834100
       -0.0000760653        0.0002284747       -0.0001313205
        0.0001108046       -0.0002248808       -0.0000931254
        0.0001704396       -0.0016040804        0.0011712999
        0.0004164394        0.0180753148       -0.0194429950
        0.0505856707       -0.0000725606        0.0016768496
       -0.0015065655        0.0011943897       -0.0008281205
        0.0010245148        0.0014320148        0.0001615047
        0.0004875747       -0.0186312602        0.0218469498
       -0.0482949901        0.0026324398       -0.0016603349
       -0.0048749354       -0.0028086805       -0.0012039055
        0.0018903245       -0.0008195903        0.0007924245
       -0.0004008103        0.0004533598       -0.0004215752
       -0.0000272152        0.0000223946        0.0000220547
        0.0003141295        0.0001765548       -0.0002096203
        0.0006425645        0.0003100695       -0.0007822953
       -0.0000749552        0.0000933798       -0.0000267954
       -0.0001017656       -0.0004554306       -0.0007822950
       -0.0002846306       -0.0000171502       -0.0001013703
        0.0000647697        0.0001800646        0.0001265443
       -0.0000726706        0.0004462490       -0.0002559207
       -0.0002669756       -0.0006490708        0.0011315194
       -0.0018198105       -0.0123899105        0.0124426748
       -0.0000725606        0.2044709311       -0.1466879755
       -0.0000484906        0.0106000741       -0.0106141854
        0.0003731844        0.0009528696       -0.0009475005
        0.0025217196       -0.0134172453        0.0140633045
        0.0022130445       -0.1897767055        0.1338376796
       -0.0039047708       -0.0015129552       -0.0014860856
        0.0012659493        0.0004337545       -0.0005014857
       -0.0004532154        0.0006597344       -0.0000827606
        0.0000076895       -0.0000185955       -0.0001471156
        0.0001406093        0.0000662945       -0.0002816103
       -0.0009010753       -0.0006504860        0.0009830143
        0.0004185694        0.0004080695       -0.0001745755
        0.0005056594        0.0001218996       -0.0012477804
        0.0000165394        0.0000784794       -0.0001009855
       -0.0001710151       -0.0001235952        0.0004718444
       -0.0001249003       -0.0000582256       -0.0000925752
       -0.0002032303        0.0001615047        0.0002283898
        0.0001583248       -0.0052504052        0.0031949401
        0.0016768496       -0.1466879755        0.1871824605
       -0.0004439900        0.0227296695       -0.0187105104
        0.0006475247        0.0007004297        0.0002337498
       -0.0001374852       -0.0028277555        0.0010361597
       -0.0012929451        0.1340289148       -0.1713198253
        0.0005591744       -0.0001293802        0.0005847744
        0.0000862096       -0.0001896501        0.0000335694
        0.0004216497       -0.0000828354        0.0002155298
        0.0000230099        0.0001239346       -0.0000725902
        0.0000400044       -0.0002272554        0.0001304750
        0.0000315598       -0.0004396153       -0.0015245354
       -0.0001547951       -0.0002234702        0.0001534445
       -0.0011414602       -0.0015607853       -0.0018067902
        0.0000157547        0.0001111849        0.0000626497
       -0.0000082051       -0.0002865553        0.0004330894
       -0.0000063301       -0.0000085552        0.0001645947
        0.0000239248        0.0004071896       -0.0000632051
        0.0021146400        0.0097387198        0.0248380752
       -0.0015065655       -0.0000484906       -0.0004439900
        0.0493214804        0.0069678498        0.0111213447
       -0.0045071602       -0.0052402751       -0.0036348553
        0.0007795597       -0.0085145552       -0.0243018954
       -0.0473453451       -0.0038887600       -0.0100233751
        0.0009445799        0.0006763401       -0.0003890852
        0.0006141096        0.0005227849        0.0002204297
       -0.0000273053       -0.0000073501       -0.0000226450
       -0.0008203452        0.0001062995        0.0002073148
        0.0003553046        0.0000395747        0.0002477549
       -0.0003379853       -0.0012471554        0.0018241946
        0.0000770200        0.0001017949       -0.0001185904
        0.0003028197        0.0005052198        0.0000822348
        0.0000272047        0.0001745448       -0.0001647601
       -0.0005156903       -0.0002894453        0.0006124043
        0.0000200245       -0.0001184307       -0.0000444305
        0.0002093296        0.0003110645        0.0002040647
       -0.0027616454       -0.0076587253       -0.0160663902
        0.0011943897        0.0106000741        0.0227296695
        0.0069678498        0.0997180808        0.1118947245
       -0.0052760254       -0.0030869703       -0.0028691056
        0.0029676346       -0.0078407004       -0.0162490804
       -0.0044231652       -0.0921705305       -0.1021994501
        0.0005909044        0.0003012997       -0.0005473353
        0.0006499545        0.0002788596        0.0001763192
       -0.0000222303       -0.0000188305        0.0001239397
       -0.0001060704        0.0004606645        0.0001468246
        0.0001076694       -0.0000993504        0.0002041247
       -0.0005095956       -0.0011156857        0.0022606645
        0.0002021895        0.0002481394       -0.0001854755
        0.0007398546        0.0003256147        0.0000210798
       -0.0000383406        0.0001561546       -0.0001965753
        0.0002356748        0.0001973999        0.0005109595
       -0.0001709051        0.0000029496       -0.0000099806
       -0.0001079601        0.0001416547        0.0002460749
       -0.0011347851        0.0002725446       -0.0026705450
       -0.0008281205       -0.0106141854       -0.0187105104
        0.0111213447        0.1118947245        0.2900457105
       -0.0008310801        0.0004767398        0.0008530347
        0.0020522097        0.0003549147       -0.0034833852
       -0.0107676152       -0.1029846999       -0.2678002798
        0.0006233145        0.0005407000       -0.0000655055
        0.0001835096        0.0000457351       -0.0001680704
       -0.0000220854       -0.0001473401       -0.0000727550
       -0.0002071553        0.0001467598        0.0004195448
       -0.0000874505        0.0001498600        0.0002436900
        0.0004127250       -0.0002587154        0.0002993897
       -0.0001711302       -0.0001341053        0.0000594446
       -0.0002706952       -0.0000764052        0.0003494549
       -0.0000524355        0.0000093848       -0.0000465852
        0.0004463448        0.0000002748        0.0000001094
        0.0003317996       -0.0009627303        0.0004002194
        0.0003319349        0.0009630847       -0.0004000253
        0.0036098399        0.0013985047       -0.0000577950
        0.0010245148        0.0003731844        0.0006475247
       -0.0045071602       -0.0052760254       -0.0008310801
        0.1015739605       -0.0000069502       -0.0000104455
       -0.0628354752       -0.0000028402       -0.0000048652
        0.0014917947       -0.0163684302       -0.0272752550
        0.0020659098        0.0000001498       -0.0000006054
        0.0014917046        0.0163685550        0.0272754897
        0.0010244497       -0.0003728303       -0.0006471652
       -0.0045071252        0.0052762647        0.0008311548
        0.0036097899       -0.0013981153        0.0000582250
       -0.0618569953       -0.0000032054       -0.0000062954
        0.0007964647        0.0000000847       -0.0000000952
        0.0079546896       -0.0139963001        0.0258187148
        0.0079546598        0.0139965547       -0.0258189101
       -0.0000000301       -0.0022809149        0.0045960695
       -0.0005293202        0.0012393295       -0.0002804103
        0.0005295800        0.0012393198       -0.0002803449
        0.0007212248        0.0012742498        0.0005677953
        0.0014320148        0.0009528696        0.0007004297
       -0.0052402751       -0.0030869703        0.0004767398
       -0.0000069502        0.3026228603       -0.0223869353
       -0.0000036351       -0.1289479502       -0.0320335451
       -0.0024972150       -0.0159949451       -0.0290839250
       -0.0000001103        0.0110772947        0.0188175497
        0.0024966945       -0.0159948300       -0.0290839355
       -0.0014320352        0.0009526747        0.0007003999
        0.0052403749       -0.0030868603        0.0004767750
       -0.0007211455        0.0012743499        0.0005678450
       -0.0000038850       -0.1380616504        0.0503414546
       -0.0000000051        0.0142049248       -0.0169494402
       -0.0000025054       -0.0136910654        0.0264553151
        0.0000021245       -0.0136911001        0.0264554049
        0.0000000998        0.0050638948       -0.0063258656
       -0.0002192002       -0.0020758554        0.0022485546
        0.0002197197       -0.0020757255        0.0022486648
        0.0009200346        0.0015403947        0.0004649647
        0.0001615047       -0.0009475005        0.0002337498
       -0.0036348553       -0.0028691056        0.0008530347
       -0.0000104455       -0.0223869353        0.4896296207
       -0.0000061306       -0.0624228852       -0.1457208054
       -0.0039357104       -0.0140024954       -0.0192860350
       -0.0000003052       -0.0185190302       -0.0498407255
        0.0039349845       -0.0140023604       -0.0192860804
       -0.0001613805       -0.0009477904        0.0002338598
        0.0036350949       -0.0028691005        0.0008530998
       -0.0009197254        0.0015405547        0.0004651346
       -0.0000071952        0.0844004845       -0.1887933604
       -0.0000004002        0.0222062448       -0.0366951502
        0.0063133695        0.0142127246       -0.0156412253
       -0.0063140055        0.0142125347       -0.0156412403
       -0.0029140952        0.0000002146       -0.0000000307
       -0.0017381302        0.0199545744       -0.0205912653
       -0.0017379205       -0.0199543555        0.0205911297
       -0.0236871603       -0.0162122402       -0.0030050501
        0.0004875747        0.0025217196       -0.0001374852
        0.0007795597        0.0029676346        0.0020522097
       -0.0628354752       -0.0000036351       -0.0000061306
        0.5036880106        0.0000132999       -0.0000173901
       -0.1536272302       -0.0460172450        0.0031689049
       -0.0768605855       -0.0000051651       -0.0000040703
       -0.1536273206        0.0460372098       -0.0031777554
        0.0004874997       -0.0025221703        0.0001374147
        0.0007797246       -0.0029678202       -0.0020522552
       -0.0236872154        0.0162105047        0.0030044149
       -0.0049431202       -0.0000002706       -0.0000005505
       -0.0003813952       -0.0000000051       -0.0000000455
       -0.0000914207        0.0004120096        0.0024886498
       -0.0000913502       -0.0004118402       -0.0024884753
       -0.0000000301        0.0097553399       -0.0154512205
       -0.0009125003       -0.0150641705        0.0143730097
        0.0009118600       -0.0150640804        0.0143730497
        0.0177765199        0.0094007149        0.0007401650
       -0.0186312602       -0.0134172453       -0.0028277555
       -0.0085145552       -0.0078407004        0.0003549147
       -0.0000028402       -0.1289479502       -0.0624228852
        0.0000132999        0.5116177704       -0.0415122304
       -0.0481532200       -0.1052623298        0.0067325951
       -0.0000051102       -0.1374284651        0.0573164797
        0.0481719096       -0.1052621602        0.0067324547
        0.0186308296       -0.0134175403       -0.0028277151
        0.0085142949       -0.0078407203        0.0003550247
       -0.0177777653        0.0094008348        0.0007403298
       -0.0000001404        0.0140364847        0.0112975647
        0.0000001000       -0.0016763050        0.0053660847
       -0.0016962605       -0.0014943552        0.0033499001
        0.0016963648       -0.0014945550        0.0033500149
       -0.0000003502        0.0179235349       -0.0168547254
        0.0009792097       -0.0034776252        0.0003539296
       -0.0009790901       -0.0034776303        0.0003539199
        0.0048305247        0.0028977749       -0.0018187950
        0.0218469498        0.0140633045        0.0010361597
       -0.0243018954       -0.0162490804       -0.0034833852
       -0.0000048652       -0.0320335451       -0.1457208054
       -0.0000173901       -0.0415122304        0.4788319404
       -0.0008625202        0.0036038497       -0.0747540452
       -0.0000038403        0.0683423349       -0.1235038502
        0.0008520797        0.0036038898       -0.0747540454
       -0.0218473951        0.0140631096        0.0010363499
        0.0243016800       -0.0162489502       -0.0034832752
       -0.0048306603        0.0028978599       -0.0018186552
       -0.0000001452       -0.0105567904       -0.0437008703
        0.0000000350        0.0029520501       -0.0007921602
       -0.0017059554       -0.0033777653        0.0045349498
        0.0017059398       -0.0033778502        0.0045350399
       -0.0001465904        0.0002376700       -0.0003382203
        0.0008241398        0.0011156544       -0.0009571204
        0.0009413799        0.0010509748       -0.0004850551
       -0.2209523601        0.1260448397        0.0299901151
       -0.0482949901        0.0022130445       -0.0012929451
       -0.0473453451       -0.0044231652       -0.0107676152
        0.0014917947       -0.0024972150       -0.0039357104
       -0.1536272302       -0.0481532200       -0.0008625202
        0.5028703504       -0.0573799051       -0.0132021901
       -0.0030848753       -0.0041909502        0.0025359947
       -0.0320087054       -0.0150380902       -0.0001786756
        0.0018905149       -0.0012659251       -0.0000859700
        0.0006142801       -0.0006499553       -0.0001835554
       -0.0040495451        0.0028749898        0.0006225250
        0.0006492198        0.0006347898       -0.0009035304
        0.0001868349       -0.0001160350        0.0003969049
        0.0001356747       -0.0002869101       -0.0006424452
       -0.0000931905       -0.0001310352        0.0002297699
        0.0000290152        0.0006055751       -0.0010580254
       -0.0006468602        0.0008499697       -0.0010662703
       -0.0003106851       -0.0031921752        0.0027529200
        0.1247603652       -0.1360868453       -0.0194649050
        0.0026324398       -0.1897767055        0.1340289148
       -0.0038887600       -0.0921705305       -0.1029846999
       -0.0163684302       -0.0159949451       -0.0140024954
       -0.0460172450       -0.1052623298        0.0036038497
       -0.0573799051        0.5509310103       -0.0064812698
       -0.0230358853       -0.0187357901        0.0037083848
        0.0150364798        0.0101907401        0.0028727547
        0.0008198850        0.0004334399       -0.0001897200
       -0.0005223549        0.0002789798        0.0000456549
        0.0050552649       -0.0017725301       -0.0001494249
        0.0014432300       -0.0001397802       -0.0009227051
       -0.0003982851       -0.0004465900        0.0003510948
       -0.0011250503        0.0001507050       -0.0007310501
       -0.0000445903        0.0001396899       -0.0002547549
        0.0003250548       -0.0001770650        0.0003450447
        0.0000932548       -0.0008735805        0.0006377996
        0.0008152600        0.0041812797       -0.0037241298
        0.0293915897       -0.0199364300       -0.0521782547
       -0.0016603349        0.1338376796       -0.1713198253
       -0.0100233751       -0.1021994501       -0.2678002798
       -0.0272752550       -0.0290839250       -0.0192860350
        0.0031689049        0.0067325951       -0.0747540452
       -0.0132021901       -0.0064812698        0.5812370301
        0.0207425100        0.0157952249        0.0014135497
        0.0001784048        0.0028728348        0.0032348595
       -0.0007921301       -0.0005016400        0.0000335450
       -0.0002200298        0.0001762646       -0.0001679749
        0.0008388696       -0.0003754852        0.0000023851
       -0.0020919251       -0.0043944203        0.0034806499
       -0.0000521999        0.0002378152       -0.0001274049
        0.0000046296       -0.0001819200       -0.0004125448
       -0.0003002953        0.0004310451       -0.0006129602
       -0.0473241153       -0.0000023701       -0.0000113005
       -0.2275770802        0.1250157945        0.0209021596
       -0.2275768804       -0.1249728606       -0.0209214352
        0.0007766647       -0.0002860554        0.0005577900
       -0.0048749354       -0.0039047708        0.0005591744
        0.0009445799        0.0005909044        0.0006233145
        0.0020659098       -0.0000001103       -0.0000003052
       -0.0768605855       -0.0000051102       -0.0000038403
       -0.0030848753       -0.0230358853        0.0207425100
        0.5896727907        0.0000374948       -0.0000341905
       -0.0030850254        0.0230356997       -0.0207425356
       -0.0048748203        0.0039048547       -0.0005589754
        0.0009445299       -0.0005906307       -0.0006232702
        0.0007766295        0.0002860648       -0.0005576152
       -0.0002948553        0.0000000796        0.0000000196
        0.0002151299        0.0000001347        0.0000000398
        0.0000786292       -0.0001037054       -0.0002087953
        0.0000785946        0.0001038597        0.0002089197
       -0.0000026401       -0.1005636452       -0.1047411553
        0.1261555397       -0.1348559505       -0.0155682102
       -0.1261119402       -0.1348559053       -0.0155680451
        0.0014008248        0.0013737397       -0.0003152749
       -0.0028086805       -0.0015129552       -0.0001293802
        0.0006763401        0.0003012997        0.0005407000
        0.0000001498        0.0110772947       -0.0185190302
       -0.0000051651       -0.1374284651        0.0683423349
       -0.0041909502       -0.0187357901        0.0157952249
        0.0000374948        0.5348631504        0.0594679847
        0.0041905147       -0.0187356602        0.0157951595
        0.0028087149       -0.0015131801       -0.0001294003
       -0.0006758052        0.0003013648        0.0005406847
       -0.0014006903        0.0013739449       -0.0003151101
        0.0000000097       -0.0020617102       -0.0033349053
        0.0000000850        0.0005626299       -0.0011216304
        0.0001977594        0.0002064849       -0.0003558301
       -0.0001975303        0.0002063547       -0.0003556752
       -0.0000132201       -0.1078216152       -0.2633336356
        0.0196398895       -0.0138729555       -0.0484424555
       -0.0196561905       -0.0138730604       -0.0484424402
       -0.0006112305       -0.0004673103       -0.0002379250
       -0.0012039055       -0.0014860856        0.0005847744
       -0.0003890852       -0.0005473353       -0.0000655055
       -0.0000006054        0.0188175497       -0.0498407255
       -0.0000040703        0.0573164797       -0.1235038502
        0.0025359947        0.0037083848        0.0014135497
       -0.0000341905        0.0594679847        0.5355039008
       -0.0025363255        0.0037084996        0.0014134343
        0.0012039095       -0.0014861706        0.0005847747
        0.0003892697       -0.0005473404       -0.0000652756
        0.0006112694       -0.0004673453       -0.0002378101
       -0.0000000253       -0.0034365706       -0.0035792206
       -0.0000000054        0.0006314298       -0.0013166056
        0.0003001793        0.0001910647       -0.0002174104
       -0.0002999255        0.0001908498       -0.0002173402
       -0.0001467802       -0.0002371254        0.0003383843
        0.0009411394       -0.0010508307        0.0004851296
        0.0008242046       -0.0011156305        0.0009570849
       -0.0040497653       -0.0028750006       -0.0006224451
        0.0018903245        0.0012659493        0.0000862096
        0.0006141096        0.0006499545        0.0001835096
        0.0014917046        0.0024966945        0.0039349845
       -0.1536273206        0.0481719096        0.0008520797
       -0.0320087054        0.0150364798        0.0001784048
       -0.0030850254        0.0041905147       -0.0025363255
        0.5028705408        0.0574203747        0.0131412693
       -0.0482949852       -0.0022296254        0.0012818498
       -0.0473453906        0.0044184745        0.0107451697
       -0.2209526156       -0.1260049652       -0.0300074402
        0.0006491445       -0.0006345905        0.0009037797
        0.0001867394        0.0001162047       -0.0003967955
       -0.0000933707        0.0001313245       -0.0002296503
        0.0001355545        0.0002871948        0.0006424096
       -0.0000288102        0.0006056950       -0.0010579654
        0.0003109247       -0.0031920857        0.0027528645
        0.0006470449        0.0008500297       -0.0010662453
       -0.0050549602       -0.0017725102       -0.0001494951
       -0.0008195903        0.0004337545       -0.0001896501
        0.0005227849        0.0002788596        0.0000457351
        0.0163685550       -0.0159948300       -0.0140023604
        0.0460372098       -0.1052621602        0.0036038898
       -0.0150380902        0.0101907401        0.0028728348
        0.0230356997       -0.0187356602        0.0037084996
        0.0574203747        0.5509309204       -0.0064812056
       -0.0026501505       -0.1897768604        0.1340288946
        0.0038845147       -0.0921705004       -0.1029844552
       -0.1247191304       -0.1360866801       -0.0194648752
       -0.0014429051       -0.0001399252       -0.0009226852
        0.0003985599       -0.0004464701        0.0003511150
        0.0000447946        0.0001397396       -0.0002549004
        0.0011252047        0.0001506297       -0.0007308253
       -0.0003247405       -0.0001769456        0.0003449594
       -0.0008149604        0.0041812541       -0.0037243757
       -0.0000929953       -0.0008737706        0.0006380196
       -0.0008385504       -0.0003755454        0.0000023496
        0.0007924245       -0.0005014857        0.0000335694
        0.0002204297        0.0001763192       -0.0001680704
        0.0272754897       -0.0290839355       -0.0192860804
       -0.0031777554        0.0067324547       -0.0747540454
       -0.0001786756        0.0028727547        0.0032348595
       -0.0207425356        0.0157951595        0.0014134343
        0.0131412693       -0.0064812056        0.5812370910
        0.0016469744        0.1338373596       -0.1713198154
        0.0099979945       -0.1021993856       -0.2678002352
       -0.0294053305       -0.0199363956       -0.0521782704
        0.0020922545       -0.0043944408        0.0034808042
        0.0000525196        0.0002378644       -0.0001275055
        0.0003007042        0.0004311994       -0.0006131654
       -0.0000043207       -0.0001821653       -0.0004123052
       -0.0000761301       -0.0002281601        0.0001312392
        0.0001704046        0.0016041994       -0.0011713655
        0.0001109245        0.0002252295        0.0000932047
        0.0003140195       -0.0001765753        0.0002098798
       -0.0004008103       -0.0004532154        0.0004216497
       -0.0000273053       -0.0000222303       -0.0000220854
        0.0010244497       -0.0014320352       -0.0001613805
        0.0004874997        0.0186308296       -0.0218473951
        0.0018905149        0.0008198850       -0.0007921301
       -0.0048748203        0.0028087149        0.0012039095
       -0.0482949852       -0.0026501505        0.0016469744
        0.0505856906        0.0000581045       -0.0016891602
       -0.0015065802       -0.0011945505        0.0008278599
        0.0004163743       -0.0180753204        0.0194428648
        0.0006425648       -0.0003099206        0.0007824747
       -0.0000749651       -0.0000931104        0.0000268747
       -0.0002846653        0.0000172395        0.0001013848
       -0.0001017656        0.0004556549        0.0007823448
       -0.0000646153        0.0001798247        0.0001264394
        0.0002674045       -0.0006492004        0.0011311894
        0.0000729946        0.0004461495       -0.0002560452
       -0.0001401705        0.0000660796       -0.0002819050
        0.0004533598        0.0006597344       -0.0000828354
       -0.0000073501       -0.0000188305       -0.0001473401
       -0.0003728303        0.0009526747       -0.0009477904
       -0.0025221703       -0.0134175403        0.0140631096
       -0.0012659251        0.0004334399       -0.0005016400
        0.0039048547       -0.0015131801       -0.0014861706
       -0.0022296254       -0.1897768604        0.1338373596
        0.0000581045        0.2044713307       -0.1466882705
        0.0000488646        0.0105999996       -0.0106143102
        0.0018200393       -0.0123899403        0.0124425549
        0.0009014349       -0.0006505755        0.0009828898
       -0.0004183855        0.0004079396       -0.0001746554
       -0.0000163254        0.0000784496       -0.0001012853
       -0.0005052303        0.0001215599       -0.0012478853
        0.0001713249       -0.0001234753        0.0004720346
        0.0002036549        0.0001614796        0.0002282297
        0.0001250748       -0.0000583404       -0.0000924700
       -0.0000395852       -0.0002272702        0.0001304102
       -0.0004215752       -0.0000827606        0.0002155298
       -0.0000226450        0.0001239397       -0.0000727550
       -0.0006471652        0.0007003999        0.0002338598
        0.0001374147       -0.0028277151        0.0010363499
       -0.0000859700       -0.0001897200        0.0000335450
       -0.0005589754       -0.0001294003        0.0005847747
        0.0012818498        0.1340288946       -0.1713198154
       -0.0016891602       -0.1466882705        0.1871824304
        0.0004438300        0.0227297147       -0.0187105451
       -0.0001578601       -0.0052502153        0.0031949250
       -0.0000313403       -0.0004397103       -0.0015245803
        0.0001550299       -0.0002235302        0.0001533496
       -0.0000155205        0.0001113497        0.0000625599
        0.0011414997       -0.0015610351       -0.0018066851
       -0.0000081204        0.0002872397       -0.0004327956
        0.0000238097       -0.0004068454        0.0000635345
       -0.0000061550        0.0000089096       -0.0001644202
        0.0003554300       -0.0000394002       -0.0002473899
       -0.0000272152        0.0000076895        0.0000230099
       -0.0008203452       -0.0001060704       -0.0002071553
       -0.0045071252        0.0052403749        0.0036350949
        0.0007797246        0.0085142949        0.0243016800
        0.0006142801       -0.0005223549       -0.0002200298
        0.0009445299       -0.0006758052        0.0003892697
       -0.0473453906        0.0038845147        0.0099979945
       -0.0015065802        0.0000488646        0.0004438300
        0.0493213804       -0.0069709102       -0.0111441503
        0.0021147147       -0.0097385850       -0.0248381752
       -0.0003380453        0.0012473197       -0.0018238902
        0.0000769248       -0.0001012751        0.0001188096
        0.0000272848       -0.0001741250        0.0001649647
        0.0003028049       -0.0005047852       -0.0000820401
        0.0005157497       -0.0002894052        0.0006125794
       -0.0002091105        0.0003110392        0.0002038794
       -0.0000197053       -0.0001182204       -0.0000444052
       -0.0001073204       -0.0000994004        0.0002040400
        0.0000223946       -0.0000185955        0.0001239346
        0.0001062995        0.0004606645        0.0001467598
        0.0052762647       -0.0030868603       -0.0028691005
       -0.0029678202       -0.0078407203       -0.0162489502
       -0.0006499553        0.0002789798        0.0001762646
       -0.0005906307        0.0003013648       -0.0005473404
        0.0044184745       -0.0921705004       -0.1021993856
       -0.0011945505        0.0105999996        0.0227297147
       -0.0069709102        0.0997180007        0.1118948595
        0.0027619444       -0.0076586903       -0.0160661602
        0.0005098246       -0.0011156706        0.0022605897
       -0.0002018905        0.0002483398       -0.0001853803
        0.0000385197        0.0001563546       -0.0001966404
       -0.0007396653        0.0003254647        0.0000211648
       -0.0002355753        0.0001974050        0.0005109345
        0.0001081497        0.0001416495        0.0002459646
        0.0001711149        0.0000030298       -0.0000097353
        0.0000875247        0.0001498947        0.0002437051
        0.0000220547       -0.0001471156       -0.0000725902
        0.0002073148        0.0001468246        0.0004195448
        0.0008311548        0.0004767750        0.0008530998
       -0.0020522552        0.0003550247       -0.0034832752
       -0.0001835554        0.0000456549       -0.0001679749
       -0.0006232702        0.0005406847       -0.0000652756
        0.0107451697       -0.1029844552       -0.2678002352
        0.0008278599       -0.0106143102       -0.0187105451
       -0.0111441503        0.1118948595        0.2900455604
        0.0011349698        0.0002726398       -0.0026703501
       -0.0004126400       -0.0002586705        0.0002993795
        0.0001711098       -0.0001341101        0.0000594898
        0.0000525446        0.0000095898       -0.0000466102
        0.0002709197       -0.0000763950        0.0003494199
       -0.0000042203        0.0001010298        0.0000652693
        0.0004154197        0.0001268094        0.0002099392
        0.0003722045        0.0008164994       -0.0004640805
       -0.0016454453       -0.0010241854       -0.0001634453
        0.0003141295        0.0001406093        0.0000400044
        0.0003553046        0.0001076694       -0.0000874505
        0.0036097899       -0.0007211455       -0.0009197254
       -0.0236872154       -0.0177777653       -0.0048306603
       -0.0040495451        0.0050552649        0.0008388696
        0.0007766295       -0.0014006903        0.0006112694
       -0.2209526156       -0.1247191304       -0.0294053305
        0.0004163743        0.0018200393       -0.0001578601
        0.0021147147        0.0027619444        0.0011349698
        0.2424136107        0.1349944597        0.0322101647
       -0.0002610454       -0.0002015506        0.0007665494
        0.0000182146        0.0000014197        0.0000415545
        0.0001421697        0.0000611547       -0.0001817051
       -0.0003467255       -0.0001006453        0.0002787598
       -0.0000484701       -0.0000220953        0.0000917694
       -0.0001455055        0.0000967594       -0.0001011657
       -0.0001442001       -0.0001667655       -0.0000194251
        0.0010242650        0.0008023548       -0.0000417052
        0.0001765548        0.0000662945       -0.0002272554
        0.0000395747       -0.0000993504        0.0001498600
       -0.0013981153        0.0012743499        0.0015405547
        0.0162105047        0.0094008348        0.0028978599
        0.0028749898       -0.0017725301       -0.0003754852
        0.0002860648        0.0013739449       -0.0004673453
       -0.1260049652       -0.1360866801       -0.0199363956
       -0.0180753204       -0.0123899403       -0.0052502153
       -0.0097385850       -0.0076586903        0.0002726398
        0.1349944597        0.1450668105        0.0216877299
       -0.0001803650        0.0004079095       -0.0003980804
       -0.0000021703        0.0000170897        0.0000040896
        0.0001421645       -0.0001227752        0.0001011446
        0.0000279044       -0.0001857850        0.0000654049
       -0.0001186351       -0.0000469652       -0.0000034004
        0.0001882898        0.0000740596       -0.0000837002
       -0.0001801450        0.0003492647        0.0001740949
        0.0001637846       -0.0000417052        0.0006504251
       -0.0002096203       -0.0002816103        0.0001304750
        0.0002477549        0.0002041247        0.0002436900
        0.0000582250        0.0005678450        0.0004651346
        0.0030044149        0.0007403298       -0.0018186552
        0.0006225250       -0.0001494249        0.0000023851
       -0.0005576152       -0.0003151101       -0.0002378101
       -0.0300074402       -0.0194648752       -0.0521782704
        0.0194428648        0.0124425549        0.0031949250
       -0.0248381752       -0.0160661602       -0.0026703501
        0.0322101647        0.0216877299        0.0521929803
        0.0002378897        0.0000329396       -0.0000498102
       -0.0000424401       -0.0000356951       -0.0000116802
       -0.0001617803        0.0000675598        0.0000833299
       -0.0000748753        0.0002303247       -0.0000817951
        0.0008310246        0.0000001697        0.0000000546
        0.0001462647       -0.0001819905        0.0000280744
        0.0001463948        0.0001822497       -0.0000279852
       -0.0002610903        0.0001804696       -0.0002375401
        0.0006425645       -0.0009010753        0.0000315598
       -0.0003379853       -0.0005095956        0.0004127250
       -0.0618569953       -0.0000038850       -0.0000071952
       -0.0049431202       -0.0000001404       -0.0000001452
        0.0006492198        0.0014432300       -0.0020919251
       -0.0002948553        0.0000000097       -0.0000000253
        0.0006491445       -0.0014429051        0.0020922545
        0.0006425648        0.0009014349       -0.0000313403
       -0.0003380453        0.0005098246       -0.0004126400
       -0.0002610454       -0.0001803650        0.0002378897
        0.5713996205        0.0000303098       -0.0000313753
       -0.0509897501       -0.0000069952       -0.0000067101
       -0.2279109555       -0.1136360402        0.0080373897
       -0.2279108054        0.1136771846       -0.0080554301
        0.0000001296        0.0010759646       -0.0012535907
       -0.0002558403        0.0001170645        0.0000369195
        0.0002561848        0.0001170795        0.0000371097
        0.0002019195        0.0004077245        0.0000327398
        0.0003100695       -0.0006504860       -0.0004396153
       -0.0012471554       -0.0011156857       -0.0002587154
       -0.0000032054       -0.1380616504        0.0844004845
       -0.0000002706        0.0140364847       -0.0105567904
        0.0006347898       -0.0001397802       -0.0043944203
        0.0000000796       -0.0020617102       -0.0034365706
       -0.0006345905       -0.0001399252       -0.0043944408
       -0.0003099206       -0.0006505755       -0.0004397103
        0.0012473197       -0.0011156706       -0.0002586705
       -0.0002015506        0.0004079095        0.0000329396
        0.0000303098        0.5720300209        0.0682979447
       -0.0000078904       -0.1862240904       -0.1331429755
       -0.1153747908       -0.1290148904        0.0028984695
        0.1154164795       -0.1290150504        0.0028985696
        0.0000000398        0.0012189699        0.0002110394
       -0.0001882105        0.0000939994       -0.0000749304
        0.0001884996        0.0000940395       -0.0000746701
       -0.0007661504       -0.0003980853       -0.0000499952
       -0.0007822953        0.0009830143       -0.0015245354
        0.0018241946        0.0022606645        0.0002993897
       -0.0000062954        0.0503414546       -0.1887933604
       -0.0000005505        0.0112975647       -0.0437008703
       -0.0009035304       -0.0009227051        0.0034806499
        0.0000000196       -0.0033349053       -0.0035792206
        0.0009037797       -0.0009226852        0.0034808042
        0.0007824747        0.0009828898       -0.0015245803
       -0.0018238902        0.0022605897        0.0002993795
        0.0007665494       -0.0003980804       -0.0000498102
       -0.0000313753        0.0682979447        0.5145935506
       -0.0000083654       -0.1450189504       -0.1804361554
        0.0111757845        0.0066123596       -0.0512782702
       -0.0111910754        0.0066122448       -0.0512781003
        0.0000205247        0.0000002350        0.0000000446
        0.0000004047       -0.0000432556        0.0000147045
        0.0000005898        0.0000436398       -0.0000146650
        0.0000184349        0.0000021996        0.0000426149
       -0.0000749552        0.0004185694       -0.0001547951
        0.0000770200        0.0002021895       -0.0001711302
        0.0007964647       -0.0000000051       -0.0000004002
       -0.0003813952        0.0000001000        0.0000000350
        0.0001868349       -0.0003982851       -0.0000521999
        0.0002151299        0.0000000850       -0.0000000054
        0.0001867394        0.0003985599        0.0000525196
       -0.0000749651       -0.0004183855        0.0001550299
        0.0000769248       -0.0002018905        0.0001711098
        0.0000182146       -0.0000021703       -0.0000424401
       -0.0509897501       -0.0000078904       -0.0000083654
        0.0482607504       -0.0000061800       -0.0000075502
        0.0008322348       -0.0196206150       -0.0196725202
        0.0008322647        0.0196209101        0.0196722900
        0.0000001697       -0.0001923701        0.0002441547
        0.0000360396       -0.0000018557       -0.0000246555
       -0.0000354851       -0.0000018352       -0.0000244600
       -0.0000009700        0.0000169899       -0.0000359549
        0.0000933798        0.0004080695       -0.0002234702
        0.0001017949        0.0002481394       -0.0001341053
        0.0000000847        0.0142049248        0.0222062448
       -0.0000000051       -0.0016763050        0.0029520501
       -0.0001160350       -0.0004465900        0.0002378152
        0.0000001347        0.0005626299        0.0006314298
        0.0001162047       -0.0004464701        0.0002378644
       -0.0000931104        0.0004079396       -0.0002235302
       -0.0001012751        0.0002483398       -0.0001341101
        0.0000014197        0.0000170897       -0.0000356951
       -0.0000069952       -0.1862240904       -0.1450189504
       -0.0000061800        0.1948809404        0.1429925447
        0.0019362648       -0.0110008401       -0.0117974153
       -0.0019360354       -0.0110009901       -0.0117973102
        0.0000000446        0.0004557347       -0.0004085555
       -0.0000694803        0.0000029246        0.0000197298
        0.0000695846        0.0000027745        0.0000199447
       -0.0000413203        0.0000039896       -0.0000117299
       -0.0000267954       -0.0001745755        0.0001534445
       -0.0001185904       -0.0001854755        0.0000594446
       -0.0000000952       -0.0169494402       -0.0366951502
       -0.0000000455        0.0053660847       -0.0007921602
        0.0003969049        0.0003510948       -0.0001274049
        0.0000000398       -0.0011216304       -0.0013166056
       -0.0003967955        0.0003511150       -0.0001275055
        0.0000268747       -0.0001746554        0.0001533496
        0.0001188096       -0.0001853803        0.0000594898
        0.0000415545        0.0000040896       -0.0000116802
       -0.0000067101       -0.1331429755       -0.1804361554
       -0.0000075502        0.1429925447        0.2135355805
       -0.0000528453        0.0012281998        0.0029636149
        0.0000534047        0.0012282098        0.0029638400
       -0.0000061502       -0.0000549704        0.0001080443
       -0.0000190005       -0.0000027205       -0.0000397654
        0.0000643945        0.0000891396       -0.0000454403
       -0.0003466954       -0.0000276054        0.0000752149
       -0.0001017656        0.0005056594       -0.0011414602
        0.0003028197        0.0007398546       -0.0002706952
        0.0079546896       -0.0000025054        0.0063133695
       -0.0000914207       -0.0016962605       -0.0017059554
        0.0001356747       -0.0011250503        0.0000046296
        0.0000786292        0.0001977594        0.0003001793
       -0.0000933707        0.0000447946        0.0003007042
       -0.0002846653       -0.0000163254       -0.0000155205
        0.0000272848        0.0000385197        0.0000525446
        0.0001421697        0.0001421645       -0.0001617803
       -0.2279109555       -0.1153747908        0.0111757845
        0.0008322348        0.0019362648       -0.0000528453
        0.2403752109        0.1307781545       -0.0146819204
       -0.0210577355       -0.0161302802       -0.0002299555
        0.0000768696        0.0000052296        0.0001748793
       -0.0000117504       -0.0000171855       -0.0000496706
        0.0001144898        0.0000896145       -0.0000845651
        0.0001009695       -0.0001858155        0.0002301749
       -0.0004554306        0.0001218996       -0.0015607853
        0.0005052198        0.0003256147       -0.0000764052
       -0.0139963001       -0.0136910654        0.0142127246
        0.0004120096       -0.0014943552       -0.0033777653
       -0.0002869101        0.0001507050       -0.0001819200
       -0.0001037054        0.0002064849        0.0001910647
        0.0001313245        0.0001397396        0.0004311994
        0.0000172395        0.0000784496        0.0001113497
       -0.0001741250        0.0001563546        0.0000095898
        0.0000611547       -0.0001227752        0.0000675598
       -0.1136360402       -0.1290148904        0.0066123596
       -0.0196206150       -0.0110008401        0.0012281998
        0.1307781545        0.1430291906       -0.0162326953
        0.0161295097        0.0112273048       -0.0017098751
       -0.0001420651       -0.0000693151       -0.0002423855
        0.0000147998        0.0000165494        0.0000787995
       -0.0001352302       -0.0002175605        0.0001933947
       -0.0002785600        0.0000652147       -0.0000819250
       -0.0007822950       -0.0012477804       -0.0018067902
        0.0000822348        0.0000210798        0.0003494549
        0.0258187148        0.0264553151       -0.0156412253
        0.0024886498        0.0033499001        0.0045349498
       -0.0006424452       -0.0007310501       -0.0004125448
       -0.0002087953       -0.0003558301       -0.0002174104
       -0.0002296503       -0.0002549004       -0.0006131654
        0.0001013848       -0.0001012853        0.0000625599
        0.0001649647       -0.0001966404       -0.0000466102
       -0.0001817051        0.0001011446        0.0000833299
        0.0080373897        0.0028984695       -0.0512782702
       -0.0196725202       -0.0117974153        0.0029636149
       -0.0146819204       -0.0162326953        0.0603219604
        0.0002297597       -0.0017099651        0.0017521597
       -0.0000060905        0.0000553445       -0.0001077908
        0.0000643044       -0.0000888156        0.0000454844
       -0.0000188552        0.0000028345        0.0000398697
        0.0001421847       -0.0001419806        0.0001619347
       -0.0002846306        0.0000165394        0.0000157547
        0.0000272047       -0.0000383406       -0.0000524355
        0.0079546598        0.0000021245       -0.0063140055
       -0.0000913502        0.0016963648        0.0017059398
       -0.0000931905       -0.0000445903       -0.0003002953
        0.0000785946       -0.0001975303       -0.0002999255
        0.0001355545        0.0011252047       -0.0000043207
       -0.0001017656       -0.0005052303        0.0011414997
        0.0003028049       -0.0007396653        0.0002709197
       -0.0003467255        0.0000279044       -0.0000748753
       -0.2279108054        0.1154164795       -0.0111910754
        0.0008322647       -0.0019360354        0.0000534047
       -0.0210577355        0.0161295097        0.0002297597
        0.2403751807       -0.1307369203        0.0146655697
       -0.0000766101        0.0000050599        0.0001747645
       -0.0001141751        0.0000895045       -0.0000849053
        0.0000122000       -0.0000172653       -0.0000496652
       -0.0000607102       -0.0001229051        0.0000675300
       -0.0000171502        0.0000784794        0.0001111849
        0.0001745448        0.0001561546        0.0000093848
        0.0139965547       -0.0136911001        0.0142125347
       -0.0004118402       -0.0014945550       -0.0033778502
       -0.0001310352        0.0001396899        0.0004310451
        0.0001038597        0.0002063547        0.0001908498
        0.0002871948        0.0001506297       -0.0001821653
        0.0004556549        0.0001215599       -0.0015610351
       -0.0005047852        0.0003254647       -0.0000763950
       -0.0001006453       -0.0001857850        0.0002303247
        0.1136771846       -0.1290150504        0.0066122448
        0.0196209101       -0.0110009901        0.0012282098
       -0.0161302802        0.0112273048       -0.0017099651
       -0.1307369203        0.1430293804       -0.0162326504
        0.0001421500       -0.0000691603       -0.0002423153
        0.0001355349       -0.0002175855        0.0001933597
       -0.0000144649        0.0000166099        0.0000790948
        0.0001819498        0.0001011048        0.0000834100
       -0.0001013703       -0.0001009855        0.0000626497
       -0.0001647601       -0.0001965753       -0.0000465852
       -0.0258189101        0.0264554049       -0.0156412403
       -0.0024884753        0.0033500149        0.0045350399
        0.0002297699       -0.0002547549       -0.0006129602
        0.0002089197       -0.0003556752       -0.0002173402
        0.0006424096       -0.0007308253       -0.0004123052
        0.0007823448       -0.0012478853       -0.0018066851
       -0.0000820401        0.0000211648        0.0003494199
        0.0002787598        0.0000654049       -0.0000817951
       -0.0080554301        0.0028985696       -0.0512781003
        0.0196722900       -0.0117973102        0.0029638400
       -0.0002299555       -0.0017098751        0.0017521597
        0.0146655697       -0.0162326504        0.0603217603
