   14   42
        0.3035510153       -0.0207726155        0.0000000000
       -0.0978725586        0.0027729991       -0.0000000000
       -0.1033650137        0.0047518933       -0.0023378961
       -0.1033650136        0.0047518932        0.0023378961
        0.0035329759       -0.0107307514       -0.0075429385
        0.0035329759       -0.0107307513        0.0075429386
       -0.0041834676        0.0316156360       -0.0254435867
       -0.0041834676        0.0316156360        0.0254435868
        0.0020794424       -0.0177103571        0.0166380791
        0.0020794423       -0.0177103571       -0.0166380791
       -0.0005898096        0.0001741568       -0.0008751479
       -0.0005898096        0.0001741568        0.0008751479
       -0.0003175718        0.0009001606       -0.0018027597
       -0.0003175718        0.0009001606        0.0018027597
       -0.0207726155        0.5224472851        0.0000000009
        0.0015497755       -0.1380458043       -0.0000000006
        0.0043022053       -0.1743432140        0.0396730641
        0.0043022040       -0.1743432135       -0.0396730650
       -0.0030400314        0.0152601934       -0.0031161655
       -0.0030400319        0.0152601928        0.0031161658
        0.0013857720       -0.0069065803        0.0035570289
        0.0013857722       -0.0069065800       -0.0035570285
        0.0059864227       -0.0213972546        0.0150183322
        0.0059864228       -0.0213972548       -0.0150183327
        0.0008700568       -0.0009043131        0.0013460615
        0.0008700566       -0.0009043129       -0.0013460614
        0.0001063446       -0.0039112464        0.0054183118
        0.0001063447       -0.0039112459       -0.0054183114
        0.0000000000        0.0000000009        1.0415896352
        0.0000000008        0.0000000000       -0.7614620341
       -0.0018037448        0.0226732605       -0.1072907382
        0.0018037461       -0.0226732616       -0.1072907386
        0.0032707218       -0.0173187729       -0.0414822775
       -0.0032707204        0.0173187731       -0.0414822774
        0.0003153169       -0.0031282047        0.0013001891
       -0.0003153156        0.0031282055        0.0013001878
       -0.0003755413       -0.0142120193        0.0106408299
        0.0003755406        0.0142120195        0.0106408280
       -0.0000052442       -0.0001812908        0.0007079221
        0.0000052473        0.0001812929        0.0007079231
       -0.0028299154        0.0020991746       -0.0039404137
        0.0028299168       -0.0020991748       -0.0039404122
       -0.0978725586        0.0015497755        0.0000000008
        0.0502744168       -0.0055598084       -0.0000000005
        0.0211667930        0.0003576393       -0.0064493627
        0.0211667913        0.0003576401        0.0064493619
        0.0005541978        0.0030780241        0.0006903435
        0.0005541971        0.0030780234       -0.0006903432
        0.0015267326       -0.0035667699        0.0040558750
        0.0015267328       -0.0035667694       -0.0040558747
        0.0002161342        0.0026120889       -0.0021490700
        0.0002161344        0.0026120887        0.0021490694
        0.0002100824       -0.0001947079        0.0005242223
        0.0002100822       -0.0001947076       -0.0005242221
        0.0001277270       -0.0002812920        0.0004873908
        0.0001277270       -0.0002812915       -0.0004873906
        0.0027729991       -0.1380458043        0.0000000000
       -0.0055598084        0.1107990594        0.0000000000
        0.0000243042        0.0153832101        0.0377749546
        0.0000243041        0.0153832101       -0.0377749546
        0.0024560722       -0.0085431447       -0.0031366436
        0.0024560721       -0.0085431447        0.0031366436
        0.0002675449        0.0003424388        0.0008367424
        0.0002675449        0.0003424388       -0.0008367424
       -0.0003284270        0.0041315022       -0.0019327335
       -0.0003284270        0.0041315023        0.0019327335
       -0.0004342641        0.0004201301       -0.0004957217
       -0.0004342641        0.0004201301        0.0004957217
       -0.0005918528        0.0018892335       -0.0026176586
       -0.0005918528        0.0018892334        0.0026176586
       -0.0000000000       -0.0000000006       -0.7614620341
       -0.0000000005        0.0000000000        0.8475706189
       -0.0032055779        0.0120975956       -0.0385977354
        0.0032055772       -0.0120975949       -0.0385977350
        0.0030881513       -0.0078316067        0.0008022314
       -0.0030881522        0.0078316067        0.0008022313
       -0.0004729323        0.0015116540       -0.0020398348
        0.0004729316       -0.0015116545       -0.0020398339
        0.0019355490        0.0008355004       -0.0003290139
       -0.0019355485       -0.0008355005       -0.0003290127
       -0.0007181759        0.0002641073       -0.0004004713
        0.0007181739       -0.0002641087       -0.0004004719
       -0.0008225355        0.0010794597       -0.0024847435
        0.0008225347       -0.0010794595       -0.0024847445
       -0.1033650137        0.0043022053       -0.0018037448
        0.0211667930        0.0000243042       -0.0032055779
        0.5816890468        0.0286979449        0.0186751637
        0.0313560678        0.0049465696       -0.0019905271
        0.0061822469       -0.0048150959       -0.0111463182
       -0.1037167905        0.0068003736        0.0284637095
       -0.2889717722        0.0752471418       -0.0017764014
       -0.0004421862       -0.0058899412       -0.0032555116
       -0.1396888596       -0.1168836531       -0.0486567737
       -0.0007344316        0.0026987201        0.0032110285
        0.0000773065        0.0002343358       -0.0006520925
       -0.0071335699        0.0151433540        0.0348450785
       -0.0004282058       -0.0040588577        0.0002528854
        0.0040094773       -0.0064455216       -0.0129587404
        0.0047518933       -0.1743432140        0.0226732605
        0.0003576393        0.0153832101        0.0120975956
        0.0286979449        0.6025204104        0.0685689130
        0.0049465699       -0.0269150139        0.0105507620
        0.0087766190       -0.0252168002       -0.0335105730
        0.0092608542       -0.1038935431       -0.0272348319
        0.0680941820       -0.0782368748       -0.0006124418
        0.0006928446       -0.0023535049       -0.0013075528
       -0.1174503127       -0.2094409854       -0.0687249112
        0.0011325854       -0.0028681707       -0.0023315515
        0.0001910733        0.0014178702       -0.0000089061
       -0.0002318562       -0.0002368648       -0.0000472863
       -0.0023841486       -0.0063361033        0.0007038895
       -0.0068382260        0.0105183876        0.0191808473
       -0.0023378961        0.0396730641       -0.1072907382
       -0.0064493627        0.0377749546       -0.0385977354
        0.0186751637        0.0685689130        0.5000311166
        0.0019905259       -0.0105507614        0.0046774922
        0.0006618345       -0.0155572677       -0.0069402660
        0.0257429847       -0.0360637016       -0.1813363710
        0.0044869448       -0.0014209673       -0.0542470715
        0.0006284695       -0.0011872668       -0.0006922003
       -0.0507397077       -0.0683418943       -0.0925470032
       -0.0003935821       -0.0011379486       -0.0016492559
        0.0000641545        0.0009022219       -0.0000179096
        0.0003953360       -0.0024147608       -0.0031139417
       -0.0001730389        0.0011538682        0.0005765060
        0.0074477862       -0.0113969278       -0.0188591043
       -0.1033650136        0.0043022040        0.0018037461
        0.0211667913        0.0000243041        0.0032055772
        0.0313560678        0.0049465699        0.0019905259
        0.5816890461        0.0286979459       -0.0186751638
       -0.1037167909        0.0068003745       -0.0284637094
        0.0061822458       -0.0048150958        0.0111463182
       -0.0004421868       -0.0058899419        0.0032555109
       -0.2889717726        0.0752471412        0.0017764025
       -0.0007344305        0.0026987206       -0.0032110301
       -0.1396888585       -0.1168836529        0.0486567751
       -0.0071335712        0.0151433522       -0.0348450782
        0.0000773048        0.0002343343        0.0006520923
        0.0040094768       -0.0064455217        0.0129587410
       -0.0004282063       -0.0040588575       -0.0002528855
        0.0047518932       -0.1743432135       -0.0226732616
        0.0003576401        0.0153832101       -0.0120975949
        0.0049465696       -0.0269150139       -0.0105507614
        0.0286979459        0.6025204097       -0.0685689127
        0.0092608542       -0.1038935434        0.0272348316
        0.0087766197       -0.0252167998        0.0335105728
        0.0006928450       -0.0023535042        0.0013075530
        0.0680941823       -0.0782368746        0.0006124413
        0.0011325851       -0.0028681706        0.0023315525
       -0.1174503131       -0.2094409851        0.0687249108
       -0.0002318556       -0.0002368639        0.0000472858
        0.0001910741        0.0014178708        0.0000089064
       -0.0068382255        0.0105183877       -0.0191808477
       -0.0023841482       -0.0063361036       -0.0007038893
        0.0023378961       -0.0396730650       -0.1072907386
        0.0064493619       -0.0377749546       -0.0385977350
       -0.0019905271        0.0105507620        0.0046774922
       -0.0186751638       -0.0685689127        0.5000311162
       -0.0257429853        0.0360637016       -0.1813363711
       -0.0006618349        0.0155572674       -0.0069402659
       -0.0006284700        0.0011872666       -0.0006922008
       -0.0044869455        0.0014209668       -0.0542470711
        0.0003935825        0.0011379483       -0.0016492566
        0.0507397079        0.0683418941       -0.0925470022
       -0.0003953370        0.0024147600       -0.0031139412
       -0.0000641556       -0.0009022228       -0.0000179102
       -0.0074477868        0.0113969279       -0.0188591036
        0.0001730383       -0.0011538682        0.0005765053
        0.0035329759       -0.0030400314        0.0032707218
        0.0005541978        0.0024560722        0.0030881513
        0.0061822469        0.0087766190        0.0006618345
       -0.1037167909        0.0092608542       -0.0257429853
        0.6231643412       -0.0264269424       -0.0202954874
       -0.1065327827       -0.0302143625       -0.0009169176
       -0.0000565208        0.0007961071       -0.0001306553
       -0.0080689608        0.0078179179       -0.0363183384
       -0.0002560539        0.0008431415        0.0027572195
        0.0065504478       -0.0030381238        0.0202281107
       -0.3074116413       -0.0042836815       -0.0248560680
       -0.0114236865       -0.0378439766       -0.0034026647
       -0.1075177851        0.0587587785        0.0795270822
        0.0049993596        0.0161354277        0.0021277675
       -0.0107307514        0.0152601934       -0.0173187729
        0.0030780241       -0.0085431447       -0.0078316067
       -0.0048150959       -0.0252168002       -0.0155572677
        0.0068003745       -0.1038935434        0.0360637016
       -0.0264269424        0.5148198111        0.0863693851
       -0.0302143621       -0.1764997969       -0.0052140492
       -0.0002440042        0.0001846545        0.0010970998
        0.0012631200       -0.0019211946        0.0097891105
        0.0015125823       -0.0007832420       -0.0013211477
        0.0100438351       -0.0037153831        0.0234067640
       -0.0050460521       -0.0597891947       -0.0042030844
       -0.0001819598       -0.0006016549       -0.0011120194
        0.0617598624       -0.1350861704       -0.1022942515
       -0.0067977770       -0.0142208089       -0.0018716281
       -0.0075429385       -0.0031161655       -0.0414822775
        0.0006903435       -0.0031366436        0.0008022314
       -0.0111463182       -0.0335105730       -0.0069402660
       -0.0284637094        0.0272348316       -0.1813363711
       -0.0202954874        0.0863693851        0.5895225179
        0.0009169176        0.0052140491       -0.0878228228
       -0.0002697764        0.0001801479        0.0005991716
       -0.0003724531       -0.0007106582       -0.0004464845
        0.0020153006       -0.0000978335       -0.0067047646
       -0.0025569822       -0.0000103415       -0.0044035170
       -0.0270476744       -0.0044443441       -0.0650884633
        0.0002540755        0.0030437856       -0.0000479998
        0.0832052380       -0.1030125998       -0.2000111911
        0.0106148357        0.0259949063        0.0033553928
        0.0035329759       -0.0030400319       -0.0032707204
        0.0005541971        0.0024560721       -0.0030881522
       -0.1037167905        0.0092608542        0.0257429847
        0.0061822458        0.0087766197       -0.0006618349
       -0.1065327827       -0.0302143621        0.0009169176
        0.6231643404       -0.0264269425        0.0202954876
       -0.0080689612        0.0078179173        0.0363183383
       -0.0000565209        0.0007961069        0.0001306558
        0.0065504481       -0.0030381236       -0.0202281117
       -0.0002560534        0.0008431413       -0.0027572191
       -0.0114236872       -0.0378439774        0.0034026651
       -0.3074116421       -0.0042836820        0.0248560678
        0.0049993593        0.0161354274       -0.0021277670
       -0.1075177854        0.0587587786       -0.0795270822
       -0.0107307513        0.0152601928        0.0173187731
        0.0030780234       -0.0085431447        0.0078316067
        0.0068003736       -0.1038935431       -0.0360637016
       -0.0048150958       -0.0252167998        0.0155572674
       -0.0302143625       -0.1764997969        0.0052140491
       -0.0264269425        0.5148198109       -0.0863693850
        0.0012631196       -0.0019211946       -0.0097891109
       -0.0002440048        0.0001846541       -0.0010970996
        0.0100438353       -0.0037153833       -0.0234067644
        0.0015125823       -0.0007832422        0.0013211484
       -0.0001819605       -0.0006016554        0.0011120198
       -0.0050460528       -0.0597891953        0.0042030839
       -0.0067977775       -0.0142208089        0.0018716287
        0.0617598619       -0.1350861704        0.1022942511
        0.0075429386        0.0031161658       -0.0414822774
       -0.0006903432        0.0031366436        0.0008022313
        0.0284637095       -0.0272348319       -0.1813363710
        0.0111463182        0.0335105728       -0.0069402659
       -0.0009169176       -0.0052140492       -0.0878228228
        0.0202954876       -0.0863693850        0.5895225179
        0.0003724531        0.0007106583       -0.0004464845
        0.0002697764       -0.0001801477        0.0005991716
        0.0025569820        0.0000103414       -0.0044035168
       -0.0020153008        0.0000978335       -0.0067047649
       -0.0002540752       -0.0030437854       -0.0000480000
        0.0270476746        0.0044443443       -0.0650884631
       -0.0106148357       -0.0259949062        0.0033553928
       -0.0832052380        0.1030125999       -0.2000111910
       -0.0041834676        0.0013857720        0.0003153169
        0.0015267326        0.0002675449       -0.0004729323
       -0.2889717722        0.0680941820        0.0044869448
       -0.0004421868        0.0006928450       -0.0006284700
       -0.0000565208       -0.0002440042       -0.0002697764
       -0.0080689612        0.0012631196        0.0003724531
        0.3157382251       -0.0782195344       -0.0057505407
       -0.0000359211        0.0000302627        0.0000600334
       -0.0187708594        0.0058259639       -0.0002578458
       -0.0000157767        0.0001946827        0.0000012192
        0.0004760480        0.0003214239       -0.0000342524
        0.0012820663        0.0006600681        0.0018081435
        0.0003069659        0.0002081445        0.0000377995
        0.0012137767       -0.0004796873        0.0003312108
        0.0316156360       -0.0069065803       -0.0031282047
       -0.0035667699        0.0003424388        0.0015116540
        0.0752471418       -0.0782368748       -0.0014209673
       -0.0058899419       -0.0023535042        0.0011872666
        0.0007961071        0.0001846545        0.0001801479
        0.0078179173       -0.0019211946        0.0007106583
       -0.0782195344        0.0776534704        0.0022963388
        0.0000302627        0.0011488528        0.0005780021
       -0.0270931871        0.0104686491        0.0002466752
        0.0002603401       -0.0010902127       -0.0008176872
       -0.0002934086       -0.0002966541       -0.0003342715
        0.0001868463        0.0002670558       -0.0010572039
       -0.0002775305        0.0001124765       -0.0001007075
       -0.0006102734        0.0006291561        0.0001481847
       -0.0254435867        0.0035570289        0.0013001891
        0.0040558750        0.0008367424       -0.0020398348
       -0.0017764014       -0.0006124418       -0.0542470715
        0.0032555109        0.0013075530       -0.0006922008
       -0.0001306553        0.0010970998        0.0005991716
        0.0363183383       -0.0097891109       -0.0004464845
       -0.0057505407        0.0022963388        0.0588048913
       -0.0000600331       -0.0005780017       -0.0006092546
       -0.0107989208        0.0039485216        0.0005662451
       -0.0000685884        0.0005347404        0.0006224666
       -0.0004902906       -0.0004316546        0.0001150675
        0.0016384720       -0.0036364399       -0.0063946985
       -0.0003900646        0.0000974628        0.0000735187
       -0.0003590756        0.0013717035        0.0023484543
       -0.0041834676        0.0013857722       -0.0003153156
        0.0015267328        0.0002675449        0.0004729316
       -0.0004421862        0.0006928446        0.0006284695
       -0.2889717726        0.0680941823       -0.0044869455
       -0.0080689608        0.0012631200       -0.0003724531
       -0.0000565209       -0.0002440048        0.0002697764
       -0.0000359211        0.0000302627       -0.0000600331
        0.3157382252       -0.0782195342        0.0057505406
       -0.0000157768        0.0001946828       -0.0000012191
       -0.0187708595        0.0058259637        0.0002578454
        0.0012820667        0.0006600683       -0.0018081434
        0.0004760481        0.0003214243        0.0000342525
        0.0012137767       -0.0004796875       -0.0003312107
        0.0003069661        0.0002081446       -0.0000377992
        0.0316156360       -0.0069065800        0.0031282055
       -0.0035667694        0.0003424388       -0.0015116545
       -0.0058899412       -0.0023535049       -0.0011872668
        0.0752471412       -0.0782368746        0.0014209668
        0.0078179179       -0.0019211946       -0.0007106582
        0.0007961069        0.0001846541       -0.0001801477
        0.0000302627        0.0011488528       -0.0005780017
       -0.0782195342        0.0776534708       -0.0022963388
        0.0002603398       -0.0010902127        0.0008176874
       -0.0270931873        0.0104686488       -0.0002466759
        0.0001868467        0.0002670561        0.0010572039
       -0.0002934083       -0.0002966535        0.0003342717
       -0.0006102734        0.0006291558       -0.0001481846
       -0.0002775304        0.0001124767        0.0001007077
        0.0254435868       -0.0035570285        0.0013001878
       -0.0040558747       -0.0008367424       -0.0020398339
       -0.0032555116       -0.0013075528       -0.0006922003
        0.0017764025        0.0006124413       -0.0542470711
       -0.0363183384        0.0097891105       -0.0004464845
        0.0001306558       -0.0010970996        0.0005991716
        0.0000600334        0.0005780021       -0.0006092546
        0.0057505406       -0.0022963388        0.0588048908
        0.0000685882       -0.0005347406        0.0006224673
        0.0107989205       -0.0039485215        0.0005662450
       -0.0016384718        0.0036364405       -0.0063946988
        0.0004902911        0.0004316549        0.0001150676
        0.0003590758       -0.0013717033        0.0023484540
        0.0003900647       -0.0000974630        0.0000735187
        0.0020794424        0.0059864227       -0.0003755413
        0.0002161342       -0.0003284270        0.0019355490
       -0.1396888596       -0.1174503127       -0.0507397077
       -0.0007344305        0.0011325851        0.0003935825
       -0.0002560539        0.0015125823        0.0020153006
        0.0065504481        0.0100438353        0.0025569820
       -0.0187708594       -0.0270931871       -0.0107989208
       -0.0000157768        0.0002603398        0.0000685882
        0.1485457548        0.1251303387        0.0555015168
       -0.0000482820        0.0000928241       -0.0000318918
        0.0003699329        0.0003601111        0.0001276356
        0.0012697839        0.0000147089       -0.0007612219
        0.0004102424        0.0006307982        0.0001437743
        0.0000756165       -0.0002957993       -0.0000360000
       -0.0177103571       -0.0213972546       -0.0142120193
        0.0026120889        0.0041315022        0.0008355004
       -0.1168836531       -0.2094409854       -0.0683418943
        0.0026987206       -0.0028681706        0.0011379483
        0.0008431415       -0.0007832420       -0.0000978335
       -0.0030381236       -0.0037153833        0.0000103414
        0.0058259639        0.0104686491        0.0039485216
        0.0001946828       -0.0010902127       -0.0005347406
        0.1251303387        0.2253659149        0.0777601088
        0.0000928240       -0.0005682691       -0.0000825684
       -0.0001939844        0.0000452548       -0.0000281186
        0.0005200133        0.0003191970       -0.0000089684
       -0.0003104496       -0.0002933557       -0.0000088348
        0.0002180991       -0.0001702445       -0.0003774687
        0.0166380791        0.0150183322        0.0106408299
       -0.0021490700       -0.0019327335       -0.0003290139
       -0.0486567737       -0.0687249112       -0.0925470032
       -0.0032110301        0.0023315525       -0.0016492566
        0.0027572195       -0.0013211477       -0.0067047646
       -0.0202281117       -0.0234067644       -0.0044035168
       -0.0002578458        0.0002466752        0.0005662451
       -0.0000012191        0.0008176874        0.0006224673
        0.0555015168        0.0777601088        0.0920519064
        0.0000318924        0.0000825684        0.0000986904
       -0.0001062581        0.0001752126        0.0000481781
        0.0003690362        0.0009491961        0.0023635575
       -0.0005191774       -0.0020265723        0.0002690812
       -0.0001682667        0.0000285148       -0.0010252218
        0.0020794423        0.0059864228        0.0003755406
        0.0002161344       -0.0003284270       -0.0019355485
       -0.0007344316        0.0011325854       -0.0003935821
       -0.1396888585       -0.1174503131        0.0507397079
        0.0065504478        0.0100438351       -0.0025569822
       -0.0002560534        0.0015125823       -0.0020153008
       -0.0000157767        0.0002603401       -0.0000685884
       -0.0187708595       -0.0270931873        0.0107989205
       -0.0000482820        0.0000928240        0.0000318924
        0.1485457545        0.1251303387       -0.0555015165
        0.0012697839        0.0000147092        0.0007612219
        0.0003699330        0.0003601111       -0.0001276356
        0.0000756165       -0.0002957989        0.0000360000
        0.0004102424        0.0006307979       -0.0001437744
       -0.0177103571       -0.0213972548        0.0142120195
        0.0026120887        0.0041315023       -0.0008355005
        0.0026987201       -0.0028681707       -0.0011379486
       -0.1168836529       -0.2094409851        0.0683418941
       -0.0030381238       -0.0037153831       -0.0000103415
        0.0008431413       -0.0007832422        0.0000978335
        0.0001946827       -0.0010902127        0.0005347404
        0.0058259637        0.0104686488       -0.0039485215
        0.0000928241       -0.0005682691        0.0000825684
        0.1251303387        0.2253659148       -0.0777601084
        0.0005200131        0.0003191967        0.0000089685
       -0.0001939847        0.0000452545        0.0000281186
        0.0002180989       -0.0001702444        0.0003774688
       -0.0003104497       -0.0002933558        0.0000088347
       -0.0166380791       -0.0150183327        0.0106408280
        0.0021490694        0.0019327335       -0.0003290127
        0.0032110285       -0.0023315515       -0.0016492559
        0.0486567751        0.0687249108       -0.0925470022
        0.0202281107        0.0234067640       -0.0044035170
       -0.0027572191        0.0013211484       -0.0067047649
        0.0000012192       -0.0008176872        0.0006224666
        0.0002578454       -0.0002466759        0.0005662450
       -0.0000318918       -0.0000825684        0.0000986904
       -0.0555015165       -0.0777601084        0.0920519075
       -0.0003690369       -0.0009491963        0.0023635574
        0.0001062578       -0.0001752134        0.0000481778
        0.0001682667       -0.0000285144       -0.0010252219
        0.0005191772        0.0020265718        0.0002690809
       -0.0005898096        0.0008700568       -0.0000052442
        0.0002100824       -0.0004342641       -0.0007181759
        0.0000773065        0.0001910733        0.0000641545
       -0.0071335712       -0.0002318556       -0.0003953370
       -0.3074116413       -0.0050460521       -0.0270476744
       -0.0114236872       -0.0001819605       -0.0002540752
        0.0004760480       -0.0002934086       -0.0004902906
        0.0012820667        0.0001868467       -0.0016384718
        0.0003699329       -0.0001939844       -0.0001062581
        0.0012697839        0.0005200131       -0.0003690369
        0.3351570967        0.0073491312        0.0311522374
        0.0011174384       -0.0025075808       -0.0000547031
       -0.0144923032        0.0001417647       -0.0007135439
        0.0010891893       -0.0003689111        0.0005770026
        0.0001741568       -0.0009043131       -0.0001812908
       -0.0001947079        0.0004201301        0.0002641073
        0.0002343358        0.0014178702        0.0009022219
        0.0151433522       -0.0002368639        0.0024147600
       -0.0042836815       -0.0597891947       -0.0044443441
       -0.0378439774       -0.0006016554       -0.0030437854
        0.0003214239       -0.0002966541       -0.0004316546
        0.0006600683        0.0002670561        0.0036364405
        0.0003601111        0.0000452548        0.0001752126
        0.0000147092        0.0003191967       -0.0009491963
        0.0073491312        0.0630538377       -0.0008424806
       -0.0025075814       -0.0071852412       -0.0009746786
        0.0198304258        0.0012522380        0.0029641055
        0.0007419539        0.0022384310        0.0005106074
       -0.0008751479        0.0013460615        0.0007079221
        0.0005242223       -0.0004957217       -0.0004004713
       -0.0006520925       -0.0000089061       -0.0000179096
       -0.0348450782        0.0000472858       -0.0031139412
       -0.0248560680       -0.0042030844       -0.0650884633
        0.0034026651        0.0011120198       -0.0000480000
       -0.0000342524       -0.0003342715        0.0001150675
       -0.0018081434        0.0010572039       -0.0063946988
        0.0001276356       -0.0000281186        0.0000481781
        0.0007612219        0.0000089685        0.0023635574
        0.0311522374       -0.0008424806        0.0663940512
        0.0000547034        0.0009746787        0.0008111477
        0.0267113688        0.0016467356        0.0043022426
        0.0003357855       -0.0002799935        0.0003218702
       -0.0005898096        0.0008700566        0.0000052473
        0.0002100822       -0.0004342641        0.0007181739
       -0.0071335699       -0.0002318562        0.0003953360
        0.0000773048        0.0001910741       -0.0000641556
       -0.0114236865       -0.0001819598        0.0002540755
       -0.3074116421       -0.0050460528        0.0270476746
        0.0012820663        0.0001868463        0.0016384720
        0.0004760481       -0.0002934083        0.0004902911
        0.0012697839        0.0005200133        0.0003690362
        0.0003699330       -0.0001939847        0.0001062578
        0.0011174384       -0.0025075814        0.0000547034
        0.3351570964        0.0073491313       -0.0311522373
        0.0010891890       -0.0003689115       -0.0005770023
       -0.0144923033        0.0001417652        0.0007135439
        0.0001741568       -0.0009043129        0.0001812929
       -0.0001947076        0.0004201301       -0.0002641087
        0.0151433540       -0.0002368648       -0.0024147608
        0.0002343343        0.0014178708       -0.0009022228
       -0.0378439766       -0.0006016549        0.0030437856
       -0.0042836820       -0.0597891953        0.0044443443
        0.0006600681        0.0002670558       -0.0036364399
        0.0003214243       -0.0002966535        0.0004316549
        0.0000147089        0.0003191970        0.0009491961
        0.0003601111        0.0000452545       -0.0001752134
       -0.0025075808       -0.0071852412        0.0009746787
        0.0073491313        0.0630538383        0.0008424809
        0.0007419539        0.0022384305       -0.0005106073
        0.0198304260        0.0012522384       -0.0029641052
        0.0008751479       -0.0013460614        0.0007079231
       -0.0005242221        0.0004957217       -0.0004004719
        0.0348450785       -0.0000472863       -0.0031139417
        0.0006520923        0.0000089064       -0.0000179102
       -0.0034026647       -0.0011120194       -0.0000479998
        0.0248560678        0.0042030839       -0.0650884631
        0.0018081435       -0.0010572039       -0.0063946985
        0.0000342525        0.0003342717        0.0001150676
       -0.0007612219       -0.0000089684        0.0023635575
       -0.0001276356        0.0000281186        0.0000481778
       -0.0000547031       -0.0009746786        0.0008111477
       -0.0311522373        0.0008424809        0.0663940513
       -0.0003357854        0.0002799934        0.0003218702
       -0.0267113686       -0.0016467355        0.0043022428
       -0.0003175718        0.0001063446       -0.0028299154
        0.0001277270       -0.0005918528       -0.0008225355
       -0.0004282058       -0.0023841486       -0.0001730389
        0.0040094768       -0.0068382255       -0.0074477868
       -0.1075177851        0.0617598624        0.0832052380
        0.0049993593       -0.0067977775       -0.0106148357
        0.0003069659       -0.0002775305       -0.0003900646
        0.0012137767       -0.0006102734        0.0003590758
        0.0004102424       -0.0003104496       -0.0005191774
        0.0000756165        0.0002180989        0.0001682667
       -0.0144923032        0.0198304258        0.0267113688
        0.0010891890        0.0007419539       -0.0003357854
        0.1105213628       -0.0652315317       -0.0876001820
        0.0000049453        0.0003860577        0.0002913590
        0.0009001606       -0.0039112464        0.0020991746
       -0.0002812920        0.0018892335        0.0010794597
       -0.0040588577       -0.0063361033        0.0011538682
       -0.0064455217        0.0105183877        0.0113969279
        0.0587587785       -0.1350861704       -0.1030125998
        0.0161354274       -0.0142208089       -0.0259949062
        0.0002081445        0.0001124765        0.0000974628
       -0.0004796875        0.0006291558       -0.0013717033
        0.0006307982       -0.0002933557       -0.0020265723
       -0.0002957989       -0.0001702444       -0.0000285144
        0.0001417647        0.0012522380        0.0016467356
       -0.0003689115        0.0022384305        0.0002799934
       -0.0652315317        0.1435078650        0.1141018865
        0.0003860575       -0.0001259357        0.0005763707
       -0.0018027597        0.0054183118       -0.0039404137
        0.0004873908       -0.0026176586       -0.0024847435
        0.0002528854        0.0007038895        0.0005765060
        0.0129587410       -0.0191808477       -0.0188591036
        0.0795270822       -0.1022942515       -0.2000111911
       -0.0021277670        0.0018716287        0.0033553928
        0.0000377995       -0.0001007075        0.0000735187
       -0.0003312107       -0.0001481846        0.0023484540
        0.0001437743       -0.0000088348        0.0002690812
        0.0000360000        0.0003774688       -0.0010252219
       -0.0007135439        0.0029641055        0.0043022426
       -0.0005770023       -0.0005106073        0.0003218702
       -0.0876001820        0.1141018865        0.2150608376
       -0.0002913589       -0.0005763709        0.0000168689
       -0.0003175718        0.0001063447        0.0028299168
        0.0001277270       -0.0005918528        0.0008225347
        0.0040094773       -0.0068382260        0.0074477862
       -0.0004282063       -0.0023841482        0.0001730383
        0.0049993596       -0.0067977770        0.0106148357
       -0.1075177854        0.0617598619       -0.0832052380
        0.0012137767       -0.0006102734       -0.0003590756
        0.0003069661       -0.0002775304        0.0003900647
        0.0000756165        0.0002180991       -0.0001682667
        0.0004102424       -0.0003104497        0.0005191772
        0.0010891893        0.0007419539        0.0003357855
       -0.0144923033        0.0198304260       -0.0267113686
        0.0000049453        0.0003860575       -0.0002913589
        0.1105213630       -0.0652315315        0.0876001822
        0.0009001606       -0.0039112459       -0.0020991748
       -0.0002812915        0.0018892334       -0.0010794595
       -0.0064455216        0.0105183876       -0.0113969278
       -0.0040588575       -0.0063361036       -0.0011538682
        0.0161354277       -0.0142208089        0.0259949063
        0.0587587786       -0.1350861704        0.1030125999
       -0.0004796873        0.0006291561        0.0013717035
        0.0002081446        0.0001124767       -0.0000974630
       -0.0002957993       -0.0001702445        0.0000285148
        0.0006307979       -0.0002933558        0.0020265718
       -0.0003689111        0.0022384310       -0.0002799935
        0.0001417652        0.0012522384       -0.0016467355
        0.0003860577       -0.0001259357       -0.0005763709
       -0.0652315315        0.1435078650       -0.1141018864
        0.0018027597       -0.0054183114       -0.0039404122
       -0.0004873906        0.0026176586       -0.0024847445
       -0.0129587404        0.0191808473       -0.0188591043
       -0.0002528855       -0.0007038893        0.0005765053
        0.0021277675       -0.0018716281        0.0033553928
       -0.0795270822        0.1022942511       -0.2000111910
        0.0003312108        0.0001481847        0.0023484543
       -0.0000377992        0.0001007077        0.0000735187
       -0.0000360000       -0.0003774687       -0.0010252218
       -0.0001437744        0.0000088347        0.0002690809
        0.0005770026        0.0005106074        0.0003218702
        0.0007135439       -0.0029641052        0.0043022428
        0.0002913590        0.0005763707        0.0000168689
        0.0876001822       -0.1141018864        0.2150608380
