   12   36
        0.8951661698       -0.0000315698        0.0002540601
       -0.5986840448       -0.0000210099        0.0002618201
       -0.1374531348       -0.0000046049        0.1422237051
       -0.0112581199       -0.0000002549        0.0037515451
       -0.1362009249       -0.0000045451       -0.1415204397
       -0.0114872749       -0.0000002450       -0.0041592649
       -0.0002033948        0.0003206002       -0.0002543298
       -0.0002034000       -0.0003206199       -0.0002543298
        0.0002639402        0.0001730852       -0.0000910900
        0.0002639402       -0.0001730949       -0.0000910950
       -0.0001017649        0.0000268950       -0.0000465299
       -0.0001017750       -0.0000268849       -0.0000465249
       -0.0000315698        0.0890235401       -0.0000263951
       -0.0000210099       -0.0367841052        0.0000012849
       -0.0000039500       -0.0310013300       -0.0000121651
       -0.0000001600        0.0047255600        0.0000001249
       -0.0000039050       -0.0304788801       -0.0000122900
       -0.0000001600        0.0045469898        0.0000001499
       -0.0002577602       -0.0002034000        0.0003455800
        0.0002577200       -0.0002034000       -0.0003456149
        0.0002485351        0.0000582851       -0.0002035152
       -0.0002485700        0.0000582851        0.0002035199
       -0.0000656750        0.0001298248       -0.0000827549
        0.0000656648        0.0001298199        0.0000827700
        0.0002540601       -0.0000263951        0.6802086600
       -0.0003127249        0.0000012800       -0.1054843300
        0.1364509352       -0.0000135850       -0.2896637001
       -0.0306205149       -0.0000003850        0.0032552551
       -0.1363067601       -0.0000136600       -0.2905349749
        0.0307685299       -0.0000003851        0.0029822951
        0.0003455800       -0.0002543300        0.0000421400
        0.0003455800        0.0002543200        0.0000421350
       -0.0004015499       -0.0000841499       -0.0004222051
       -0.0004015499        0.0000841601       -0.0004222051
       -0.0000470050        0.0000228449       -0.0000012000
       -0.0000470101       -0.0000228350       -0.0000011950
       -0.5986840448       -0.0000210099       -0.0003127249
        0.8951661698       -0.0000315698       -0.0002237049
       -0.0112581249       -0.0000002549       -0.0037527099
       -0.1374531249       -0.0000046049       -0.1421846599
       -0.0114872799       -0.0000002501        0.0041581352
       -0.1362009299       -0.0000045451        0.1415592052
       -0.0002033948       -0.0003206199        0.0002543202
       -0.0002033948        0.0003206053        0.0002543202
        0.0002639452       -0.0001730899        0.0000910850
        0.0002639402        0.0001730902        0.0000910801
       -0.0001017600       -0.0000268849        0.0000465351
       -0.0001017700        0.0000269000        0.0000465401
       -0.0000210099       -0.0367841052        0.0000012800
       -0.0000315698        0.0890235401       -0.0000264001
       -0.0000001650        0.0047255600        0.0000001299
       -0.0000039451       -0.0310013300       -0.0000121700
       -0.0000001651        0.0045469947        0.0000001499
       -0.0000039100       -0.0304788801       -0.0000122900
        0.0002577200       -0.0002034000        0.0003455800
       -0.0002577602       -0.0002034000       -0.0003456149
       -0.0002485650        0.0000582901       -0.0002035051
        0.0002485351        0.0000582851        0.0002035199
        0.0000656749        0.0001298248       -0.0000827549
       -0.0000656802        0.0001298199        0.0000827650
        0.0002618201        0.0000012849       -0.1054843300
       -0.0002237049       -0.0000264001        0.6802086600
        0.0306205801       -0.0000003850        0.0032552600
       -0.1364128948       -0.0000135850       -0.2896637150
       -0.0307684550       -0.0000003851        0.0029822951
        0.1363444200       -0.0000136600       -0.2905349749
       -0.0003456050       -0.0002543250        0.0000421400
       -0.0003456100        0.0002543200        0.0000421350
        0.0004015202       -0.0000841499       -0.0004222100
        0.0004015202        0.0000841551       -0.0004222150
        0.0000470050        0.0000228400       -0.0000012000
        0.0000469998       -0.0000228350       -0.0000011950
       -0.1374531348       -0.0000039500        0.1364509352
       -0.0112581249       -0.0000001650        0.0306205801
        0.1431318299       -0.0000038449       -0.1516549899
        0.0016696050       -0.0000000099       -0.0000187599
        0.0096665350       -0.0000000452       -0.0147292648
       -0.0055205449       -0.0000000601       -0.0005651650
        0.0000582851        0.0001730851       -0.0000841499
        0.0000582851       -0.0001730949       -0.0000841499
       -0.0002506248       -0.0004072349       -0.0001567651
       -0.0002506248        0.0004072402       -0.0001567700
        0.0000742752       -0.0000521950        0.0002090552
        0.0000742700        0.0000521949        0.0002090601
       -0.0000046049       -0.0310013300       -0.0000135850
       -0.0000002549        0.0047255600       -0.0000003850
       -0.0000038449        0.0195384200       -0.0000126749
       -0.0000000050       -0.0084240450       -0.0000000151
       -0.0000000450        0.0025355098       -0.0000002150
       -0.0000000550        0.0129273698       -0.0000000300
        0.0002485400        0.0002639351       -0.0004015550
       -0.0002485650        0.0002639401        0.0004015251
       -0.0004785198       -0.0002506249       -0.0001135500
        0.0004785102       -0.0002506249        0.0001135599
        0.0000391699       -0.0001638251        0.0001112851
       -0.0000391852       -0.0001638202       -0.0001112750
        0.1422237051       -0.0000121651       -0.2896637001
       -0.0037527099        0.0000001299        0.0032552600
       -0.1516549899       -0.0000126749        0.2999704500
        0.0000188051       -0.0000000050        0.0011246649
        0.0145926050       -0.0000002002       -0.0152362699
       -0.0006899501       -0.0000000301        0.0017483801
       -0.0002035050       -0.0000910900       -0.0004222049
       -0.0002035050        0.0000910850       -0.0004222049
       -0.0001135449       -0.0001567651       -0.0001860251
       -0.0001135449        0.0001567851       -0.0001860300
       -0.0000326750        0.0000105500        0.0000090500
       -0.0000326752       -0.0000105301        0.0000090550
       -0.0112581199       -0.0000001600       -0.0306205149
       -0.1374531249       -0.0000039451       -0.1364128948
        0.0016696050       -0.0000000050        0.0000188051
        0.1431318199       -0.0000038399        0.1516935551
       -0.0055205399       -0.0000000551        0.0005650851
        0.0096665400       -0.0000000402        0.0147284501
        0.0000582951       -0.0001730849        0.0000841601
        0.0000582951        0.0001730851        0.0000841651
       -0.0002506198        0.0004072452        0.0001567949
       -0.0002506198       -0.0004072299        0.0001567849
        0.0000742801        0.0000522050       -0.0002090648
        0.0000742750       -0.0000521901       -0.0002090599
       -0.0000002549        0.0047255600       -0.0000003850
       -0.0000046049       -0.0310013300       -0.0000135850
       -0.0000000099       -0.0084240450       -0.0000000050
       -0.0000038399        0.0195384200       -0.0000126799
       -0.0000000550        0.0129273748       -0.0000000300
       -0.0000000450        0.0025355098       -0.0000002049
       -0.0002485650        0.0002639401       -0.0004015500
        0.0002485400        0.0002639401        0.0004015251
        0.0004785151       -0.0002506249       -0.0001135500
       -0.0004785248       -0.0002506199        0.0001135550
       -0.0000391800       -0.0001638251        0.0001112801
        0.0000391650       -0.0001638251       -0.0001112750
        0.0037515451        0.0000001249        0.0032552551
       -0.1421846599       -0.0000121700       -0.2896637150
       -0.0000187599       -0.0000000151        0.0011246649
        0.1516935551       -0.0000126799        0.2999704600
        0.0006898649       -0.0000000351        0.0017483751
       -0.0145934450       -0.0000002052       -0.0152362800
        0.0002035200       -0.0000911000       -0.0004222099
        0.0002035250        0.0000910801       -0.0004222099
        0.0001135601       -0.0001567700       -0.0001860300
        0.0001135651        0.0001567851       -0.0001860350
        0.0000326749        0.0000105450        0.0000090401
        0.0000326698       -0.0000105351        0.0000090550
       -0.1362009249       -0.0000039050       -0.1363067601
       -0.0114872799       -0.0000001651       -0.0307684550
        0.0096665350       -0.0000000450        0.0145926050
       -0.0055205399       -0.0000000550        0.0006898649
        0.1419905200       -0.0000037902        0.1516319200
        0.0015767600       -0.0000000051        0.0000667751
        0.0001298250        0.0000268899        0.0000228400
        0.0001298250       -0.0000268851        0.0000228400
       -0.0001638199       -0.0000521899        0.0000105499
       -0.0001638199        0.0000522050        0.0000105449
        0.0000215250       -0.0000099202        0.0000315499
        0.0000215199        0.0000099449        0.0000315549
       -0.0000045451       -0.0304788801       -0.0000136600
       -0.0000002501        0.0045469947       -0.0000003851
       -0.0000000452        0.0025355098       -0.0000002002
       -0.0000000551        0.0129273748       -0.0000000351
       -0.0000037902        0.0187526803       -0.0000127551
       -0.0000000051       -0.0082712302       -0.0000000050
       -0.0000656701       -0.0001017700       -0.0000470051
        0.0000656749       -0.0001017700        0.0000470099
        0.0000391699        0.0000742750       -0.0000326753
       -0.0000391800        0.0000742750        0.0000326698
       -0.0000249651        0.0000215198       -0.0000292000
        0.0000249497        0.0000215198        0.0000291899
       -0.1415204397       -0.0000122900       -0.2905349749
        0.0041581352        0.0000001499        0.0029822951
       -0.0147292648       -0.0000002150       -0.0152362699
        0.0005650851       -0.0000000300        0.0017483751
        0.1516319200       -0.0000127551        0.2997814198
       -0.0000667349       -0.0000000101        0.0014190651
       -0.0000827448       -0.0000465299       -0.0000011897
       -0.0000827448        0.0000465351       -0.0000011897
        0.0001112802        0.0002090653        0.0000090550
        0.0001112802       -0.0002090698        0.0000090500
       -0.0000291899        0.0000315501       -0.0000876049
       -0.0000291951       -0.0000315349       -0.0000876000
       -0.0114872749       -0.0000001600        0.0307685299
       -0.1362009299       -0.0000039100        0.1363444200
       -0.0055205449       -0.0000000550       -0.0006899501
        0.0096665400       -0.0000000450       -0.0145934450
        0.0015767600       -0.0000000051       -0.0000667349
        0.1419905200       -0.0000037902       -0.1515937099
        0.0001298299       -0.0000268800       -0.0000228299
        0.0001298250        0.0000268899       -0.0000228299
       -0.0001638199        0.0000522050       -0.0000105301
       -0.0001638199       -0.0000521899       -0.0000105351
        0.0000215250        0.0000099449       -0.0000315350
        0.0000215199       -0.0000099202       -0.0000315300
       -0.0000002450        0.0045469898       -0.0000003851
       -0.0000045451       -0.0304788801       -0.0000136600
       -0.0000000601        0.0129273698       -0.0000000301
       -0.0000000402        0.0025355098       -0.0000002052
       -0.0000000051       -0.0082712302       -0.0000000101
       -0.0000037902        0.0187526803       -0.0000127551
        0.0000656699       -0.0001017651       -0.0000470101
       -0.0000656701       -0.0001017601        0.0000470099
       -0.0000391800        0.0000742750       -0.0000326703
        0.0000391699        0.0000742750        0.0000326698
        0.0000249548        0.0000215198       -0.0000291951
       -0.0000249702        0.0000215148        0.0000291899
       -0.0041592649        0.0000001499        0.0029822951
        0.1415592052       -0.0000122900       -0.2905349749
       -0.0005651650       -0.0000000300        0.0017483801
        0.0147284501       -0.0000002049       -0.0152362800
        0.0000667751       -0.0000000050        0.0014190651
       -0.1515937099       -0.0000127551        0.2997814198
        0.0000827650       -0.0000465249       -0.0000011897
        0.0000827650        0.0000465351       -0.0000011897
       -0.0001112798        0.0002090603        0.0000090550
       -0.0001112748       -0.0002090648        0.0000090500
        0.0000291951        0.0000315501       -0.0000876000
        0.0000291899       -0.0000315400       -0.0000876000
       -0.0002033948       -0.0002577602        0.0003455800
       -0.0002033948        0.0002577200       -0.0003456050
        0.0000582851        0.0002485400       -0.0002035050
        0.0000582951       -0.0002485650        0.0002035200
        0.0001298250       -0.0000656701       -0.0000827448
        0.0001298299        0.0000656699        0.0000827650
        0.0890234600       -0.0000315649       -0.0000263948
       -0.0367840599       -0.0000210049        0.0000012952
       -0.0310012899       -0.0000039448       -0.0000121551
        0.0047255702       -0.0000001599        0.0000001249
       -0.0304788750       -0.0000039051       -0.0000122849
        0.0045470000       -0.0000001600        0.0000001550
        0.0003206002       -0.0002034000       -0.0002543300
       -0.0003206199       -0.0002034000       -0.0002543250
        0.0001730851        0.0002639351       -0.0000910900
       -0.0001730849        0.0002639401       -0.0000911000
        0.0000268899       -0.0001017700       -0.0000465299
       -0.0000268800       -0.0001017651       -0.0000465249
       -0.0000315649        0.8951666999        0.0002535852
       -0.0000210099       -0.5986843900        0.0002618651
       -0.0000046049       -0.1374535199        0.1422240500
       -0.0000002498       -0.0112580899        0.0037515501
       -0.0000045449       -0.1362007249       -0.1415203599
       -0.0000002501       -0.0114873149       -0.0041592600
       -0.0002543298        0.0003455800        0.0000421400
        0.0002543202        0.0003455800        0.0000421400
       -0.0000841499       -0.0004015550       -0.0004222049
        0.0000841601       -0.0004015500       -0.0004222099
        0.0000228400       -0.0000470051       -0.0000011897
       -0.0000228299       -0.0000470101       -0.0000011897
       -0.0000263948        0.0002535852        0.6802088399
        0.0000012851       -0.0003127649       -0.1054843099
       -0.0000135799        0.1364513102       -0.2896636850
       -0.0000003799       -0.0306204998        0.0032552900
       -0.0000136599       -0.1363066600       -0.2905351948
       -0.0000003851        0.0307685499        0.0029822850
       -0.0002034000        0.0002577200        0.0003455800
       -0.0002033948       -0.0002577602       -0.0003456100
        0.0000582851       -0.0002485650       -0.0002035050
        0.0000582951        0.0002485400        0.0002035250
        0.0001298250        0.0000656749       -0.0000827448
        0.0001298250       -0.0000656701        0.0000827650
       -0.0367840599       -0.0000210099        0.0000012851
        0.0890234600       -0.0000315649       -0.0000263898
        0.0047255702       -0.0000001549        0.0000001299
       -0.0310012899       -0.0000039499       -0.0000121651
        0.0045470051       -0.0000001600        0.0000001501
       -0.0304788801       -0.0000039051       -0.0000122849
       -0.0003206199       -0.0002034000        0.0002543200
        0.0003206053       -0.0002034000        0.0002543200
       -0.0001730949        0.0002639401        0.0000910850
        0.0001730851        0.0002639401        0.0000910801
       -0.0000268851       -0.0001017700        0.0000465351
        0.0000268899       -0.0001017601        0.0000465351
       -0.0000210049       -0.5986843900       -0.0003127649
       -0.0000315649        0.8951666999       -0.0002232349
       -0.0000002498       -0.0112580949       -0.0037527199
       -0.0000045948       -0.1374535199       -0.1421849950
       -0.0000002500       -0.0114873149        0.0041581301
       -0.0000045500       -0.1362007249        0.1415591201
       -0.0002543298       -0.0003456149        0.0000421350
        0.0002543202       -0.0003456149        0.0000421350
       -0.0000841499        0.0004015251       -0.0004222049
        0.0000841651        0.0004015251       -0.0004222099
        0.0000228400        0.0000470099       -0.0000011897
       -0.0000228299        0.0000470099       -0.0000011897
        0.0000012952        0.0002618651       -0.1054843099
       -0.0000263898       -0.0002232349        0.6802088399
       -0.0000003799        0.0306205652        0.0032552950
       -0.0000135749       -0.1364132699       -0.2896636950
       -0.0000003800       -0.0307684799        0.0029822750
       -0.0000136600        0.1363443199       -0.2905351899
        0.0002639402        0.0002485351       -0.0004015499
        0.0002639452       -0.0002485650        0.0004015202
       -0.0002506248       -0.0004785198       -0.0001135449
       -0.0002506198        0.0004785151        0.0001135601
       -0.0001638199        0.0000391699        0.0001112802
       -0.0001638199       -0.0000391800       -0.0001112798
       -0.0310012899       -0.0000046049       -0.0000135799
        0.0047255702       -0.0000002498       -0.0000003799
        0.0195383598       -0.0000038398       -0.0000126749
       -0.0084240398       -0.0000000098       -0.0000000099
        0.0025355301       -0.0000000449       -0.0000002098
        0.0129273801       -0.0000000499       -0.0000000249
        0.0001730852        0.0000582851       -0.0000841499
       -0.0001730899        0.0000582901       -0.0000841499
       -0.0004072349       -0.0002506249       -0.0001567651
        0.0004072452       -0.0002506249       -0.0001567700
       -0.0000521899        0.0000742750        0.0002090653
        0.0000522050        0.0000742750        0.0002090603
       -0.0000039448       -0.1374535199        0.1364513102
       -0.0000001549       -0.0112580949        0.0306205652
       -0.0000038398        0.1431321698       -0.1516553500
       -0.0000000048        0.0016696103       -0.0000187649
       -0.0000000449        0.0096665451       -0.0147292549
       -0.0000000550       -0.0055205449       -0.0005651599
       -0.0000910900       -0.0002035152       -0.0004222051
        0.0000910850       -0.0002035051       -0.0004222100
       -0.0001567651       -0.0001135500       -0.0001860251
        0.0001567949       -0.0001135500       -0.0001860300
        0.0000105499       -0.0000326753        0.0000090550
       -0.0000105301       -0.0000326703        0.0000090550
       -0.0000121551        0.1422240500       -0.2896636850
        0.0000001299       -0.0037527199        0.0032552950
       -0.0000126749       -0.1516553500        0.2999704301
       -0.0000000050        0.0000188150        0.0011246598
       -0.0000001951        0.0145926249       -0.0152363000
       -0.0000000351       -0.0006899502        0.0017483900
        0.0002639402       -0.0002485700       -0.0004015499
        0.0002639402        0.0002485351        0.0004015202
       -0.0002506248        0.0004785102       -0.0001135449
       -0.0002506198       -0.0004785248        0.0001135651
       -0.0001638199       -0.0000391800        0.0001112802
       -0.0001638199        0.0000391699       -0.0001112748
        0.0047255702       -0.0000002498       -0.0000003799
       -0.0310012899       -0.0000045948       -0.0000135749
       -0.0084240398       -0.0000000048       -0.0000000050
        0.0195383598       -0.0000038398       -0.0000126700
        0.0129273852       -0.0000000499       -0.0000000298
        0.0025355250       -0.0000000449       -0.0000001998
       -0.0001730949        0.0000582851        0.0000841601
        0.0001730902        0.0000582851        0.0000841551
        0.0004072402       -0.0002506249        0.0001567851
       -0.0004072299       -0.0002506199        0.0001567851
        0.0000522050        0.0000742750       -0.0002090698
       -0.0000521899        0.0000742750       -0.0002090648
       -0.0000001599       -0.0112580899       -0.0306204998
       -0.0000039499       -0.1374535199       -0.1364132699
       -0.0000000098        0.0016696103        0.0000188150
       -0.0000038398        0.1431321698        0.1516939150
       -0.0000000550       -0.0055205449        0.0005650801
       -0.0000000500        0.0096665401        0.0147284402
       -0.0000910950        0.0002035199       -0.0004222051
        0.0000910801        0.0002035199       -0.0004222150
       -0.0001567700        0.0001135599       -0.0001860300
        0.0001567849        0.0001135550       -0.0001860350
        0.0000105449        0.0000326698        0.0000090500
       -0.0000105351        0.0000326698        0.0000090500
        0.0000001249        0.0037515501        0.0032552900
       -0.0000121651       -0.1421849950       -0.2896636950
       -0.0000000099       -0.0000187649        0.0011246598
       -0.0000126700        0.1516939150        0.2999704401
       -0.0000000350        0.0006898648        0.0017483700
       -0.0000002052       -0.0145934702       -0.0152362949
       -0.0001017649       -0.0000656750       -0.0000470050
       -0.0001017600        0.0000656749        0.0000470050
        0.0000742752        0.0000391699       -0.0000326750
        0.0000742801       -0.0000391800        0.0000326749
        0.0000215250       -0.0000249651       -0.0000291899
        0.0000215250        0.0000249548        0.0000291951
       -0.0304788750       -0.0000045449       -0.0000136599
        0.0045470051       -0.0000002500       -0.0000003800
        0.0025355301       -0.0000000449       -0.0000001951
        0.0129273852       -0.0000000550       -0.0000000350
        0.0187526700       -0.0000037900       -0.0000127500
       -0.0082712452       -0.0000000050        0.0000000000
        0.0000268950        0.0001298248        0.0000228449
       -0.0000268849        0.0001298248        0.0000228400
       -0.0000521950       -0.0001638251        0.0000105500
        0.0000522050       -0.0001638251        0.0000105450
       -0.0000099202        0.0000215198        0.0000315501
        0.0000099449        0.0000215198        0.0000315501
       -0.0000039051       -0.1362007249       -0.1363066600
       -0.0000001600       -0.0114873149       -0.0307684799
       -0.0000000449        0.0096665451        0.0145926249
       -0.0000000499       -0.0055205449        0.0006898648
       -0.0000037900        0.1419903501        0.1516318250
       -0.0000000101        0.0015767600        0.0000667750
       -0.0000465299       -0.0000827549       -0.0000012000
        0.0000465351       -0.0000827549       -0.0000012000
        0.0002090552        0.0001112851        0.0000090500
       -0.0002090648        0.0001112801        0.0000090401
        0.0000315499       -0.0000292000       -0.0000876049
       -0.0000315350       -0.0000291951       -0.0000876000
       -0.0000122849       -0.1415203599       -0.2905351948
        0.0000001501        0.0041581301        0.0029822750
       -0.0000002098       -0.0147292549       -0.0152363000
       -0.0000000298        0.0005650801        0.0017483700
       -0.0000127500        0.1516318250        0.2997816799
       -0.0000000101       -0.0000667251        0.0014190701
       -0.0001017750        0.0000656648       -0.0000470101
       -0.0001017700       -0.0000656802        0.0000469998
        0.0000742700       -0.0000391852       -0.0000326752
        0.0000742750        0.0000391650        0.0000326698
        0.0000215199        0.0000249497       -0.0000291951
        0.0000215199       -0.0000249702        0.0000291899
        0.0045470000       -0.0000002501       -0.0000003851
       -0.0304788801       -0.0000045500       -0.0000136600
        0.0129273801       -0.0000000550       -0.0000000351
        0.0025355250       -0.0000000500       -0.0000002052
       -0.0082712452       -0.0000000101       -0.0000000101
        0.0187526803       -0.0000037952       -0.0000127501
       -0.0000268849        0.0001298199       -0.0000228350
        0.0000269000        0.0001298199       -0.0000228350
        0.0000521949       -0.0001638202       -0.0000105301
       -0.0000521901       -0.0001638251       -0.0000105351
        0.0000099449        0.0000215198       -0.0000315349
       -0.0000099202        0.0000215148       -0.0000315400
       -0.0000001600       -0.0114873149        0.0307685499
       -0.0000039051       -0.1362007249        0.1363443199
       -0.0000000499       -0.0055205449       -0.0006899502
       -0.0000000449        0.0096665401       -0.0145934702
       -0.0000000050        0.0015767600       -0.0000667251
       -0.0000037952        0.1419903501       -0.1515936151
       -0.0000465249        0.0000827700       -0.0000011950
        0.0000465401        0.0000827650       -0.0000011950
        0.0002090601       -0.0001112750        0.0000090550
       -0.0002090599       -0.0001112750        0.0000090550
        0.0000315549        0.0000291899       -0.0000876000
       -0.0000315300        0.0000291899       -0.0000876000
        0.0000001550       -0.0041592600        0.0029822850
       -0.0000122849        0.1415591201       -0.2905351899
       -0.0000000249       -0.0005651599        0.0017483900
       -0.0000001998        0.0147284402       -0.0152362949
        0.0000000000        0.0000667750        0.0014190701
       -0.0000127501       -0.1515936151        0.2997816699
