   17   51
        0.0491784402        0.0002451952       -0.0195683802
       -0.0493642099        0.0025141949        0.0176612147
        0.0002974647       -0.0003524801        0.0277150147
        0.0046789449        0.0018991750       -0.0293512201
       -0.0011529752        0.0002502750       -0.0005901202
       -0.0024586851       -0.0039130850        0.0014127599
       -0.0014407203       -0.0003621452        0.0019786847
        0.0002976847       -0.0002596602        0.0007312852
       -0.0001522051       -0.0000497801       -0.0001403149
        0.0001022849        0.0000388050        0.0000385347
        0.0001493501       -0.0000251049        0.0000422850
        0.0000192401        0.0000401349       -0.0000858299
       -0.0000893252        0.0000304701        0.0000465647
       -0.0000472701       -0.0000472653        0.0000710102
       -0.0000388852        0.0000139448        0.0000110148
        0.0000046501       -0.0000020648       -0.0000010101
        0.0000185298       -0.0000162501        0.0000014799
        0.0002451952        0.0470421799        0.0215977448
        0.0020486104       -0.0421070999       -0.0204151149
       -0.0011553550       -0.0015715699       -0.0147071700
        0.0032022501       -0.0027238147       -0.0207363300
       -0.0017286402        0.0031016552        0.0316535500
       -0.0036355550       -0.0036894849        0.0011275748
        0.0009316099        0.0002403300        0.0010416349
       -0.0000055249       -0.0002695452        0.0003781150
       -0.0000694050       -0.0000113099       -0.0000125650
        0.0000472252        0.0000470303        0.0001032649
        0.0001639552       -0.0000676650        0.0000233649
        0.0000039603        0.0000010698       -0.0001010997
       -0.0000566851        0.0000402349        0.0000110049
       -0.0000031699       -0.0000209650        0.0000397151
        0.0000021851        0.0000171403       -0.0000221999
       -0.0000032696        0.0000002402        0.0000084449
        0.0000162700       -0.0000262449       -0.0000187296
       -0.0195683802        0.0215977448        0.3437567204
        0.0183438050       -0.0185718105       -0.3183561003
       -0.0011474904        0.0009280697       -0.0051495203
        0.0036240897       -0.0012935050       -0.0119967703
        0.0008755094       -0.0025451899       -0.0111470902
       -0.0020566802       -0.0002257201        0.0009902297
        0.0002472999        0.0002757497        0.0013438998
       -0.0003741101       -0.0002477753        0.0005354198
       -0.0001114603       -0.0001001450       -0.0000704452
        0.0000333446        0.0000372850        0.0000246945
        0.0002098449        0.0000636697        0.0000857096
       -0.0000339202        0.0000490849       -0.0000407701
       -0.0000274204        0.0000137896        0.0000033396
       -0.0000201803       -0.0000022754        0.0000299300
       -0.0000317704        0.0000016448       -0.0000013256
       -0.0000020751       -0.0000014651       -0.0000060254
        0.0000132945       -0.0000057651       -0.0000006753
       -0.0493642099        0.0020486104        0.0183438050
        0.5515649099       -0.0578315499       -0.0349956801
       -0.2512121000        0.1142918600        0.0646336500
       -0.1624752548       -0.0513414548       -0.0337286701
       -0.0491379100        0.0065108352       -0.0018909151
        0.0086639400       -0.0018261198       -0.0018003752
       -0.0471479902       -0.0151303448       -0.0118689752
        0.0013746453        0.0045443448        0.0020956054
       -0.0005161999       -0.0000582449       -0.0003308247
       -0.0012073400       -0.0010088698       -0.0005445250
       -0.0003064699       -0.0002017848       -0.0003290199
        0.0000658102       -0.0001741000        0.0000968953
        0.0000097751        0.0000289100        0.0000591047
       -0.0000445547       -0.0002638751        0.0002013951
        0.0000649999       -0.0000020449        0.0000612201
        0.0000633599        0.0000326654       -0.0000173199
       -0.0003946249        0.0003938499       -0.0000239098
        0.0025141949       -0.0421070999       -0.0185718105
       -0.0578315499        0.5556808202        0.0003450998
        0.1079605599       -0.1094386400       -0.0339047503
       -0.0524598900       -0.1097834800       -0.0142269101
        0.0068515197       -0.2822146601        0.0970473599
       -0.0252830702       -0.0232864699       -0.0299843052
        0.0139529197        0.0107378702        0.0009254546
        0.0029573550       -0.0003750603       -0.0024893350
        0.0007127949        0.0003018599        0.0003946153
        0.0004933449        0.0004464599        0.0001879596
       -0.0000940449        0.0000267750        0.0004220598
        0.0000724353        0.0000258197       -0.0001253349
       -0.0000732200       -0.0000028353        0.0000478497
        0.0000981998        0.0001776849       -0.0001691598
       -0.0000492102        0.0000496001       -0.0000040953
        0.0000041950       -0.0000440548        0.0000211199
        0.0001865448       -0.0001921600        0.0000647103
        0.0176612147       -0.0204151149       -0.3183561003
       -0.0349956801        0.0003450998        0.5449345804
        0.0608016248       -0.0337708602       -0.0675884351
       -0.0341997949       -0.0138875950       -0.1001458503
       -0.0013890505        0.0985145900       -0.0804443951
       -0.0154002251       -0.0282680301        0.0079258845
        0.0045952697       -0.0001961803        0.0099829896
        0.0023671399       -0.0024559654        0.0038660599
       -0.0008860601       -0.0005399301       -0.0002723650
        0.0007721547        0.0006672349        0.0004915998
        0.0007019401       -0.0002235302       -0.0000703750
        0.0000200950        0.0003723397       -0.0002858150
       -0.0000399103        0.0001182599       -0.0000182854
       -0.0002067054       -0.0000828703        0.0001051001
       -0.0000553001       -0.0000123453       -0.0000392404
       -0.0000526902        0.0000448949       -0.0000416051
        0.0002669546       -0.0002325550       -0.0000422801
        0.0002974647       -0.0011553550       -0.0011474904
       -0.2512121000        0.1079605599        0.0608016248
        0.2722927803       -0.1186511150       -0.0665155653
       -0.0203773351        0.0166180649        0.0097726996
        0.0016403197       -0.0021308949       -0.0009576502
        0.0040110299        0.0006421098        0.0004244245
       -0.0062117252       -0.0039877150       -0.0026068454
        0.0004683449        0.0011571649        0.0004971247
       -0.0002557454       -0.0000475302       -0.0001455899
       -0.0003724404       -0.0003563852       -0.0001817105
       -0.0002050649       -0.0000534149       -0.0001033501
        0.0000020202       -0.0000242252        0.0000414749
        0.0000268497       -0.0000013500        0.0000124547
       -0.0000304800       -0.0000866854        0.0000806850
        0.0000315046        0.0000015100        0.0000201845
        0.0000243548        0.0000074300        0.0000037949
       -0.0001282953        0.0001321396       -0.0000035351
       -0.0003524801       -0.0015715699        0.0009280697
        0.1142918600       -0.1094386400       -0.0337708602
       -0.1186511150        0.1138141101        0.0373493498
       -0.0156529700        0.0072786801        0.0062128797
        0.0247051946       -0.0103643049       -0.0095011350
        0.0008709299        0.0008038148        0.0006916349
       -0.0042798052       -0.0012648701       -0.0016457452
       -0.0005882700        0.0008631048       -0.0001430851
        0.0000327299        0.0000705202       -0.0000264998
       -0.0002564749       -0.0002372400       -0.0000964204
       -0.0000064699       -0.0000057449       -0.0000438450
        0.0000130149       -0.0000150803        0.0000211651
        0.0000028498       -0.0000080200        0.0000156345
       -0.0000076301       -0.0000219154        0.0000104001
       -0.0000039051       -0.0000038997        0.0000251447
        0.0000035001        0.0000019401       -0.0000237401
       -0.0000940503        0.0001025899       -0.0000021649
        0.0277150147       -0.0147071700       -0.0051495203
        0.0646336500       -0.0339047503       -0.0675884351
       -0.0665155653        0.0373493498        0.0685650002
       -0.0104471451        0.0069155450        0.0007817948
       -0.0124236854        0.0051978202        0.0025906797
        0.0007253649        0.0008312151        0.0000755847
       -0.0030464403       -0.0015752750       -0.0000279303
       -0.0004263552        0.0000037997        0.0008353149
       -0.0001640703       -0.0000480500       -0.0001390799
       -0.0000717603       -0.0000912598       -0.0000491701
        0.0000753201        0.0000601202        0.0000119448
        0.0000154301       -0.0000196701        0.0000160151
       -0.0000144854        0.0000060697        0.0000085296
       -0.0000183951       -0.0000645855        0.0000607099
       -0.0000094300        0.0000021100        0.0000087348
        0.0000102148        0.0000106547        0.0000058250
       -0.0000417452        0.0000357798       -0.0000032449
        0.0046789449        0.0032022501        0.0036240897
       -0.1624752548       -0.0524598900       -0.0341997949
       -0.0203773351       -0.0156529700       -0.0104471451
        0.5734419500        0.0079940403        0.0233856250
        0.0037195349        0.0040454802        0.0007714601
       -0.1128242349        0.0041024899        0.0011087650
       -0.2300628151        0.0409522349        0.0159644350
       -0.0642676099        0.0013507798       -0.0058107349
        0.0044425548        0.0011866248        0.0029173600
       -0.0009838601       -0.0006726600        0.0004828448
        0.0045128203        0.0033155800        0.0038318149
       -0.0003839847       -0.0001517651       -0.0004616948
       -0.0009328900       -0.0003639602        0.0002075549
        0.0013946800        0.0022834749       -0.0011928799
       -0.0006353798        0.0001273301        0.0000361300
       -0.0005288101        0.0002801252       -0.0003863448
        0.0012823449        0.0004512401        0.0001462701
        0.0018991750       -0.0027238147       -0.0012935050
       -0.0513414548       -0.1097834800       -0.0138875950
        0.0166180649        0.0072786801        0.0069155450
        0.0079940403        0.7937964699        0.3264089750
       -0.0251360902       -0.0182301949       -0.0137827649
        0.0154686251       -0.5555668000       -0.2773711950
        0.0507262399       -0.1255081600       -0.0340144700
        0.0029419951        0.0209601649        0.0165017352
       -0.0080898698       -0.0002521148       -0.0035575047
       -0.0044396148       -0.0046376698       -0.0040725251
       -0.0060342697       -0.0011770248       -0.0048039752
       -0.0010737247       -0.0020976651        0.0019026604
        0.0013181000        0.0001494300       -0.0004944903
       -0.0004564401       -0.0029975101        0.0014093604
        0.0010256150       -0.0005885695        0.0001612247
        0.0006532153       -0.0001142897        0.0002905350
       -0.0020856601        0.0014916802       -0.0002202847
       -0.0293512201       -0.0207363300       -0.0119967703
       -0.0337286701       -0.0142269101       -0.1001458503
        0.0097726996        0.0062128797        0.0007817948
        0.0233856250        0.3264089750        0.4245269304
        0.0149223746        0.0064410301        0.0048473547
        0.0065771746       -0.2768272603       -0.2390386402
        0.0234528295       -0.0354411850       -0.0820757953
       -0.0039485951        0.0140009647        0.0072591948
       -0.0010053000        0.0001356199       -0.0013978899
       -0.0052241802       -0.0037779353       -0.0033627754
       -0.0042281249       -0.0011132801       -0.0015235702
       -0.0000386001       -0.0005734753        0.0013435499
        0.0007671795       -0.0002555652       -0.0002248453
       -0.0004124351       -0.0008955553        0.0004607551
        0.0006436096       -0.0002985800        0.0001036099
        0.0003912947       -0.0001709103        0.0002425449
       -0.0019988053        0.0012140796        0.0002030751
       -0.0011529752       -0.0017286402        0.0008755094
       -0.0491379100        0.0068515197       -0.0013890505
        0.0016403197        0.0247051946       -0.0124236854
        0.0037195349       -0.0251360902        0.0149223746
        0.0482872406       -0.0059087500        0.0041989648
       -0.0024483805       -0.0008984452       -0.0044691106
       -0.0010875303        0.0017080396       -0.0014504457
        0.0001563498        0.0002744497       -0.0003113354
        0.0001033098        0.0000836249        0.0000293400
       -0.0000448551       -0.0001058652       -0.0000136453
        0.0000413448        0.0000204298        0.0000850997
        0.0000101647        0.0000349394       -0.0000258800
       -0.0000131902       -0.0000061652        0.0000157945
        0.0000050497        0.0000238694       -0.0000188351
       -0.0000184053        0.0000040248        0.0000212196
       -0.0000350951        0.0000120150       -0.0000502754
       -0.0000222656        0.0000425899        0.0000039049
        0.0002502750        0.0031016552       -0.0025451899
        0.0065108352       -0.2822146601        0.0985145900
       -0.0021308949       -0.0103643049        0.0051978202
        0.0040454802       -0.0182301949        0.0064410301
       -0.0059087500        0.3053227198       -0.1044642750
       -0.0034456900        0.0002284850       -0.0023136101
        0.0009643998        0.0016987502       -0.0002299100
       -0.0004539348        0.0002860352       -0.0007674296
        0.0002514352        0.0000962902        0.0001050503
       -0.0000650900       -0.0000387047        0.0000185298
       -0.0000142899        0.0000143302        0.0001188002
       -0.0000040947        0.0000143152       -0.0000100346
       -0.0000121898       -0.0000147600        0.0000117498
        0.0000265803        0.0000657150       -0.0000544898
       -0.0000141350        0.0000145005       -0.0000072299
       -0.0000201149        0.0000075352       -0.0000064099
       -0.0000037750        0.0000136552        0.0000021802
       -0.0005901202        0.0316535500       -0.0111470902
       -0.0018909151        0.0970473599       -0.0804443951
       -0.0009576502       -0.0095011350        0.0025906797
        0.0007714601       -0.0137827649        0.0048473547
        0.0041989648       -0.1044642750        0.0878450402
       -0.0024356351       -0.0013074600       -0.0033233152
        0.0007823698        0.0003408152       -0.0001437851
        0.0000730051        0.0000295248       -0.0002484850
        0.0000505548        0.0000290399        0.0000042951
       -0.0000097100       -0.0000190951        0.0000410799
       -0.0000124049       -0.0000311951        0.0000212199
        0.0000081150       -0.0000219251       -0.0000227899
       -0.0000117902        0.0000175197        0.0000001748
        0.0000151749       -0.0000019301        0.0000020000
        0.0000215348        0.0000172801       -0.0000194751
       -0.0000068800        0.0000149399        0.0000122799
       -0.0000043801       -0.0000067001       -0.0000128600
       -0.0024586851       -0.0036355550       -0.0020566802
        0.0086639400       -0.0252830702       -0.0154002251
        0.0040110299        0.0008709299        0.0007253649
       -0.1128242349        0.0154686251        0.0065771746
       -0.0024483805       -0.0034456900       -0.0024356351
        0.1129479301       -0.0470127202       -0.0220676802
       -0.0102775653        0.0563867553        0.0297152695
        0.0060786601        0.0045750699        0.0007280602
       -0.0000980552       -0.0008843449        0.0000595603
        0.0003460801        0.0008133750        0.0023045249
       -0.0018260349        0.0011030198        0.0019568000
       -0.0009584051        0.0004689150        0.0000500950
       -0.0003474202        0.0002539500        0.0000369599
       -0.0002842799        0.0000060899        0.0001311651
       -0.0005412701        0.0005400801       -0.0002612950
        0.0000744549        0.0000029050        0.0000252450
       -0.0000569253       -0.0002726301       -0.0001012648
       -0.0039130850       -0.0036894849       -0.0002257201
       -0.0018261198       -0.0232864699       -0.0282680301
        0.0006421098        0.0008038148        0.0008312151
        0.0041024899       -0.5555668000       -0.2768272603
       -0.0008984452        0.0002284850       -0.0013074600
       -0.0470127202        0.6279202501        0.3434315346
        0.0564681199       -0.0419826048       -0.0374047801
       -0.0139295801       -0.0092159200       -0.0040186299
        0.0024429701       -0.0006306701        0.0019538803
        0.0016560801        0.0020012251        0.0013574200
        0.0032539199        0.0002919649        0.0021148301
        0.0000044849        0.0014595150       -0.0013237698
       -0.0009782599        0.0002398500        0.0002858147
       -0.0000218500        0.0013650248       -0.0005424249
       -0.0006387700        0.0002610750        0.0001588000
       -0.0003674100        0.0002189552       -0.0002989199
        0.0009677697       -0.0004167552        0.0001822252
        0.0014127599        0.0011275748        0.0009902297
       -0.0018003752       -0.0299843052        0.0079258845
        0.0004244245        0.0006916349        0.0000755847
        0.0011087650       -0.2773711950       -0.2390386402
       -0.0044691106       -0.0023136101       -0.0033233152
       -0.0220676802        0.3434315346        0.2291401904
        0.0279656948       -0.0377132849        0.0086854547
       -0.0080641800       -0.0019765454       -0.0077764349
        0.0018795697        0.0018302700        0.0009068100
        0.0009683549        0.0012213448        0.0016938495
        0.0015272849        0.0013016751        0.0016932398
        0.0007778848       -0.0004255253       -0.0006362052
       -0.0001367553       -0.0003191602        0.0002507346
        0.0005873051        0.0003722548       -0.0004890552
       -0.0005740151        0.0004073848        0.0001549947
       -0.0001958102       -0.0000193552       -0.0002445452
        0.0006446447       -0.0001608552       -0.0000070750
       -0.0014407203        0.0009316099        0.0002472999
       -0.0471479902        0.0139529197        0.0045952697
       -0.0062117252       -0.0042798052       -0.0030464403
       -0.2300628151        0.0507262399        0.0234528295
       -0.0010875303        0.0009643998        0.0007823698
       -0.0102775653        0.0564681199        0.0279656948
        0.4971096803       -0.0323494899        0.0030735546
       -0.1188486351       -0.0421056302       -0.0266417851
       -0.0278958902       -0.0163633450       -0.0089768452
       -0.0449009451       -0.0195776400       -0.0173279955
       -0.0109778000       -0.0081732401       -0.0088243200
        0.0011126599       -0.0000372054        0.0005892400
        0.0014570099        0.0024131100       -0.0009153953
       -0.0004299702       -0.0056363706        0.0043568500
        0.0031757196       -0.0020636398        0.0008539948
        0.0028646301       -0.0014107400        0.0002121300
       -0.0064362953        0.0065879451       -0.0004014998
       -0.0003621452        0.0002403300        0.0002757497
       -0.0151303448        0.0107378702       -0.0001961803
       -0.0039877150       -0.0012648701       -0.0015752750
        0.0409522349       -0.1255081600       -0.0354411850
        0.0017080396        0.0016987502        0.0003408152
        0.0563867553       -0.0419826048       -0.0377132849
       -0.0323494899        0.2799273199        0.1112576550
       -0.0242519198       -0.1102161400       -0.0309166148
       -0.0303095601       -0.0164555701       -0.0093071648
        0.0199350052        0.0125844153        0.0079324647
       -0.0167715197       -0.0101225748       -0.0065191202
        0.0011065251        0.0022283950       -0.0023716547
        0.0008736350        0.0018189650       -0.0006472752
       -0.0012734500       -0.0035525500        0.0049149801
       -0.0006178399        0.0010552100        0.0002701350
       -0.0007479247        0.0017246302       -0.0005667951
        0.0048907199       -0.0029103347        0.0002616852
        0.0019786847        0.0010416349        0.0013438998
       -0.0118689752        0.0009254546        0.0099829896
       -0.0026068454       -0.0016457452       -0.0000279303
        0.0159644350       -0.0340144700       -0.0820757953
       -0.0014504457       -0.0002299100       -0.0001437851
        0.0297152695       -0.0374047801        0.0086854547
        0.0030735546        0.1112576550        0.1457821804
       -0.0169142552       -0.0312910902       -0.0889880701
        0.0175141497        0.0077724698        0.0106765600
       -0.0054137053       -0.0015670801       -0.0002601703
       -0.0325136250       -0.0171185701       -0.0081817052
       -0.0003858403       -0.0011560653        0.0005044598
       -0.0003768002       -0.0010043954        0.0024499198
        0.0021915898        0.0043059796       -0.0019302252
        0.0002877047        0.0008072752        0.0006659846
        0.0005786248       -0.0011734053        0.0001779898
        0.0002178197        0.0004881548        0.0013388401
        0.0002976847       -0.0000055249       -0.0003741101
        0.0013746453        0.0029573550        0.0023671399
        0.0004683449       -0.0005882700       -0.0004263552
       -0.0642676099        0.0029419951       -0.0039485951
        0.0001563498       -0.0004539348        0.0000730051
        0.0060786601       -0.0139295801       -0.0080641800
       -0.1188486351       -0.0242519198       -0.0169142552
        0.4616896899       -0.0566278851       -0.0473064648
       -0.0782256700       -0.0127254299        0.0232469603
       -0.1279685699        0.0752747951        0.0032549798
       -0.0590106848        0.0194593102        0.0475969301
        0.0059981701        0.0186194700       -0.0192917298
       -0.0030788900       -0.0040106548        0.0027370496
       -0.0078438299       -0.0176356153        0.0176064950
       -0.0059250402        0.0032476501       -0.0009880102
        0.0056912600       -0.0096638149        0.0006112552
       -0.0165873249        0.0174202401       -0.0002077650
       -0.0002596602       -0.0002695452       -0.0002477753
        0.0045443448       -0.0003750603       -0.0024559654
        0.0011571649        0.0008631048        0.0000037997
        0.0013507798        0.0209601649        0.0140009647
        0.0002744497        0.0002860352        0.0000295248
        0.0045750699       -0.0092159200       -0.0019765454
       -0.0421056302       -0.1102161400       -0.0312910902
       -0.0566278851        0.5147392403        0.0378086199
       -0.0089140300       -0.1362555102        0.0633064698
        0.0631840149       -0.1532090201        0.0004391197
        0.0235370197       -0.0898038002       -0.0918747102
       -0.0082631649       -0.0171548854        0.0152771150
        0.0024890198        0.0081324399       -0.0100689402
       -0.0009689600       -0.0086993404        0.0072612301
        0.0115819799       -0.0123754600        0.0015030597
        0.0180544248       -0.0176397450       -0.0004602151
       -0.0135760354        0.0102357200       -0.0012286350
        0.0007312852        0.0003781150        0.0005354198
        0.0020956054       -0.0024893350        0.0038660599
        0.0004971247       -0.0001430851        0.0008353149
       -0.0058107349        0.0165017352        0.0072591948
       -0.0003113354       -0.0007674296       -0.0002484850
        0.0007280602       -0.0040186299       -0.0077764349
       -0.0266417851       -0.0309166148       -0.0889880701
       -0.0473064648        0.0378086199        0.5996553699
        0.0164199599        0.0562935301       -0.1442674696
       -0.0001742200        0.0044783653       -0.0831106749
        0.0562721354       -0.0916392599       -0.2658868047
        0.0005409100        0.0003143600       -0.0018171397
        0.0083524799        0.0255798201       -0.0235327002
       -0.0042991348       -0.0111496001        0.0072612451
        0.0234906500       -0.0243078546        0.0009747001
       -0.0177955297        0.0160654051       -0.0017681302
       -0.0068145201        0.0080384851       -0.0029899650
       -0.0001522051       -0.0000694050       -0.0001114603
       -0.0005161999        0.0007127949       -0.0008860601
       -0.0002557454        0.0000327299       -0.0001640703
        0.0044425548       -0.0080898698       -0.0010053000
        0.0001033098        0.0002514352        0.0000505548
       -0.0000980552        0.0024429701        0.0018795697
       -0.0278958902       -0.0303095601        0.0175141497
       -0.0782256700       -0.0089140300        0.0164199599
        0.5832236701       -0.0256949301        0.0192772850
        0.0083270999        0.0187734199       -0.0164295452
       -0.0000887201       -0.0047183798        0.0052852999
       -0.1941134602        0.1360342196       -0.0070879850
       -0.0530455503        0.0162560750        0.0341370045
       -0.2389235601       -0.1004139301       -0.0679375000
        0.0004984648       -0.0006028350       -0.0002082152
       -0.0038194000        0.0048780751       -0.0008020652
        0.0005393699       -0.0005026101        0.0000266999
       -0.0000497801       -0.0000113099       -0.0001001450
       -0.0000582449        0.0003018599       -0.0005399301
       -0.0000475302        0.0000705202       -0.0000480500
        0.0011866248       -0.0002521148        0.0001356199
        0.0000836249        0.0000962902        0.0000290399
       -0.0008843449       -0.0006306701        0.0018302700
       -0.0163633450       -0.0164555701        0.0077724698
       -0.0127254299       -0.1362555102        0.0562935301
       -0.0256949301        0.5344363200        0.0479297452
       -0.0022657599       -0.0221363200        0.0199239500
        0.0034972203        0.0088440351       -0.0072272201
        0.1384686149       -0.1757008999        0.0058976053
        0.0168073848       -0.0914247750       -0.0972308703
       -0.1018645750       -0.0998756101       -0.0352914500
       -0.0016529398        0.0012534750        0.0003140599
        0.0027531499       -0.0028131100        0.0005044299
       -0.0011231003        0.0005560750       -0.0001711297
       -0.0001403149       -0.0000125650       -0.0000704452
       -0.0003308247        0.0003946153       -0.0002723650
       -0.0001455899       -0.0000264998       -0.0001390799
        0.0029173600       -0.0035575047       -0.0013978899
        0.0000293400        0.0001050503        0.0000042951
        0.0000595603        0.0019538803        0.0009068100
       -0.0089768452       -0.0093071648        0.0106765600
        0.0232469603        0.0633064698       -0.1442674696
        0.0192772850        0.0479297452        0.5395223997
       -0.0004184898        0.0034635801       -0.0026309900
        0.0073890104        0.0247412851       -0.0193467199
       -0.0100825497        0.0068722449       -0.0488571396
        0.0335218851       -0.0992128250       -0.2649678652
       -0.0670599300       -0.0343192102       -0.0713062997
        0.0005589700       -0.0014807145        0.0013239051
        0.0000103853       -0.0007608045        0.0008456200
        0.0001033399       -0.0000704949       -0.0000228246
        0.0001022849        0.0000472252        0.0000333446
       -0.0012073400        0.0004933449        0.0007721547
       -0.0003724404       -0.0002564749       -0.0000717603
       -0.0009838601       -0.0044396148       -0.0052241802
       -0.0000448551       -0.0000650900       -0.0000097100
        0.0003460801        0.0016560801        0.0009683549
       -0.0449009451        0.0199350052       -0.0054137053
       -0.1279685699        0.0631840149       -0.0001742200
        0.0083270999       -0.0022657599       -0.0004184898
        0.5393855201        0.0522507548       -0.0047598002
       -0.0040676650        0.0058867249       -0.0011354652
       -0.0000267949       -0.0026609951        0.0022352901
       -0.0000328251       -0.0007406803        0.0002481497
       -0.0001612699       -0.0000025253       -0.0001196349
       -0.0520182149        0.0156062151        0.0352020200
       -0.0701712102       -0.0545866300        0.0515141801
       -0.2462030250       -0.0940101049       -0.0736742948
        0.0000388050        0.0000470303        0.0000372850
       -0.0010088698        0.0004464599        0.0006672349
       -0.0003563852       -0.0002372400       -0.0000912598
       -0.0006726600       -0.0046376698       -0.0037779353
       -0.0001058652       -0.0000387047       -0.0000190951
        0.0008133750        0.0020012251        0.0012213448
       -0.0195776400        0.0125844153       -0.0015670801
        0.0752747951       -0.1532090201        0.0044783653
        0.0187734199       -0.0221363200        0.0034635801
        0.0522507548        0.5425854499        0.0006926049
        0.0097345853       -0.0095118997        0.0034373301
       -0.0012935297       -0.0028639300        0.0030538951
        0.0001179552        0.0020165302       -0.0012216651
        0.0005259653        0.0007670047       -0.0005907947
        0.0145554000       -0.0934716647       -0.0996280500
       -0.0571913799       -0.1824032296        0.1241107651
       -0.0918507300       -0.0919386599       -0.0342177648
        0.0000385347        0.0001032649        0.0000246945
       -0.0005445250        0.0001879596        0.0004915998
       -0.0001817105       -0.0000964204       -0.0000491701
        0.0004828448       -0.0040725251       -0.0033627754
       -0.0000136453        0.0000185298        0.0000410799
        0.0023045249        0.0013574200        0.0016938495
       -0.0173279955        0.0079324647       -0.0002601703
        0.0032549798        0.0004391197       -0.0831106749
       -0.0164295452        0.0199239500       -0.0026309900
       -0.0047598002        0.0006926049        0.5859270505
        0.0208207447       -0.0201509502        0.0054207948
        0.0009532647        0.0038440245       -0.0029266101
       -0.0009352152        0.0002828048        0.0009062595
       -0.0005165802       -0.0008395406        0.0005212550
        0.0340429048       -0.0981549351       -0.2656592153
        0.0524481698        0.1233364600       -0.1627606102
       -0.0736656003       -0.0347548453       -0.0742657502
        0.0001493501        0.0001639552        0.0002098449
       -0.0003064699       -0.0000940449        0.0007019401
       -0.0002050649       -0.0000064699        0.0000753201
        0.0045128203       -0.0060342697       -0.0042281249
        0.0000413448       -0.0000142899       -0.0000124049
       -0.0018260349        0.0032539199        0.0015272849
       -0.0109778000       -0.0167715197       -0.0325136250
       -0.0590106848        0.0235370197        0.0562721354
       -0.0000887201        0.0034972203        0.0073890104
       -0.0040676650        0.0097345853        0.0208207447
        0.0726673898       -0.0181979399       -0.0492479799
        0.0001211453       -0.0001432102       -0.0005613398
        0.0002115300       -0.0013276599        0.0009439049
        0.0000903452        0.0002037399       -0.0001884848
       -0.0027302701        0.0035097304       -0.0006100700
        0.0009489551       -0.0005485546       -0.0005815301
        0.0004721900       -0.0007608949       -0.0000089048
       -0.0000251049       -0.0000676650        0.0000636697
       -0.0002017848        0.0000267750       -0.0002235302
       -0.0000534149       -0.0000057449        0.0000601202
        0.0033155800       -0.0011770248       -0.0011132801
        0.0000204298        0.0000143302       -0.0000311951
        0.0011030198        0.0002919649        0.0013016751
       -0.0081732401       -0.0101225748       -0.0171185701
        0.0194593102       -0.0898038002       -0.0916392599
       -0.0047183798        0.0088440351        0.0247412851
        0.0058867249       -0.0095118997       -0.0201509502
       -0.0181979399        0.1043320299        0.1010815700
        0.0005075202        0.0008011799       -0.0005636298
       -0.0012683500       -0.0034670700        0.0041534000
        0.0001410703        0.0008798597       -0.0011773997
        0.0032906550       -0.0024450000        0.0006142352
       -0.0009781999        0.0006383002       -0.0001849750
       -0.0001090950        0.0007728951        0.0001976952
        0.0000422850        0.0000233649        0.0000857096
       -0.0003290199        0.0004220598       -0.0000703750
       -0.0001033501       -0.0000438450        0.0000119448
        0.0038318149       -0.0048039752       -0.0015235702
        0.0000850997        0.0001188002        0.0000212199
        0.0019568000        0.0021148301        0.0016932398
       -0.0088243200       -0.0065191202       -0.0081817052
        0.0475969301       -0.0918747102       -0.2658868047
        0.0052852999       -0.0072272201       -0.0193467199
       -0.0011354652        0.0034373301        0.0054207948
       -0.0492479799        0.1010815700        0.2865056001
       -0.0004383298       -0.0005174752        0.0006271253
        0.0011646500        0.0033868750       -0.0014565305
        0.0003469151        0.0000179799        0.0003548450
       -0.0011306651        0.0013818749        0.0013174548
        0.0002339601       -0.0004368749        0.0004401051
        0.0006516299       -0.0005469951       -0.0000112348
        0.0000192401        0.0000039603       -0.0000339202
        0.0000658102        0.0000724353        0.0000200950
        0.0000020202        0.0000130149        0.0000154301
       -0.0003839847       -0.0010737247       -0.0000386001
        0.0000101647       -0.0000040947        0.0000081150
       -0.0009584051        0.0000044849        0.0007778848
        0.0011126599        0.0011065251       -0.0003858403
        0.0059981701       -0.0082631649        0.0005409100
       -0.1941134602        0.1384686149       -0.0100825497
       -0.0000267949       -0.0012935297        0.0009532647
        0.0001211453        0.0005075202       -0.0004383298
        0.2076641698       -0.1485651498        0.0091969352
       -0.0023938949        0.0002703598       -0.0009073352
       -0.0177730649        0.0192780399       -0.0001650199
       -0.0001265300       -0.0000445948        0.0000164150
        0.0004974950       -0.0003771297        0.0002963202
        0.0002869200       -0.0000487998        0.0002131003
        0.0000401349        0.0000010698        0.0000490849
       -0.0001741000        0.0000258197        0.0003723397
       -0.0000242252       -0.0000150803       -0.0000196701
       -0.0001517651       -0.0020976651       -0.0005734753
        0.0000349394        0.0000143152       -0.0000219251
        0.0004689150        0.0014595150       -0.0004255253
       -0.0000372054        0.0022283950       -0.0011560653
        0.0186194700       -0.0171548854        0.0003143600
        0.1360342196       -0.1757008999        0.0068722449
       -0.0026609951       -0.0028639300        0.0038440245
       -0.0001432102        0.0008011799       -0.0005174752
       -0.1485651498        0.1905347602       -0.0105974547
        0.0078737247       -0.0082433351        0.0021576597
       -0.0123312250        0.0113518297       -0.0006645053
       -0.0002825601        0.0003843999        0.0000635649
        0.0012577399       -0.0009358700        0.0002687247
        0.0000978898        0.0002137250        0.0000245601
       -0.0000858299       -0.0001010997       -0.0000407701
        0.0000968953       -0.0001253349       -0.0002858150
        0.0000414749        0.0000211651        0.0000160151
       -0.0004616948        0.0019026604        0.0013435499
       -0.0000258800       -0.0000100346       -0.0000227899
        0.0000500950       -0.0013237698       -0.0006362052
        0.0005892400       -0.0023716547        0.0005044598
       -0.0192917298        0.0152771150       -0.0018171397
       -0.0070879850        0.0058976053       -0.0488571396
        0.0022352901        0.0030538951       -0.0029266101
       -0.0005613398       -0.0005636298        0.0006271253
        0.0091969352       -0.0105974547        0.0507993997
        0.0223857751       -0.0197945749        0.0026659049
       -0.0065652097        0.0073075051       -0.0017993548
       -0.0000358250        0.0003058105        0.0001659652
       -0.0008636198        0.0013759202        0.0002578952
        0.0003695351       -0.0002665848        0.0000065751
       -0.0000893252       -0.0000566851       -0.0000274204
        0.0000097751       -0.0000732200       -0.0000399103
        0.0000268497        0.0000028498       -0.0000144854
       -0.0009328900        0.0013181000        0.0007671795
       -0.0000131902       -0.0000121898       -0.0000117902
       -0.0003474202       -0.0009782599       -0.0001367553
        0.0014570099        0.0008736350       -0.0003768002
       -0.0030788900        0.0024890198        0.0083524799
       -0.0530455503        0.0168073848        0.0335218851
       -0.0000328251        0.0001179552       -0.0009352152
        0.0002115300       -0.0012683500        0.0011646500
       -0.0023938949        0.0078737247        0.0223857751
        0.0530181302       -0.0167079003       -0.0385367304
        0.0049636949       -0.0104197701       -0.0259214150
        0.0003870448        0.0000543002       -0.0001241503
       -0.0001499450        0.0000375300        0.0000289597
        0.0000100198       -0.0000614801       -0.0001171051
        0.0000304701        0.0000402349        0.0000137896
        0.0000289100       -0.0000028353        0.0001182599
       -0.0000013500       -0.0000080200        0.0000060697
       -0.0003639602        0.0001494300       -0.0002555652
       -0.0000061652       -0.0000147600        0.0000175197
        0.0002539500        0.0002398500       -0.0003191602
        0.0024131100        0.0018189650       -0.0010043954
       -0.0040106548        0.0081324399        0.0255798201
        0.0162560750       -0.0914247750       -0.0992128250
       -0.0007406803        0.0020165302        0.0002828048
       -0.0013276599       -0.0034670700        0.0033868750
        0.0002703598       -0.0082433351       -0.0197945749
       -0.0167079003        0.0972712502        0.1040414145
        0.0038015699       -0.0063807403       -0.0119777249
        0.0000697150       -0.0002129150       -0.0005519303
       -0.0000907750        0.0000986850       -0.0002841750
        0.0001246946       -0.0000100903       -0.0000338250
        0.0000465647        0.0000110049        0.0000033396
        0.0000591047        0.0000478497       -0.0000182854
        0.0000124547        0.0000156345        0.0000085296
        0.0002075549       -0.0004944903       -0.0002248453
        0.0000157945        0.0000117498        0.0000001748
        0.0000369599        0.0002858147        0.0002507346
       -0.0009153953       -0.0006472752        0.0024499198
        0.0027370496       -0.0100689402       -0.0235327002
        0.0341370045       -0.0972308703       -0.2649678652
        0.0002481497       -0.0012216651        0.0009062595
        0.0009439049        0.0041534000       -0.0014565305
       -0.0009073352        0.0021576597        0.0026659049
       -0.0385367304        0.1040414145        0.2901932305
        0.0024437799       -0.0020245304       -0.0070932100
       -0.0005832501        0.0008528801        0.0002532295
        0.0000021450        0.0000430597        0.0005792899
        0.0000353347        0.0000816749       -0.0000159702
       -0.0000472701       -0.0000031699       -0.0000201803
       -0.0000445547        0.0000981998       -0.0002067054
       -0.0000304800       -0.0000076301       -0.0000183951
        0.0013946800       -0.0004564401       -0.0004124351
        0.0000050497        0.0000265803        0.0000151749
       -0.0002842799       -0.0000218500        0.0005873051
       -0.0004299702       -0.0012734500        0.0021915898
       -0.0078438299       -0.0009689600       -0.0042991348
       -0.2389235601       -0.1018645750       -0.0670599300
       -0.0001612699        0.0005259653       -0.0005165802
        0.0000903452        0.0001410703        0.0003469151
       -0.0177730649       -0.0123312250       -0.0065652097
        0.0049636949        0.0038015699        0.0024437799
        0.2583636700        0.1120362697        0.0732059300
        0.0000264899        0.0000011602        0.0001173450
        0.0001674101        0.0001200553        0.0002257198
        0.0005279398        0.0001974800       -0.0000368146
       -0.0000472653       -0.0000209650       -0.0000022754
       -0.0002638751        0.0001776849       -0.0000828703
       -0.0000866854       -0.0000219154       -0.0000645855
        0.0022834749       -0.0029975101       -0.0008955553
        0.0000238694        0.0000657150       -0.0000019301
        0.0000060899        0.0013650248        0.0003722548
       -0.0056363706       -0.0035525500        0.0043059796
       -0.0176356153       -0.0086993404       -0.0111496001
       -0.1004139301       -0.0998756101       -0.0343192102
       -0.0000025253        0.0007670047       -0.0008395406
        0.0002037399        0.0008798597        0.0000179799
        0.0192780399        0.0113518297        0.0073075051
       -0.0104197701       -0.0063807403       -0.0020245304
        0.1120362697        0.1071385304        0.0367612947
       -0.0000210304       -0.0000943049        0.0000299846
        0.0001740750        0.0004063250        0.0000552947
        0.0005416146       -0.0005063603        0.0005309997
        0.0000710102        0.0000397151        0.0000299300
        0.0002013951       -0.0001691598        0.0001051001
        0.0000806850        0.0000104001        0.0000607099
       -0.0011928799        0.0014093604        0.0004607551
       -0.0000188351       -0.0000544898        0.0000020000
        0.0001311651       -0.0005424249       -0.0004890552
        0.0043568500        0.0049149801       -0.0019302252
        0.0176064950        0.0072612301        0.0072612451
       -0.0679375000       -0.0352914500       -0.0713062997
       -0.0001196349       -0.0005907947        0.0005212550
       -0.0001884848       -0.0011773997        0.0003548450
       -0.0001650199       -0.0006645053       -0.0017993548
       -0.0259214150       -0.0119777249       -0.0070932100
        0.0732059300        0.0367612947        0.0737986699
       -0.0001377200        0.0000222903       -0.0000058699
        0.0001676599       -0.0002640797       -0.0000590950
       -0.0001425050        0.0003134701        0.0000909654
       -0.0000388852        0.0000021851       -0.0000317704
        0.0000649999       -0.0000492102       -0.0000553001
        0.0000315046       -0.0000039051       -0.0000094300
       -0.0006353798        0.0010256150        0.0006436096
       -0.0000184053       -0.0000141350        0.0000215348
       -0.0005412701       -0.0006387700       -0.0005740151
        0.0031757196       -0.0006178399        0.0002877047
       -0.0059250402        0.0115819799        0.0234906500
        0.0004984648       -0.0016529398        0.0005589700
       -0.0520182149        0.0145554000        0.0340429048
       -0.0027302701        0.0032906550       -0.0011306651
       -0.0001265300       -0.0002825601       -0.0000358250
        0.0003870448        0.0000697150       -0.0005832501
        0.0000264899       -0.0000210304       -0.0001377200
        0.0550544502       -0.0205571848       -0.0384482800
       -0.0025483001        0.0046489748        0.0081056498
        0.0053463950       -0.0113363600       -0.0261603799
        0.0000139448        0.0000171403        0.0000016448
       -0.0000020449        0.0000496001       -0.0000123453
        0.0000015100       -0.0000038997        0.0000021100
        0.0001273301       -0.0005885695       -0.0002985800
        0.0000040248        0.0000145005        0.0000172801
        0.0005400801        0.0002610750        0.0004073848
       -0.0020636398        0.0010552100        0.0008072752
        0.0032476501       -0.0123754600       -0.0243078546
       -0.0006028350        0.0012534750       -0.0014807145
        0.0156062151       -0.0934716647       -0.0981549351
        0.0035097304       -0.0024450000        0.0013818749
       -0.0000445948        0.0003843999        0.0003058105
        0.0000543002       -0.0002129150        0.0008528801
        0.0000011602       -0.0000943049        0.0000222903
       -0.0205571848        0.1016560498        0.1091963202
       -0.0030137448        0.0104890952        0.0216221000
        0.0031778450       -0.0059850748       -0.0103456648
        0.0000110148       -0.0000221999       -0.0000013256
        0.0000612201       -0.0000040953       -0.0000392404
        0.0000201845        0.0000251447        0.0000087348
        0.0000361300        0.0001612247        0.0001036099
        0.0000212196       -0.0000072299       -0.0000194751
       -0.0002612950        0.0001588000        0.0001549947
        0.0008539948        0.0002701350        0.0006659846
       -0.0009880102        0.0015030597        0.0009747001
       -0.0002082152        0.0003140599        0.0013239051
        0.0352020200       -0.0996280500       -0.2656592153
       -0.0006100700        0.0006142352        0.0013174548
        0.0000164150        0.0000635649        0.0001659652
       -0.0001241503       -0.0005519303        0.0002532295
        0.0001173450        0.0000299846       -0.0000058699
       -0.0384482800        0.1091963202        0.2854589803
        0.0016240850       -0.0099522202       -0.0168591501
        0.0026599997       -0.0021525602       -0.0078414300
        0.0000046501       -0.0000032696       -0.0000020751
        0.0000633599        0.0000041950       -0.0000526902
        0.0000243548        0.0000035001        0.0000102148
       -0.0005288101        0.0006532153        0.0003912947
       -0.0000350951       -0.0000201149       -0.0000068800
        0.0000744549       -0.0003674100       -0.0001958102
        0.0028646301       -0.0007479247        0.0005786248
        0.0056912600        0.0180544248       -0.0177955297
       -0.0038194000        0.0027531499        0.0000103853
       -0.0701712102       -0.0571913799        0.0524481698
        0.0009489551       -0.0009781999        0.0002339601
        0.0004974950        0.0012577399       -0.0008636198
       -0.0001499450       -0.0000907750        0.0000021450
        0.0001674101        0.0001740750        0.0001676599
       -0.0025483001       -0.0030137448        0.0016240850
        0.0737999500        0.0581166549       -0.0560109902
       -0.0068824951       -0.0186071850        0.0194592252
       -0.0000020648        0.0000002402       -0.0000014651
        0.0000326654       -0.0000440548        0.0000448949
        0.0000074300        0.0000019401        0.0000106547
        0.0002801252       -0.0001142897       -0.0001709103
        0.0000120150        0.0000075352        0.0000149399
        0.0000029050        0.0002189552       -0.0000193552
       -0.0014107400        0.0017246302       -0.0011734053
       -0.0096638149       -0.0176397450        0.0160654051
        0.0048780751       -0.0028131100       -0.0007608045
       -0.0545866300       -0.1824032296        0.1233364600
       -0.0005485546        0.0006383002       -0.0004368749
       -0.0003771297       -0.0009358700        0.0013759202
        0.0000375300        0.0000986850        0.0000430597
        0.0001200553        0.0004063250       -0.0002640797
        0.0046489748        0.0104890952       -0.0099522202
        0.0581166549        0.1988473099       -0.1356389549
       -0.0015485000       -0.0084794746        0.0075729051
       -0.0000010101        0.0000084449       -0.0000060254
       -0.0000173199        0.0000211199       -0.0000416051
        0.0000037949       -0.0000237401        0.0000058250
       -0.0003863448        0.0002905350        0.0002425449
       -0.0000502754       -0.0000064099        0.0000122799
        0.0000252450       -0.0002989199       -0.0002445452
        0.0002121300       -0.0005667951        0.0001779898
        0.0006112552       -0.0004602151       -0.0017681302
       -0.0008020652        0.0005044299        0.0008456200
        0.0515141801        0.1241107651       -0.1627606102
       -0.0005815301       -0.0001849750        0.0004401051
        0.0002963202        0.0002687247        0.0002578952
        0.0000289597       -0.0002841750        0.0005792899
        0.0002257198        0.0000552947       -0.0000590950
        0.0081056498        0.0216221000       -0.0168591501
       -0.0560109902       -0.1356389549        0.1720531901
       -0.0031742601       -0.0093734252        0.0071254999
        0.0000185298        0.0000162700        0.0000132945
       -0.0003946249        0.0001865448        0.0002669546
       -0.0001282953       -0.0000940503       -0.0000417452
        0.0012823449       -0.0020856601       -0.0019988053
       -0.0000222656       -0.0000037750       -0.0000043801
       -0.0000569253        0.0009677697        0.0006446447
       -0.0064362953        0.0048907199        0.0002178197
       -0.0165873249       -0.0135760354       -0.0068145201
        0.0005393699       -0.0011231003        0.0001033399
       -0.2462030250       -0.0918507300       -0.0736656003
        0.0004721900       -0.0001090950        0.0006516299
        0.0002869200        0.0000978898        0.0003695351
        0.0000100198        0.0001246946        0.0000353347
        0.0005279398        0.0005416146       -0.0001425050
        0.0053463950        0.0031778450        0.0026599997
       -0.0068824951       -0.0015485000       -0.0031742601
        0.2682293103        0.1004004596        0.0808810248
       -0.0000162501       -0.0000262449       -0.0000057651
        0.0003938499       -0.0001921600       -0.0002325550
        0.0001321396        0.0001025899        0.0000357798
        0.0004512401        0.0014916802        0.0012140796
        0.0000425899        0.0000136552       -0.0000067001
       -0.0002726301       -0.0004167552       -0.0001608552
        0.0065879451       -0.0029103347        0.0004881548
        0.0174202401        0.0102357200        0.0080384851
       -0.0005026101        0.0005560750       -0.0000704949
       -0.0940101049       -0.0919386599       -0.0347548453
       -0.0007608949        0.0007728951       -0.0005469951
       -0.0000487998        0.0002137250       -0.0002665848
       -0.0000614801       -0.0000100903        0.0000816749
        0.0001974800       -0.0005063603        0.0003134701
       -0.0113363600       -0.0059850748       -0.0021525602
       -0.0186071850       -0.0084794746       -0.0093734252
        0.1004004596        0.0970806400        0.0373990150
        0.0000014799       -0.0000187296       -0.0000006753
       -0.0000239098        0.0000647103       -0.0000422801
       -0.0000035351       -0.0000021649       -0.0000032449
        0.0001462701       -0.0002202847        0.0002030751
        0.0000039049        0.0000021802       -0.0000128600
       -0.0001012648        0.0001822252       -0.0000070750
       -0.0004014998        0.0002616852        0.0013388401
       -0.0002077650       -0.0012286350       -0.0029899650
        0.0000266999       -0.0001711297       -0.0000228246
       -0.0736742948       -0.0342177648       -0.0742657502
       -0.0000089048        0.0001976952       -0.0000112348
        0.0002131003        0.0000245601        0.0000065751
       -0.0001171051       -0.0000338250       -0.0000159702
       -0.0000368146        0.0005309997        0.0000909654
       -0.0261603799       -0.0103456648       -0.0078414300
        0.0194592252        0.0075729051        0.0071254999
        0.0808810248        0.0373990150        0.0764479398
