   10   30
        0.8982430001       -0.1250666702       -0.0000355101
       -0.1588761901       -0.0529911699       -0.0000014401
       -0.4333143949        0.2831997801       -0.0000162100
       -0.2924138801       -0.0551220299       -0.0000169254
        0.0001242699       -0.0556735000       -0.0000012551
       -0.0036477499       -0.0058472150       -0.0000000648
        0.0034444901        0.0019487550       -0.0000000102
       -0.0040669602        0.0044765397        0.0000000301
        0.0000328049        0.0004057051        0.0000000298
       -0.0095239150        0.0047594347       -0.0000003050
       -0.1250666702        0.8102367400       -0.0000349348
       -0.0695640350       -0.3535442497       -0.0000175501
        0.2632877701       -0.3755573749       -0.0000157499
       -0.0629958552       -0.0650589797        0.0000000449
       -0.0386517752       -0.0201769700       -0.0000003749
       -0.0058472401        0.0334105300       -0.0000000551
       -0.0229476100       -0.0214249400       -0.0000000750
        0.0264100450       -0.0122997500       -0.0000000250
        0.0009053352       -0.0027434149       -0.0000000102
        0.0345615399        0.0071579399       -0.0000002200
       -0.0000355101       -0.0000349348        0.2029517100
       -0.0000007699       -0.0000161700       -0.0649810900
       -0.0000165596       -0.0000161501       -0.0742721602
       -0.0000135898       -0.0000007748       -0.0669847603
        0.0000002700       -0.0000006901        0.0032853751
       -0.0000001049       -0.0000000702        0.0005214551
       -0.0000000597        0.0000000250       -0.0004112854
        0.0000000301       -0.0000000199       -0.0008057248
        0.0000000401        0.0000000600        0.0001425300
       -0.0000000699       -0.0000000102        0.0005547852
       -0.1588761901       -0.0695640350       -0.0000007699
        0.5302531201        0.0938978951       -0.0000278604
        0.0392853900        0.0406648851       -0.0000003701
       -0.0067155298       -0.0407465299       -0.0000005002
       -0.3667415351       -0.0189063650       -0.0000264552
        0.0034444250       -0.0229476450       -0.0000000500
        0.0055766100        0.0103890400       -0.0000000253
       -0.0372549849        0.0066797048       -0.0000001702
       -0.0017322299        0.0023610551       -0.0000000452
       -0.0072385299       -0.0018921304       -0.0000000301
       -0.0529911699       -0.3535442497       -0.0000161700
        0.0938978951        0.5132363498       -0.0000163851
        0.0389845101       -0.0849372347       -0.0000008549
       -0.0054226447       -0.0189377346       -0.0000003050
       -0.0486468400       -0.0580191698        0.0000015402
        0.0019487152       -0.0214249650        0.0000000102
        0.0103890304        0.0128639999        0.0000000549
       -0.0196918501        0.0132348100        0.0000000452
       -0.0008725149        0.0018265450        0.0000000151
       -0.0176607199       -0.0043000301       -0.0000000500
       -0.0000014401       -0.0000175501       -0.0649810900
       -0.0000278604       -0.0000163851        0.0493014602
       -0.0000002498       -0.0000013750        0.0298695548
        0.0000000148       -0.0000003450        0.0116627996
       -0.0000250103        0.0000012500       -0.0306433651
       -0.0000000449       -0.0000001100       -0.0004112903
       -0.0000000099        0.0000000597        0.0010338698
       -0.0000004550        0.0000000347        0.0063535350
        0.0000000699        0.0000000199       -0.0008065700
        0.0000002149       -0.0000000404       -0.0013785802
       -0.4333143949        0.2632877701       -0.0000165596
        0.0392853900        0.0389845101       -0.0000002498
        0.4474287198       -0.3327857300       -0.0000172349
       -0.0289709999        0.0367216353       -0.0000006901
       -0.0155927250        0.0024374651       -0.0000000949
       -0.0040669599        0.0264100601        0.0000000600
       -0.0372549150       -0.0196918097       -0.0000004252
        0.0135079151       -0.0104773798       -0.0000000949
       -0.0003195348       -0.0028359048       -0.0000000099
        0.0192975602       -0.0019200399       -0.0000004547
        0.2831997801       -0.3755573749       -0.0000161501
        0.0406648851       -0.0849372347       -0.0000013750
       -0.3327857300        0.4573104599       -0.0000169999
        0.0094328149        0.0040077350       -0.0000001651
        0.0161884299        0.0073158452       -0.0000000199
        0.0044765352       -0.0122997398       -0.0000000099
        0.0066797702        0.0132348350        0.0000000699
       -0.0104773898        0.0032180998        0.0000000500
       -0.0004120798        0.0010941952        0.0000000151
       -0.0168319400       -0.0133867800       -0.0000001100
       -0.0000162100       -0.0000157499       -0.0742721602
       -0.0000003701       -0.0000008549        0.0298695548
       -0.0000172349       -0.0000169999        0.0350239100
       -0.0000001302       -0.0000002348        0.0199806050
       -0.0000002001       -0.0000000250       -0.0063854651
       -0.0000000099       -0.0000000648       -0.0008057552
       -0.0000001398        0.0000000301        0.0063535046
       -0.0000001148       -0.0000000102        0.0017210800
        0.0000000153       -0.0000000048       -0.0006884801
        0.0000003752       -0.0000001253       -0.0107968799
       -0.2924138801       -0.0629958552       -0.0000135898
       -0.0067155298       -0.0054226447        0.0000000148
       -0.0289709999        0.0094328149       -0.0000001302
        0.3249464100        0.0595342601       -0.0000145502
        0.0023600947       -0.0005260549       -0.0000000350
        0.0000327699        0.0009052951        0.0000000247
       -0.0017322299       -0.0008725098       -0.0000000054
       -0.0003195700       -0.0004121253        0.0000000699
       -0.0001141447       -0.0001155101        0.0000000099
        0.0029284752        0.0004580497        0.0000000099
       -0.0551220299       -0.0650589797       -0.0000007748
       -0.0407465299       -0.0189377346       -0.0000003450
        0.0367216353        0.0040077350       -0.0000002348
        0.0595342601        0.0850684597        0.0000001000
        0.0030907648       -0.0048623698       -0.0000000600
        0.0004056903       -0.0027434047        0.0000000853
        0.0023610954        0.0018265803        0.0000000048
       -0.0028359048        0.0010941901       -0.0000000148
       -0.0001154848        0.0002886253       -0.0000000051
       -0.0033089549       -0.0006833699       -0.0000000097
       -0.0000169254        0.0000000449       -0.0669847603
       -0.0000005002       -0.0000003050        0.0116627996
       -0.0000006901       -0.0000001651        0.0199806050
       -0.0000145502        0.0000001000        0.0276099604
       -0.0000000006        0.0000000099        0.0070293146
        0.0000000298       -0.0000000102        0.0001425647
        0.0000000151        0.0000000497       -0.0008065453
       -0.0000000153        0.0000000148       -0.0006884602
        0.0000000702        0.0000000449        0.0001618196
        0.0000000696        0.0000000148        0.0018939150
        0.0001242699       -0.0386517752        0.0000002700
       -0.3667415351       -0.0486468400       -0.0000250103
       -0.0155927250        0.0161884299       -0.0000002001
        0.0023600947        0.0030907648       -0.0000000006
        0.3616982303        0.0668580299       -0.0000247502
       -0.0095239400        0.0345615101       -0.0000000352
       -0.0072384850       -0.0176606952        0.0000002595
        0.0192975750       -0.0168319804        0.0000004150
        0.0029285050       -0.0033089552        0.0000000799
        0.0126876799        0.0043687498        0.0000000048
       -0.0556735000       -0.0201769700       -0.0000006901
       -0.0189063650       -0.0580191698        0.0000012500
        0.0024374651        0.0073158452       -0.0000000250
       -0.0005260549       -0.0048623698        0.0000000099
        0.0668580299        0.0876786299        0.0000010451
        0.0047594702        0.0071579552        0.0000000350
       -0.0018920548       -0.0042999699        0.0000000247
       -0.0019200451       -0.0133867601       -0.0000000850
        0.0004581051       -0.0006833798        0.0000000298
        0.0043687703       -0.0007244850        0.0000000352
       -0.0000012551       -0.0000003749        0.0032853751
       -0.0000264552        0.0000015402       -0.0306433651
       -0.0000000949       -0.0000000199       -0.0063854651
       -0.0000000350       -0.0000000600        0.0070293146
       -0.0000247502        0.0000010451        0.0356895100
       -0.0000003101       -0.0000002248        0.0005548097
       -0.0000000446       -0.0000000151       -0.0013785552
       -0.0000004650       -0.0000001302       -0.0107968501
       -0.0000000048        0.0000000102        0.0018938951
       -0.0000000099       -0.0000000051        0.0007511653
       -0.0036477499       -0.0058472401       -0.0000001049
        0.0034444250        0.0019487152       -0.0000000449
       -0.0040669599        0.0044765352       -0.0000000099
        0.0000327699        0.0004056903        0.0000000298
       -0.0095239400        0.0047594702       -0.0000003101
        0.8982430398       -0.1250666949       -0.0000355101
       -0.1588761796       -0.0529911799       -0.0000014302
       -0.4333144250        0.2831997350       -0.0000162098
       -0.2924138846       -0.0551220498       -0.0000169601
        0.0001242552       -0.0556735600       -0.0000012597
       -0.0058472150        0.0334105300       -0.0000000702
       -0.0229476450       -0.0214249650       -0.0000001100
        0.0264100601       -0.0122997398       -0.0000000648
        0.0009052951       -0.0027434047       -0.0000000102
        0.0345615101        0.0071579552       -0.0000002248
       -0.1250666949        0.8102367599       -0.0000349351
       -0.0695640099       -0.3535442349       -0.0000175402
        0.2632877300       -0.3755574102       -0.0000157297
       -0.0629958598       -0.0650589999        0.0000000148
       -0.0386517999       -0.0201770251       -0.0000003698
       -0.0000000648       -0.0000000551        0.0005214551
       -0.0000000500        0.0000000102       -0.0004112903
        0.0000000600       -0.0000000099       -0.0008057552
        0.0000000247        0.0000000853        0.0001425647
       -0.0000000352        0.0000000350        0.0005548097
       -0.0000355101       -0.0000349351        0.2029516901
       -0.0000006949       -0.0000161248       -0.0649810701
       -0.0000165448       -0.0000161651       -0.0742721252
       -0.0000135449       -0.0000007449       -0.0669847950
        0.0000002649       -0.0000006654        0.0032854101
        0.0034444901       -0.0229476100       -0.0000000597
        0.0055766100        0.0103890304       -0.0000000099
       -0.0372549150        0.0066797702       -0.0000001398
       -0.0017322299        0.0023610954        0.0000000151
       -0.0072384850       -0.0018920548       -0.0000000446
       -0.1588761796       -0.0695640099       -0.0000006949
        0.5302530496        0.0938979503       -0.0000278402
        0.0392854051        0.0406649153       -0.0000003249
       -0.0067154696       -0.0407465097       -0.0000004997
       -0.3667414649       -0.0189063701       -0.0000264149
        0.0019487550       -0.0214249400        0.0000000250
        0.0103890400        0.0128639999        0.0000000597
       -0.0196918097        0.0132348350        0.0000000301
       -0.0008725098        0.0018265803        0.0000000497
       -0.0176606952       -0.0042999699       -0.0000000151
       -0.0529911799       -0.3535442349       -0.0000161248
        0.0938979503        0.5132363100       -0.0000163604
        0.0389845201       -0.0849372353       -0.0000008200
       -0.0054225998       -0.0189377150       -0.0000002751
       -0.0486468448       -0.0580191750        0.0000015652
       -0.0000000102       -0.0000000750       -0.0004112854
       -0.0000000253        0.0000000549        0.0010338698
       -0.0000004252        0.0000000699        0.0063535046
       -0.0000000054        0.0000000048       -0.0008065453
        0.0000002595        0.0000000247       -0.0013785552
       -0.0000014302       -0.0000175402       -0.0649810701
       -0.0000278402       -0.0000163604        0.0493014204
       -0.0000002450       -0.0000013702        0.0298696247
        0.0000000699       -0.0000003354        0.0116627797
       -0.0000249952        0.0000012395       -0.0306433350
       -0.0040669602        0.0264100450        0.0000000301
       -0.0372549849       -0.0196918501       -0.0000004550
        0.0135079151       -0.0104773898       -0.0000001148
       -0.0003195700       -0.0028359048       -0.0000000153
        0.0192975750       -0.0019200451       -0.0000004650
       -0.4333144250        0.2632877300       -0.0000165448
        0.0392854051        0.0389845201       -0.0000002450
        0.4474287499       -0.3327857553       -0.0000172199
       -0.0289709899        0.0367216100       -0.0000007202
       -0.0155927700        0.0024374148       -0.0000001097
        0.0044765397       -0.0122997500       -0.0000000199
        0.0066797048        0.0132348100        0.0000000347
       -0.0104773798        0.0032180998       -0.0000000102
       -0.0004121253        0.0010941901        0.0000000148
       -0.0168319804       -0.0133867601       -0.0000001302
        0.2831997350       -0.3755574102       -0.0000161651
        0.0406649153       -0.0849372353       -0.0000013702
       -0.3327857553        0.4573105002       -0.0000169851
        0.0094328149        0.0040077001       -0.0000001953
        0.0161883949        0.0073157648       -0.0000000350
        0.0000000301       -0.0000000250       -0.0008057248
       -0.0000001702        0.0000000452        0.0063535350
       -0.0000000949        0.0000000500        0.0017210800
        0.0000000699       -0.0000000148       -0.0006884602
        0.0000004150       -0.0000000850       -0.0107968501
       -0.0000162098       -0.0000157297       -0.0742721252
       -0.0000003249       -0.0000008200        0.0298696247
       -0.0000172199       -0.0000169851        0.0350238599
       -0.0000000350       -0.0000002350        0.0199806198
       -0.0000001850       -0.0000000301       -0.0063854347
        0.0000328049        0.0009053352        0.0000000401
       -0.0017322299       -0.0008725149        0.0000000699
       -0.0003195348       -0.0004120798        0.0000000153
       -0.0001141447       -0.0001154848        0.0000000702
        0.0029285050        0.0004581051       -0.0000000048
       -0.2924138846       -0.0629958598       -0.0000135449
       -0.0067154696       -0.0054225998        0.0000000699
       -0.0289709899        0.0094328149       -0.0000000350
        0.3249463697        0.0595342601       -0.0000145999
        0.0023601152       -0.0005261049       -0.0000000148
        0.0004057051       -0.0027434149        0.0000000600
        0.0023610551        0.0018265450        0.0000000199
       -0.0028359048        0.0010941952       -0.0000000048
       -0.0001155101        0.0002886253        0.0000000449
       -0.0033089552       -0.0006833798        0.0000000102
       -0.0551220498       -0.0650589999       -0.0000007449
       -0.0407465097       -0.0189377150       -0.0000003354
        0.0367216100        0.0040077001       -0.0000002350
        0.0595342601        0.0850684700        0.0000001350
        0.0030907898       -0.0048624352       -0.0000000250
        0.0000000298       -0.0000000102        0.0001425300
       -0.0000000452        0.0000000151       -0.0008065700
       -0.0000000099        0.0000000151       -0.0006884801
        0.0000000099       -0.0000000051        0.0001618196
        0.0000000799        0.0000000298        0.0018938951
       -0.0000169601        0.0000000148       -0.0669847950
       -0.0000004997       -0.0000002751        0.0116627797
       -0.0000007202       -0.0000001953        0.0199806198
       -0.0000145999        0.0000001350        0.0276100002
       -0.0000000352       -0.0000000355        0.0070292899
       -0.0095239150        0.0345615399       -0.0000000699
       -0.0072385299       -0.0176607199        0.0000002149
        0.0192975602       -0.0168319400        0.0000003752
        0.0029284752       -0.0033089549        0.0000000696
        0.0126876799        0.0043687703       -0.0000000099
        0.0001242552       -0.0386517999        0.0000002649
       -0.3667414649       -0.0486468448       -0.0000249952
       -0.0155927700        0.0161883949       -0.0000001850
        0.0023601152        0.0030907898       -0.0000000352
        0.3616982599        0.0668579699       -0.0000247400
        0.0047594347        0.0071579399       -0.0000000102
       -0.0018921304       -0.0043000301       -0.0000000404
       -0.0019200399       -0.0133867800       -0.0000001253
        0.0004580497       -0.0006833699        0.0000000148
        0.0043687498       -0.0007244850       -0.0000000051
       -0.0556735600       -0.0201770251       -0.0000006654
       -0.0189063701       -0.0580191750        0.0000012395
        0.0024374148        0.0073157648       -0.0000000301
       -0.0005261049       -0.0048624352       -0.0000000355
        0.0668579699        0.0876787004        0.0000010351
       -0.0000003050       -0.0000002200        0.0005547852
       -0.0000000301       -0.0000000500       -0.0013785802
       -0.0000004547       -0.0000001100       -0.0107968799
        0.0000000099       -0.0000000097        0.0018939150
        0.0000000048        0.0000000352        0.0007511653
       -0.0000012597       -0.0000003698        0.0032854101
       -0.0000264149        0.0000015652       -0.0306433350
       -0.0000001097       -0.0000000350       -0.0063854347
       -0.0000000148       -0.0000000250        0.0070292899
       -0.0000247400        0.0000010351        0.0356894998
