   14   42
        0.6911696801        0.0000152349       -0.0000262901
       -0.1089009001       -0.0000254251        0.0000012651
       -0.2944050651        0.1377655850        0.0003370900
       -0.2944050701       -0.1377276999       -0.0003642951
        0.0032499800        0.0304471500       -0.0000363499
        0.0032499800       -0.0304471149        0.0000355500
       -0.0000146950       -0.0000000351       -0.0000000001
        0.0002716601       -0.0000000750       -0.0000000101
       -0.0001989602       -0.0000000399        0.0000000351
       -0.0000163800       -0.0000000050        0.0000000050
        0.0000000099        0.0000000000        0.0000000000
        0.0000000099        0.0000000050        0.0000000050
        0.0000000000        0.0000000050        0.0000000050
        0.0000000000        0.0000000050        0.0000000099
        0.0000152349        0.8972653501        0.0005057750
       -0.0000254251       -0.5985896902       -0.0001629701
        0.1431997799       -0.1375288950       -0.0002124200
       -0.1431606751       -0.1375288900       -0.0002124200
       -0.0050272800       -0.0117611749        0.0000387351
        0.0050261899       -0.0117611751        0.0000387351
        0.0000000549       -0.0000191451        0.0006614250
        0.0000000500        0.0003336947        0.0008839250
       -0.0000000752       -0.0003942549       -0.0015791950
       -0.0000000399       -0.0000156200       -0.0000231900
        0.0000000099        0.0000000000        0.0000000000
        0.0000000099        0.0000000050        0.0000000050
        0.0000000000        0.0000000050        0.0000000050
        0.0000000000        0.0000000050        0.0000000099
       -0.0000262901        0.0005057750        0.0985533700
        0.0000012651        0.0001212599       -0.0389955950
        0.0001001401       -0.0003187299       -0.0330716300
       -0.0001245101       -0.0003187299       -0.0330716300
       -0.0000007400        0.0000365351        0.0043972051
        0.0000009851        0.0000365351        0.0043972051
        0.0000000101       -0.0001456800       -0.0008180801
        0.0000000151       -0.0001403450       -0.0008190899
       -0.0000000601        0.0001045701       -0.0005967800
       -0.0000000750        0.0000583452        0.0000263601
        0.0000000099        0.0000000000        0.0000000000
        0.0000000099        0.0000000050        0.0000000050
        0.0000000000        0.0000000050        0.0000000050
        0.0000000000        0.0000000050        0.0000000099
       -0.1089009001       -0.0000254251        0.0000012651
        0.6911696801        0.0000152349       -0.0000262901
        0.0032499800        0.0304471550        0.0000355500
        0.0032499800       -0.0304471149       -0.0000363499
       -0.2944050651        0.1377655801       -0.0003642951
       -0.2944050701       -0.1377277049        0.0003370950
       -0.0000146900       -0.0000000401        0.0000000050
        0.0002716601       -0.0000000750       -0.0000000101
       -0.0001989602       -0.0000000399        0.0000000351
       -0.0000163800       -0.0000000050        0.0000000050
        0.0000000099        0.0000000000        0.0000000000
        0.0000000099        0.0000000050        0.0000000050
        0.0000000000        0.0000000050        0.0000000050
        0.0000000000        0.0000000050        0.0000000099
       -0.0000254251       -0.5985896902        0.0001212599
        0.0000152349        0.8972653501       -0.0005682901
       -0.0050272800       -0.0117611751       -0.0000391900
        0.0050261899       -0.0117611751       -0.0000391900
        0.1431997799       -0.1375288900        0.0002034750
       -0.1431606751       -0.1375288900        0.0002034750
        0.0000000499       -0.0000191501       -0.0006614151
        0.0000000550        0.0003336947       -0.0008839450
       -0.0000000752       -0.0003942549        0.0015793900
       -0.0000000450       -0.0000156200        0.0000232050
        0.0000000099        0.0000000000        0.0000000000
        0.0000000099        0.0000000050        0.0000000050
        0.0000000000        0.0000000050        0.0000000050
        0.0000000000        0.0000000050        0.0000000099
        0.0000012651       -0.0001629701       -0.0389955950
       -0.0000262901       -0.0005682901        0.0985533700
        0.0000009901       -0.0000368948        0.0043972051
       -0.0000007451       -0.0000368948        0.0043972051
       -0.0001245101        0.0003108850       -0.0330716250
        0.0001001401        0.0003108801       -0.0330716250
        0.0000000101        0.0001455498       -0.0008180801
        0.0000000101        0.0001402499       -0.0008190950
       -0.0000000601       -0.0001046499       -0.0005967750
       -0.0000000750       -0.0000583549        0.0000263601
        0.0000000050       -0.0000000050       -0.0000000050
        0.0000000050        0.0000000000        0.0000000000
       -0.0000000050        0.0000000050        0.0000000000
       -0.0000000050        0.0000000000        0.0000000050
       -0.2944050651        0.1431997799        0.0001001401
        0.0032499800       -0.0050272800        0.0000009901
        0.3027592899       -0.1525100049       -0.0002946000
       -0.0147867900        0.0150765402        0.0001050451
        0.0018794550       -0.0006881800        0.0000699751
        0.0013940401       -0.0000569399       -0.0000239299
        0.0000231350       -0.0000343901       -0.0000568150
        0.0000391201        0.0000067699       -0.0000028199
       -0.0001447100        0.0000622300        0.0000717601
       -0.0000082399        0.0000093601        0.0000051901
        0.0000000099        0.0000000000        0.0000000000
        0.0000000099        0.0000000050        0.0000000050
        0.0000000000        0.0000000050        0.0000000050
        0.0000000000        0.0000000050        0.0000000099
        0.1377655850       -0.1375288950       -0.0003187299
        0.0304471550       -0.0117611751       -0.0000368948
       -0.1525100049        0.1436434297        0.0002735752
       -0.0150773350        0.0095203802        0.0000755202
       -0.0006881800       -0.0054944996       -0.0000185098
        0.0000569752        0.0016595502        0.0000196751
       -0.0000305549        0.0000113600        0.0000415352
       -0.0000063999       -0.0000195699        0.0000013202
        0.0000736051       -0.0000289097       -0.0000408099
        0.0000084601       -0.0000016198       -0.0000047397
        0.0000000099        0.0000000000        0.0000000000
        0.0000000099        0.0000000050        0.0000000050
        0.0000000000        0.0000000050        0.0000000050
        0.0000000000        0.0000000050        0.0000000099
        0.0003370900       -0.0002124200       -0.0330716300
        0.0000355500       -0.0000391900        0.0043972051
       -0.0002946000        0.0002735752        0.0210675898
       -0.0001055250        0.0000755252        0.0025586151
       -0.0000701199        0.0000183401        0.0136082852
       -0.0000239250       -0.0000197448       -0.0087135049
       -0.0000304949        0.0000432750        0.0001142601
       -0.0000810698        0.0000445300        0.0000827201
        0.0001949950       -0.0001802297       -0.0000200647
        0.0000108750       -0.0000123899       -0.0000229399
        0.0000000099        0.0000000000        0.0000000000
        0.0000000099        0.0000000050        0.0000000050
        0.0000000000        0.0000000050        0.0000000050
        0.0000000000        0.0000000050        0.0000000099
       -0.2944050701       -0.1431606751       -0.0001245101
        0.0032499800        0.0050261899       -0.0000007451
       -0.0147867900       -0.0150773350       -0.0001055250
        0.3027592899        0.1525484701        0.0002691350
        0.0013940451        0.0000569752        0.0000238350
        0.0018794550        0.0006880751       -0.0000701249
        0.0000231400        0.0000343150        0.0000568251
        0.0000391151       -0.0000068201        0.0000028800
       -0.0001447100       -0.0000622148       -0.0000717348
       -0.0000082349       -0.0000093699       -0.0000051848
        0.0000000099        0.0000000000        0.0000000000
        0.0000000099        0.0000000050        0.0000000050
       -0.0000000050        0.0000000050        0.0000000000
        0.0000000000        0.0000000050        0.0000000099
       -0.1377276999       -0.1375288900       -0.0003187299
       -0.0304471149       -0.0117611751       -0.0000368948
        0.0150765402        0.0095203802        0.0000755252
        0.1525484701        0.1436434297        0.0002735752
       -0.0000569349        0.0016595502        0.0000196751
        0.0006880751       -0.0054944996       -0.0000185048
        0.0000305850        0.0000113600        0.0000415352
        0.0000064202       -0.0000195750        0.0000013101
       -0.0000737600       -0.0000289097       -0.0000408099
       -0.0000085949       -0.0000016198       -0.0000047447
        0.0000000099        0.0000000000        0.0000000000
        0.0000000099        0.0000000050        0.0000000050
        0.0000000000        0.0000000050        0.0000000050
        0.0000000000        0.0000000050        0.0000000099
       -0.0003642951       -0.0002124200       -0.0330716300
       -0.0000363499       -0.0000391900        0.0043972051
        0.0001050451        0.0000755202        0.0025586151
        0.0002691350        0.0002735752        0.0210675898
        0.0000238350       -0.0000197448       -0.0087135049
        0.0000699801        0.0000183451        0.0136082852
        0.0000305199        0.0000432750        0.0001142601
        0.0000810552        0.0000445351        0.0000827201
       -0.0001951550       -0.0001802297       -0.0000200647
       -0.0000110249       -0.0000123899       -0.0000229399
        0.0000000099        0.0000000000        0.0000000000
        0.0000000099        0.0000000050        0.0000000050
        0.0000000000        0.0000000050        0.0000000050
        0.0000000000        0.0000000050        0.0000000099
        0.0032499800       -0.0050272800       -0.0000007400
       -0.2944050651        0.1431997799       -0.0001245101
        0.0018794550       -0.0006881800       -0.0000701199
        0.0013940451       -0.0000569349        0.0000238350
        0.3027592899       -0.1525099948        0.0002691350
       -0.0147867900        0.0150765401       -0.0001055250
        0.0000231400       -0.0000343850        0.0000568251
        0.0000391151        0.0000067699        0.0000028800
       -0.0001447100        0.0000622300       -0.0000717398
       -0.0000082349        0.0000093601       -0.0000051848
        0.0000000099        0.0000000000        0.0000000000
        0.0000000099        0.0000000050        0.0000000050
        0.0000000000        0.0000000050        0.0000000050
        0.0000000000        0.0000000050        0.0000000099
        0.0304471500       -0.0117611749        0.0000365351
        0.1377655801       -0.1375288900        0.0003108850
       -0.0006881800       -0.0054944996        0.0000183401
        0.0000569752        0.0016595502       -0.0000197448
       -0.1525099948        0.1436434297       -0.0002811899
       -0.0150773400        0.0095203802       -0.0000756648
       -0.0000305549        0.0000113600       -0.0000415199
       -0.0000063899       -0.0000195750       -0.0000012999
        0.0000736051       -0.0000289097        0.0000408401
        0.0000084601       -0.0000016198        0.0000047503
        0.0000000099        0.0000000000        0.0000000000
        0.0000000099        0.0000000050        0.0000000050
        0.0000000000        0.0000000050        0.0000000050
        0.0000000000        0.0000000050        0.0000000099
       -0.0000363499        0.0000387351        0.0043972051
       -0.0003642951        0.0002034750       -0.0330716250
        0.0000699751       -0.0000185098        0.0136082852
        0.0000238350        0.0000196751       -0.0087135049
        0.0002691350       -0.0002811899        0.0210675898
        0.0001050451       -0.0000756648        0.0025586151
        0.0000305249       -0.0000433799        0.0001142601
        0.0000810851       -0.0000445799        0.0000827201
       -0.0001951550        0.0001801553       -0.0000200647
       -0.0000110199        0.0000123802       -0.0000229399
        0.0000000099        0.0000000000        0.0000000000
        0.0000000099        0.0000000050        0.0000000050
        0.0000000000        0.0000000050        0.0000000050
        0.0000000000        0.0000000050        0.0000000099
        0.0032499800        0.0050261899        0.0000009851
       -0.2944050701       -0.1431606751        0.0001001401
        0.0013940401        0.0000569752       -0.0000239250
        0.0018794550        0.0006880751        0.0000699801
       -0.0147867900       -0.0150773400        0.0001050451
        0.3027592899        0.1525484701       -0.0002946049
        0.0000231400        0.0000343098       -0.0000568150
        0.0000391151       -0.0000068201       -0.0000028248
       -0.0001447100       -0.0000622148        0.0000717601
       -0.0000082349       -0.0000093699        0.0000051901
        0.0000000099        0.0000000000        0.0000000000
        0.0000000099        0.0000000050        0.0000000050
        0.0000000000        0.0000000050        0.0000000000
        0.0000000000        0.0000000000        0.0000000099
       -0.0304471149       -0.0117611751        0.0000365351
       -0.1377277049       -0.1375288900        0.0003108801
       -0.0000569399        0.0016595502       -0.0000197448
        0.0006880751       -0.0054944996        0.0000183451
        0.0150765401        0.0095203802       -0.0000756648
        0.1525484701        0.1436434297       -0.0002811899
        0.0000305900        0.0000113600       -0.0000415149
        0.0000064202       -0.0000195750       -0.0000012999
       -0.0000737650       -0.0000289047        0.0000408401
       -0.0000085949       -0.0000016198        0.0000047503
        0.0000000099        0.0000000000        0.0000000000
        0.0000000099        0.0000000050        0.0000000050
        0.0000000000        0.0000000050        0.0000000050
        0.0000000000        0.0000000050        0.0000000099
        0.0000355500        0.0000387351        0.0043972051
        0.0003370950        0.0002034750       -0.0330716250
       -0.0000239299        0.0000196751       -0.0087135049
       -0.0000701249       -0.0000185048        0.0136082852
       -0.0001055250       -0.0000756648        0.0025586151
       -0.0002946049       -0.0002811899        0.0210675898
       -0.0000304949       -0.0000433900        0.0001142601
       -0.0000810698       -0.0000445799        0.0000827201
        0.0001949950        0.0001801553       -0.0000200647
        0.0000108750        0.0000123802       -0.0000229399
        0.0000000099        0.0000000000        0.0000000000
        0.0000000099        0.0000000050        0.0000000050
        0.0000000000        0.0000000050        0.0000000050
        0.0000000000        0.0000000050        0.0000000099
       -0.0000146950        0.0000000549        0.0000000101
       -0.0000146900        0.0000000499        0.0000000101
        0.0000231350       -0.0000305549       -0.0000304949
        0.0000231400        0.0000305850        0.0000305199
        0.0000231400       -0.0000305549        0.0000305249
        0.0000231400        0.0000305900       -0.0000304949
        0.0235934800        0.0000034048       -0.0000670001
       -0.0080437098        0.0000016698       -0.0000434301
        0.0025649800       -0.0000006398        0.0000005551
       -0.0181780999        0.0000015001       -0.0000196150
        0.0000000099        0.0000000000        0.0000000000
        0.0000000099        0.0000000050        0.0000000050
        0.0000000000        0.0000000050        0.0000000050
        0.0000000000        0.0000000050        0.0000000099
       -0.0000000351       -0.0000191451       -0.0001456800
       -0.0000000401       -0.0000191501        0.0001455498
       -0.0000343901        0.0000113600        0.0000432750
        0.0000343150        0.0000113600        0.0000432750
       -0.0000343850        0.0000113600       -0.0000433799
        0.0000343098        0.0000113600       -0.0000433900
        0.0000034048        0.0236180901       -0.0000670251
        0.0000016549       -0.0081200450       -0.0000434750
       -0.0000007752        0.0026816350        0.0000005200
        0.0000014150       -0.0181871350       -0.0000196550
        0.0000000099        0.0000000050        0.0000000050
        0.0000000149        0.0000000050        0.0000000099
        0.0000000050        0.0000000050        0.0000000099
        0.0000000050        0.0000000099        0.0000000099
       -0.0000000001        0.0006614250       -0.0008180801
        0.0000000050       -0.0006614151       -0.0008180801
       -0.0000568150        0.0000415352        0.0001142601
        0.0000568251        0.0000415352        0.0001142601
        0.0000568251       -0.0000415199        0.0001142601
       -0.0000568150       -0.0000415149        0.0001142601
       -0.0000670001       -0.0000670251        1.5758783400
       -0.0000429149       -0.0000429500       -1.1300009349
        0.0000005448        0.0000004751        0.0087196401
       -0.0000221600       -0.0000221698       -0.4534174600
        0.0000000099        0.0000000000        0.0000000000
        0.0000000099        0.0000000099        0.0000000050
        0.0000000050        0.0000000099        0.0000000050
        0.0000000000        0.0000000050        0.0000000149
        0.0002716601        0.0000000500        0.0000000151
        0.0002716601        0.0000000550        0.0000000101
        0.0000391201       -0.0000063999       -0.0000810698
        0.0000391151        0.0000064202        0.0000810552
        0.0000391151       -0.0000063899        0.0000810851
        0.0000391151        0.0000064202       -0.0000810698
       -0.0080437098        0.0000016549       -0.0000429149
        0.0279962399        0.0000011900       -0.0000662848
       -0.0223390650        0.0000005801       -0.0000185698
        0.0016864300       -0.0000004347        0.0000003702
        0.0000000099        0.0000000000        0.0000000000
        0.0000000099        0.0000000050        0.0000000050
        0.0000000000        0.0000000050        0.0000000050
        0.0000000000        0.0000000050        0.0000000099
       -0.0000000750        0.0003336947       -0.0001403450
       -0.0000000750        0.0003336947        0.0001402499
        0.0000067699       -0.0000195699        0.0000445300
       -0.0000068201       -0.0000195750        0.0000445351
        0.0000067699       -0.0000195750       -0.0000445799
       -0.0000068201       -0.0000195750       -0.0000445799
        0.0000016698       -0.0081200450       -0.0000429500
        0.0000011900        0.0280261401       -0.0000663749
        0.0000003300       -0.0222155199       -0.0000186350
       -0.0000005201        0.0017201100        0.0000003651
        0.0000000099        0.0000000000        0.0000000000
        0.0000000099        0.0000000050        0.0000000050
        0.0000000000        0.0000000050        0.0000000050
        0.0000000000        0.0000000050        0.0000000099
       -0.0000000101        0.0008839250       -0.0008190899
       -0.0000000101       -0.0008839450       -0.0008190950
       -0.0000028199        0.0000013202        0.0000827201
        0.0000028800        0.0000013101        0.0000827201
        0.0000028800       -0.0000012999        0.0000827201
       -0.0000028248       -0.0000012999        0.0000827201
       -0.0000434301       -0.0000434750       -1.1300009349
       -0.0000662848       -0.0000663749        1.5698209998
       -0.0000215451       -0.0000216149       -0.4451956748
        0.0000003151        0.0000003503        0.0066832951
        0.0000000099        0.0000000000        0.0000000000
        0.0000000099        0.0000000050        0.0000000050
        0.0000000000        0.0000000050        0.0000000050
        0.0000000000        0.0000000050        0.0000000099
       -0.0001989602       -0.0000000752       -0.0000000601
       -0.0001989602       -0.0000000752       -0.0000000601
       -0.0001447100        0.0000736051        0.0001949950
       -0.0001447100       -0.0000737600       -0.0001951550
       -0.0001447100        0.0000736051       -0.0001951550
       -0.0001447100       -0.0000737650        0.0001949950
        0.0025649800       -0.0000007752        0.0000005448
       -0.0223390650        0.0000003300       -0.0000215451
        0.0145877601        0.0000017201       -0.0000201049
        0.0061623300       -0.0000001100        0.0000000050
        0.0000000099        0.0000000000        0.0000000000
        0.0000000099        0.0000000050        0.0000000050
        0.0000000000        0.0000000050        0.0000000050
        0.0000000000        0.0000000050        0.0000000099
       -0.0000000399       -0.0003942549        0.0001045701
       -0.0000000399       -0.0003942549       -0.0001046499
        0.0000622300       -0.0000289097       -0.0001802297
       -0.0000622148       -0.0000289097       -0.0001802297
        0.0000622300       -0.0000289097        0.0001801553
       -0.0000622148       -0.0000289047        0.0001801553
       -0.0000006398        0.0026816350        0.0000004751
        0.0000005801       -0.0222155199       -0.0000216149
        0.0000017201        0.0143280397       -0.0000201948
       -0.0000001097        0.0061099303        0.0000000053
        0.0000000099        0.0000000000        0.0000000000
        0.0000000099        0.0000000050        0.0000000050
        0.0000000000        0.0000000050        0.0000000050
        0.0000000000        0.0000000050        0.0000000099
        0.0000000351       -0.0015791950       -0.0005967800
        0.0000000351        0.0015793900       -0.0005967750
        0.0000717601       -0.0000408099       -0.0000200647
       -0.0000717348       -0.0000408099       -0.0000200647
       -0.0000717398        0.0000408401       -0.0000200647
        0.0000717601        0.0000408401       -0.0000200647
        0.0000005551        0.0000005200        0.0087196401
       -0.0000185698       -0.0000186350       -0.4451956748
       -0.0000201049       -0.0000201948        0.4377981998
        0.0000000250        0.0000000203       -0.0000477499
        0.0000000099        0.0000000000        0.0000000000
        0.0000000099        0.0000000050        0.0000000050
        0.0000000000        0.0000000050        0.0000000050
        0.0000000000        0.0000000050        0.0000000099
       -0.0000163800       -0.0000000399       -0.0000000750
       -0.0000163800       -0.0000000450       -0.0000000750
       -0.0000082399        0.0000084601        0.0000108750
       -0.0000082349       -0.0000085949       -0.0000110249
       -0.0000082349        0.0000084601       -0.0000110199
       -0.0000082349       -0.0000085949        0.0000108750
       -0.0181780999        0.0000014150       -0.0000221600
        0.0016864300       -0.0000005201        0.0000003151
        0.0061623300       -0.0000001097        0.0000000250
        0.0103945399        0.0000022001       -0.0000208199
        0.0000000099        0.0000000000        0.0000000000
        0.0000000099        0.0000000050        0.0000000050
        0.0000000000        0.0000000050        0.0000000050
        0.0000000000        0.0000000050        0.0000000099
       -0.0000000050       -0.0000156200        0.0000583452
       -0.0000000050       -0.0000156200       -0.0000583549
        0.0000093601       -0.0000016198       -0.0000123899
       -0.0000093699       -0.0000016198       -0.0000123899
        0.0000093601       -0.0000016198        0.0000123802
       -0.0000093699       -0.0000016198        0.0000123802
        0.0000015001       -0.0181871350       -0.0000221698
       -0.0000004347        0.0017201100        0.0000003503
       -0.0000001100        0.0061099303        0.0000000203
        0.0000022001        0.0103947997       -0.0000208249
        0.0000000099        0.0000000000        0.0000000000
        0.0000000099        0.0000000050        0.0000000050
        0.0000000000        0.0000000050        0.0000000050
        0.0000000000        0.0000000050        0.0000000099
        0.0000000050       -0.0000231900        0.0000263601
        0.0000000050        0.0000232050        0.0000263601
        0.0000051901       -0.0000047397       -0.0000229399
       -0.0000051848       -0.0000047447       -0.0000229399
       -0.0000051848        0.0000047503       -0.0000229399
        0.0000051901        0.0000047503       -0.0000229399
       -0.0000196150       -0.0000196550       -0.4534174600
        0.0000003702        0.0000003651        0.0066832951
        0.0000000050        0.0000000053       -0.0000477499
       -0.0000208199       -0.0000208249        0.4468213697
        0.0000000050       -0.0000000050        0.0000000000
        0.0000000099        0.0000000050        0.0000000000
        0.0000000000        0.0000000050        0.0000000000
        0.0000000000        0.0000000050        0.0000000099
        0.0000000099        0.0000000099        0.0000000099
        0.0000000099        0.0000000099        0.0000000050
        0.0000000099        0.0000000099        0.0000000099
        0.0000000099        0.0000000099        0.0000000099
        0.0000000099        0.0000000099        0.0000000099
        0.0000000099        0.0000000099        0.0000000099
        0.0000000099        0.0000000099        0.0000000099
        0.0000000099        0.0000000099        0.0000000099
        0.0000000099        0.0000000099        0.0000000099
        0.0000000099        0.0000000099        0.0000000050
       -0.0000000199        0.0000000099        0.0000000050
        0.0000000149        0.0000000099        0.0000000149
        0.0000000000        0.0000000050        0.0000000099
        0.0000000050        0.0000000149        0.0000000099
        0.0000000000        0.0000000000        0.0000000000
        0.0000000000        0.0000000000       -0.0000000050
        0.0000000000        0.0000000000        0.0000000000
        0.0000000000        0.0000000000        0.0000000000
        0.0000000000        0.0000000000        0.0000000000
        0.0000000000        0.0000000000        0.0000000000
        0.0000000000        0.0000000050        0.0000000000
        0.0000000000        0.0000000000        0.0000000000
        0.0000000000        0.0000000000        0.0000000000
        0.0000000000        0.0000000000       -0.0000000050
        0.0000000099        0.0000000000       -0.0000000050
        0.0000000000        0.0000000000        0.0000000000
        0.0000000000       -0.0000000050        0.0000000000
        0.0000000000       -0.0000000050        0.0000000000
        0.0000000000        0.0000000000        0.0000000000
        0.0000000000        0.0000000000       -0.0000000050
        0.0000000000        0.0000000000        0.0000000000
        0.0000000000        0.0000000000        0.0000000000
        0.0000000000        0.0000000000        0.0000000000
        0.0000000000        0.0000000000        0.0000000000
        0.0000000000        0.0000000050        0.0000000000
        0.0000000000        0.0000000000        0.0000000000
        0.0000000000        0.0000000000        0.0000000000
        0.0000000000        0.0000000000        0.0000000000
        0.0000000050       -0.0000000050        0.0000000000
        0.0000000050        0.0000000000        0.0000000000
       -0.0000000050        0.0000000000       -0.0000000050
       -0.0000000050        0.0000000000        0.0000000099
        0.0000000099        0.0000000099        0.0000000099
        0.0000000099        0.0000000099        0.0000000050
        0.0000000099        0.0000000099        0.0000000099
        0.0000000099        0.0000000099        0.0000000099
        0.0000000099        0.0000000099        0.0000000099
        0.0000000099        0.0000000099        0.0000000099
        0.0000000099        0.0000000149        0.0000000099
        0.0000000099        0.0000000099        0.0000000099
        0.0000000099        0.0000000099        0.0000000099
        0.0000000099        0.0000000099        0.0000000099
        0.0000000149        0.0000000000        0.0000000050
       -0.0000000199        0.0000000099        0.0000000149
        0.0000000000        0.0000000050        0.0000000149
        0.0000000050        0.0000000099        0.0000000149
        0.0000000050        0.0000000050        0.0000000050
        0.0000000050        0.0000000050        0.0000000000
        0.0000000050        0.0000000050        0.0000000050
        0.0000000050        0.0000000050        0.0000000050
        0.0000000050        0.0000000050        0.0000000050
        0.0000000050        0.0000000050        0.0000000050
        0.0000000050        0.0000000050        0.0000000099
        0.0000000050        0.0000000050        0.0000000050
        0.0000000050        0.0000000050        0.0000000050
        0.0000000050        0.0000000050        0.0000000050
        0.0000000099        0.0000000000        0.0000000000
        0.0000000099       -0.0000000099        0.0000000050
       -0.0000000050        0.0000000099        0.0000000050
        0.0000000000        0.0000000050        0.0000000099
        0.0000000050        0.0000000050        0.0000000050
        0.0000000050        0.0000000050        0.0000000000
        0.0000000050        0.0000000050        0.0000000050
        0.0000000050        0.0000000050        0.0000000050
        0.0000000050        0.0000000050        0.0000000050
        0.0000000050        0.0000000050        0.0000000050
        0.0000000050        0.0000000099        0.0000000050
        0.0000000050        0.0000000050        0.0000000050
        0.0000000050        0.0000000050        0.0000000050
        0.0000000050        0.0000000050        0.0000000000
        0.0000000149        0.0000000000        0.0000000000
        0.0000000149        0.0000000050       -0.0000000099
       -0.0000000050        0.0000000050        0.0000000050
        0.0000000050        0.0000000000        0.0000000099
        0.0000000000        0.0000000000        0.0000000000
        0.0000000000        0.0000000000       -0.0000000050
        0.0000000000        0.0000000000        0.0000000000
       -0.0000000050        0.0000000000        0.0000000000
        0.0000000000        0.0000000000        0.0000000000
        0.0000000000        0.0000000000        0.0000000000
        0.0000000000        0.0000000050        0.0000000050
        0.0000000000        0.0000000000        0.0000000000
        0.0000000000        0.0000000000        0.0000000000
        0.0000000000        0.0000000000        0.0000000000
        0.0000000000        0.0000000000       -0.0000000050
        0.0000000000       -0.0000000050       -0.0000000050
        0.0000000000       -0.0000000050       -0.0000000050
        0.0000000000        0.0000000000        0.0000000050
        0.0000000050        0.0000000050        0.0000000050
        0.0000000050        0.0000000050        0.0000000050
        0.0000000050        0.0000000050        0.0000000050
        0.0000000050        0.0000000050        0.0000000050
        0.0000000050        0.0000000050        0.0000000050
        0.0000000050        0.0000000050        0.0000000050
        0.0000000050        0.0000000050        0.0000000099
        0.0000000050        0.0000000050        0.0000000050
        0.0000000050        0.0000000050        0.0000000050
        0.0000000050        0.0000000050        0.0000000050
        0.0000000050       -0.0000000050        0.0000000000
        0.0000000050        0.0000000099        0.0000000050
       -0.0000000050       -0.0000000099        0.0000000050
        0.0000000000        0.0000000000        0.0000000099
        0.0000000050        0.0000000050        0.0000000050
        0.0000000050        0.0000000050        0.0000000000
        0.0000000050        0.0000000050        0.0000000050
        0.0000000000        0.0000000050        0.0000000050
        0.0000000050        0.0000000050        0.0000000050
        0.0000000000        0.0000000050        0.0000000050
        0.0000000050        0.0000000099        0.0000000050
        0.0000000050        0.0000000050        0.0000000050
        0.0000000050        0.0000000050        0.0000000050
        0.0000000050        0.0000000050        0.0000000000
        0.0000000099        0.0000000000       -0.0000000050
        0.0000000149        0.0000000050        0.0000000050
       -0.0000000050        0.0000000050       -0.0000000099
        0.0000000050        0.0000000000        0.0000000099
        0.0000000000        0.0000000000        0.0000000000
        0.0000000000        0.0000000000       -0.0000000050
        0.0000000000        0.0000000000        0.0000000000
        0.0000000000        0.0000000000        0.0000000000
        0.0000000000        0.0000000000        0.0000000000
        0.0000000000        0.0000000000        0.0000000000
        0.0000000000        0.0000000050        0.0000000000
        0.0000000000        0.0000000000        0.0000000000
        0.0000000000        0.0000000000        0.0000000000
        0.0000000000        0.0000000000        0.0000000000
        0.0000000050        0.0000000000       -0.0000000050
        0.0000000050        0.0000000000        0.0000000050
        0.0000000000        0.0000000000        0.0000000050
        0.0000000000       -0.0000000050        0.0000000050
        0.0000000050        0.0000000050        0.0000000050
        0.0000000050        0.0000000050        0.0000000000
        0.0000000050        0.0000000050        0.0000000050
        0.0000000050        0.0000000050        0.0000000050
        0.0000000050        0.0000000050        0.0000000050
        0.0000000000        0.0000000050        0.0000000050
        0.0000000050        0.0000000099        0.0000000050
        0.0000000050        0.0000000050        0.0000000050
        0.0000000050        0.0000000050        0.0000000050
        0.0000000050        0.0000000050        0.0000000050
        0.0000000149       -0.0000000050        0.0000000000
        0.0000000099        0.0000000050        0.0000000000
        0.0000000000        0.0000000000        0.0000000000
       -0.0000000050       -0.0000000099        0.0000000149
        0.0000000099        0.0000000099        0.0000000099
        0.0000000099        0.0000000099        0.0000000050
        0.0000000099        0.0000000099        0.0000000099
        0.0000000099        0.0000000099        0.0000000099
        0.0000000099        0.0000000099        0.0000000099
        0.0000000099        0.0000000099        0.0000000099
        0.0000000099        0.0000000099        0.0000000149
        0.0000000099        0.0000000099        0.0000000099
        0.0000000099        0.0000000099        0.0000000099
        0.0000000099        0.0000000099        0.0000000099
        0.0000000099        0.0000000000        0.0000000099
        0.0000000149        0.0000000099        0.0000000099
        0.0000000050        0.0000000099        0.0000000099
        0.0000000050        0.0000000149       -0.0000000199
