   11   33
        1.5609501702       -0.0000674150        0.0203390448
       -0.4358364951       -0.0000217950       -0.0052287152
       -1.1297413153       -0.0000439800       -0.0154781301
        0.0079933649        0.0000002200        0.0000153599
       -0.0023622351       -0.0000000200        0.0004493648
       -0.0005012402       -0.0004626349       -0.0001148452
       -0.0005012352        0.0004627100       -0.0001148651
        0.0000000000        0.0000000000        0.0000000000
        0.0000000000        0.0000000000        0.0000000000
        0.0000000000        0.0000000000        0.0000000000
        0.0000000000        0.0000000000        0.0000000000
       -0.0000674150        0.0183987700        0.0000058499
       -0.0000196850       -0.0192167299        0.0000020600
       -0.0000437501       -0.0011130899        0.0000035600
        0.0000003951        0.0007749250       -0.0000002049
       -0.0000000500        0.0015301501       -0.0000000350
       -0.0004829501       -0.0001867750       -0.0000897300
        0.0004828949       -0.0001867799        0.0000897151
        0.0000000000        0.0000000000        0.0000000000
        0.0000000000        0.0000000000        0.0000000000
        0.0000000000        0.0000000000        0.0000000000
        0.0000000000        0.0000000000        0.0000000000
        0.0203390448        0.0000058499        0.0186892703
       -0.0053938501        0.0000021299       -0.0189270150
       -0.0154722153        0.0000035848       -0.0012757151
        0.0001279949       -0.0000001751        0.0007421599
        0.0006779848       -0.0000000252        0.0006613099
       -0.0002045952        0.0000376099        0.0000552147
       -0.0002045803       -0.0000375600        0.0000551898
        0.0000000000        0.0000000000        0.0000000000
        0.0000000000        0.0000000000        0.0000000000
        0.0000000000        0.0000000000        0.0000000000
        0.0000000000        0.0000000000        0.0000000000
       -0.4358364951       -0.0000196850       -0.0053938501
        0.4244898301       -0.0000201750        0.0054207949
        0.0120169548        0.0000005051        0.0002081399
        0.0000823950        0.0000000900       -0.0000489401
       -0.0019505151        0.0000002250       -0.0003718750
        0.0005993999        0.0011709450        0.0000731849
        0.0005993849       -0.0011708799        0.0000731301
        0.0000000000        0.0000000000        0.0000000000
        0.0000000000        0.0000000000        0.0000000000
        0.0000000000        0.0000000000        0.0000000000
        0.0000000000        0.0000000000        0.0000000000
       -0.0000217950       -0.0192167299        0.0000021299
       -0.0000201750        0.0147512100        0.0000023600
        0.0000002700        0.0009799301       -0.0000001852
        0.0000000600        0.0059515951        0.0000000050
       -0.0000000999       -0.0031107399        0.0000000050
        0.0012933100        0.0003226552        0.0000842449
       -0.0012933101        0.0003226502       -0.0000842199
        0.0000000000        0.0000000000        0.0000000000
        0.0000000000        0.0000000000        0.0000000000
        0.0000000000        0.0000000000        0.0000000000
        0.0000000000        0.0000000000        0.0000000000
       -0.0052287152        0.0000020600       -0.0189270150
        0.0054207949        0.0000023600        0.0134641201
        0.0000363450       -0.0000002150        0.0009724499
       -0.0000833150       -0.0000000200        0.0059303899
       -0.0012343151       -0.0000000550       -0.0014931850
        0.0005236699       -0.0000513350        0.0000268498
        0.0005236548        0.0000513751        0.0000268250
        0.0000000000        0.0000000000        0.0000000000
        0.0000000000        0.0000000000        0.0000000000
        0.0000000000        0.0000000000        0.0000000000
        0.0000000000        0.0000000000        0.0000000000
       -1.1297413153       -0.0000437501       -0.0154722153
        0.0120169548        0.0000002700        0.0000363450
        1.5691203703       -0.0000676101        0.0207270749
       -0.4497083002       -0.0000224600       -0.0054397901
       -0.0012229002       -0.0000000102       -0.0000042701
       -0.0002319553       -0.0002416600        0.0000097548
       -0.0002319503        0.0002416800        0.0000097549
        0.0000000000        0.0000000000        0.0000000000
        0.0000000000        0.0000000000        0.0000000000
        0.0000000000        0.0000000000        0.0000000000
        0.0000000000        0.0000000000        0.0000000000
       -0.0000439800       -0.0011130899        0.0000035848
        0.0000005051        0.0009799301       -0.0000002150
       -0.0000676101        0.0152131000        0.0000058449
       -0.0000202449       -0.0153037699        0.0000021952
        0.0000000450        0.0003323350        0.0000000300
       -0.0000812901       -0.0000539998        0.0000139099
        0.0000813199       -0.0000540099       -0.0000138650
        0.0000000000        0.0000000000        0.0000000000
        0.0000000000        0.0000000000        0.0000000000
        0.0000000000        0.0000000000        0.0000000000
        0.0000000000        0.0000000000        0.0000000000
       -0.0154781301        0.0000035600       -0.0012757151
        0.0002081399       -0.0000001852        0.0009724499
        0.0207270749        0.0000058449        0.0153916602
       -0.0055350850        0.0000021900       -0.0153019502
        0.0000196499       -0.0000000051        0.0003612250
       -0.0000364102        0.0000024700       -0.0000736352
       -0.0000363652       -0.0000024950       -0.0000736551
        0.0000000000        0.0000000000        0.0000000000
        0.0000000000        0.0000000000        0.0000000000
        0.0000000000        0.0000000000        0.0000000000
        0.0000000000        0.0000000000        0.0000000000
        0.0079933649        0.0000003951        0.0001279949
        0.0000823950        0.0000000600       -0.0000833150
       -0.4497083002       -0.0000202449       -0.0055350850
        0.4416892500       -0.0000209700        0.0054395801
       -0.0000052501        0.0000000050        0.0000330050
       -0.0000253901       -0.0000095100       -0.0000114301
       -0.0000253600        0.0000095250       -0.0000114299
        0.0000000000        0.0000000000        0.0000000000
        0.0000000000        0.0000000000        0.0000000000
        0.0000000000        0.0000000000        0.0000000000
        0.0000000000        0.0000000000        0.0000000000
        0.0000002200        0.0007749250       -0.0000001751
        0.0000000900        0.0059515951       -0.0000000200
       -0.0000224600       -0.0153037699        0.0000021900
       -0.0000209700        0.0086794699        0.0000025049
        0.0000000050       -0.0001663498       -0.0000000200
        0.0000504549        0.0000323551        0.0000022899
       -0.0000504201        0.0000323502       -0.0000022349
        0.0000000000        0.0000000000        0.0000000000
        0.0000000000        0.0000000000        0.0000000000
        0.0000000000        0.0000000000        0.0000000000
        0.0000000000        0.0000000000        0.0000000000
        0.0000153599       -0.0000002049        0.0007421599
       -0.0000489401        0.0000000050        0.0059303899
       -0.0054397901        0.0000021952       -0.0153019502
        0.0054395801        0.0000025049        0.0087058100
       -0.0000600799       -0.0000000250       -0.0001167901
        0.0000253399       -0.0000120400        0.0000204149
        0.0000253449        0.0000120551        0.0000203650
        0.0000000000        0.0000000000        0.0000000000
        0.0000000000        0.0000000000        0.0000000000
        0.0000000000        0.0000000000        0.0000000000
        0.0000000000        0.0000000000        0.0000000000
       -0.0023622351       -0.0000000500        0.0006779848
       -0.0019505151       -0.0000000999       -0.0012343151
       -0.0012229002        0.0000000450        0.0000196499
       -0.0000052501        0.0000000050       -0.0000600799
        0.3495482301        0.0000723900       -0.2035615650
       -0.1720034901        0.1803262550        0.1020815198
       -0.1720034851       -0.1802576749        0.1020815100
        0.0000000000        0.0000000000        0.0000000000
        0.0000000000        0.0000000000        0.0000000000
        0.0000000000        0.0000000000        0.0000000000
        0.0000000000        0.0000000000        0.0000000000
       -0.0000000200        0.0015301501       -0.0000000252
        0.0000002250       -0.0031107399       -0.0000000550
       -0.0000000102        0.0003323350       -0.0000000051
        0.0000000050       -0.0001663498       -0.0000000250
        0.0000723900        0.7061491701       -0.0000018350
        0.2353287299       -0.3523672500       -0.1395905852
       -0.2352566601       -0.3523672450        0.1395880700
        0.0000000000        0.0000000000        0.0000000000
        0.0000000000        0.0000000000        0.0000000000
        0.0000000000        0.0000000000        0.0000000000
        0.0000000000        0.0000000000        0.0000000000
        0.0004493648       -0.0000000350        0.0006613099
       -0.0003718750        0.0000000050       -0.0014931850
       -0.0000042701        0.0000000300        0.0003612250
        0.0000330050       -0.0000000200       -0.0001167901
       -0.2035615650       -0.0000018350        0.1173205800
        0.1017276050       -0.1068158150       -0.0583665502
        0.1017275899        0.1068138002       -0.0583666198
        0.0000000000        0.0000000000        0.0000000000
        0.0000000000        0.0000000000        0.0000000000
        0.0000000000        0.0000000000        0.0000000000
        0.0000000000        0.0000000000        0.0000000000
       -0.0005012402       -0.0004829501       -0.0002045952
        0.0005993999        0.0012933100        0.0005236699
       -0.0002319553       -0.0000812901       -0.0000364102
       -0.0000253901        0.0000504549        0.0000253399
       -0.1720034901        0.2353287299        0.1017276050
        0.1644234402       -0.2083750302       -0.0975368351
        0.0077392498       -0.0276635251       -0.0045003051
        0.0000000000        0.0000000000        0.0000000000
        0.0000000000        0.0000000000        0.0000000000
        0.0000000000        0.0000000000        0.0000000000
        0.0000000000        0.0000000000        0.0000000000
       -0.0004626349       -0.0001867750        0.0000376099
        0.0011709450        0.0003226552       -0.0000513350
       -0.0002416600       -0.0000539998        0.0000024700
       -0.0000095100        0.0000323551       -0.0000120400
        0.1803262550       -0.3523672500       -0.1068158150
       -0.2083750302        0.3807272199        0.1232061250
        0.0276613700       -0.0284740749       -0.0163716099
        0.0000000000        0.0000000000        0.0000000000
        0.0000000000        0.0000000000        0.0000000000
        0.0000000000        0.0000000000        0.0000000000
        0.0000000000        0.0000000000        0.0000000000
       -0.0001148452       -0.0000897300        0.0000552147
        0.0000731849        0.0000842449        0.0000268498
        0.0000097548        0.0000139099       -0.0000736352
       -0.0000114301        0.0000022899        0.0000204149
        0.1020815198       -0.1395905852       -0.0583665502
       -0.0975368351        0.1232061250        0.0555983303
       -0.0045002703        0.0163699150        0.0027394198
        0.0000000000        0.0000000000        0.0000000000
        0.0000000000        0.0000000000        0.0000000000
        0.0000000000        0.0000000000        0.0000000000
        0.0000000000        0.0000000000        0.0000000000
       -0.0005012352        0.0004828949       -0.0002045803
        0.0005993849       -0.0012933101        0.0005236548
       -0.0002319503        0.0000813199       -0.0000363652
       -0.0000253600       -0.0000504201        0.0000253449
       -0.1720034851       -0.2352566601        0.1017275899
        0.0077392498        0.0276613700       -0.0045002703
        0.1644234302        0.2084444550       -0.0975368501
        0.0000000000        0.0000000000        0.0000000000
        0.0000000000        0.0000000000        0.0000000000
        0.0000000000        0.0000000000        0.0000000000
        0.0000000000        0.0000000000        0.0000000000
        0.0004627100       -0.0001867799       -0.0000375600
       -0.0011708799        0.0003226502        0.0000513751
        0.0002416800       -0.0000540099       -0.0000024950
        0.0000095250        0.0000323502        0.0000120551
       -0.1802576749       -0.3523672450        0.1068138002
       -0.0276635251       -0.0284740749        0.0163699150
        0.2084444550        0.3807272299       -0.1232098349
        0.0000000000        0.0000000000        0.0000000000
        0.0000000000        0.0000000000        0.0000000000
        0.0000000000        0.0000000000        0.0000000000
        0.0000000000        0.0000000000        0.0000000000
       -0.0001148651        0.0000897151        0.0000551898
        0.0000731301       -0.0000842199        0.0000268250
        0.0000097549       -0.0000138650       -0.0000736551
       -0.0000114299       -0.0000022349        0.0000203650
        0.1020815100        0.1395880700       -0.0583666198
       -0.0045003051       -0.0163716099        0.0027394198
       -0.0975368501       -0.1232098349        0.0555983800
        0.0000000000        0.0000000000        0.0000000000
        0.0000000000        0.0000000000        0.0000000000
        0.0000000000        0.0000000000        0.0000000000
        0.0000000000        0.0000000000        0.0000000000
        0.0000000000        0.0000000000        0.0000000000
        0.0000000000        0.0000000000        0.0000000000
        0.0000000000        0.0000000000        0.0000000000
        0.0000000000        0.0000000000        0.0000000000
        0.0000000000        0.0000000000        0.0000000000
        0.0000000000        0.0000000000        0.0000000000
        0.0000000000        0.0000000000        0.0000000000
        0.0000000000        0.0000000000        0.0000000000
        0.0000000000        0.0000000000        0.0000000000
        0.0000000000        0.0000000000        0.0000000000
        0.0000000000        0.0000000000        0.0000000000
        0.0000000000        0.0000000000        0.0000000000
        0.0000000000        0.0000000000        0.0000000000
        0.0000000000        0.0000000000        0.0000000000
        0.0000000000        0.0000000000        0.0000000000
        0.0000000000        0.0000000000        0.0000000000
        0.0000000000        0.0000000000        0.0000000000
        0.0000000000        0.0000000000        0.0000000000
        0.0000000000        0.0000000000        0.0000000000
        0.0000000000        0.0000000000        0.0000000000
        0.0000000000        0.0000000000        0.0000000000
        0.0000000000        0.0000000000        0.0000000000
        0.0000000000        0.0000000000        0.0000000000
        0.0000000000        0.0000000000        0.0000000000
        0.0000000000        0.0000000000        0.0000000000
        0.0000000000        0.0000000000        0.0000000000
        0.0000000000        0.0000000000        0.0000000000
        0.0000000000        0.0000000000        0.0000000000
        0.0000000000        0.0000000000        0.0000000000
        0.0000000000        0.0000000000        0.0000000000
        0.0000000000        0.0000000000        0.0000000000
        0.0000000000        0.0000000000        0.0000000000
        0.0000000000        0.0000000000        0.0000000000
        0.0000000000        0.0000000000        0.0000000000
        0.0000000000        0.0000000000        0.0000000000
        0.0000000000        0.0000000000        0.0000000000
        0.0000000000        0.0000000000        0.0000000000
        0.0000000000        0.0000000000        0.0000000000
        0.0000000000        0.0000000000        0.0000000000
        0.0000000000        0.0000000000        0.0000000000
        0.0000000000        0.0000000000        0.0000000000
        0.0000000000        0.0000000000        0.0000000000
        0.0000000000        0.0000000000        0.0000000000
        0.0000000000        0.0000000000        0.0000000000
        0.0000000000        0.0000000000        0.0000000000
        0.0000000000        0.0000000000        0.0000000000
        0.0000000000        0.0000000000        0.0000000000
        0.0000000000        0.0000000000        0.0000000000
        0.0000000000        0.0000000000        0.0000000000
        0.0000000000        0.0000000000        0.0000000000
        0.0000000000        0.0000000000        0.0000000000
        0.0000000000        0.0000000000        0.0000000000
        0.0000000000        0.0000000000        0.0000000000
        0.0000000000        0.0000000000        0.0000000000
        0.0000000000        0.0000000000        0.0000000000
        0.0000000000        0.0000000000        0.0000000000
        0.0000000000        0.0000000000        0.0000000000
        0.0000000000        0.0000000000        0.0000000000
        0.0000000000        0.0000000000        0.0000000000
        0.0000000000        0.0000000000        0.0000000000
        0.0000000000        0.0000000000        0.0000000000
        0.0000000000        0.0000000000        0.0000000000
        0.0000000000        0.0000000000        0.0000000000
        0.0000000000        0.0000000000        0.0000000000
        0.0000000000        0.0000000000        0.0000000000
        0.0000000000        0.0000000000        0.0000000000
        0.0000000000        0.0000000000        0.0000000000
        0.0000000000        0.0000000000        0.0000000000
        0.0000000000        0.0000000000        0.0000000000
        0.0000000000        0.0000000000        0.0000000000
        0.0000000000        0.0000000000        0.0000000000
        0.0000000000        0.0000000000        0.0000000000
        0.0000000000        0.0000000000        0.0000000000
        0.0000000000        0.0000000000        0.0000000000
        0.0000000000        0.0000000000        0.0000000000
        0.0000000000        0.0000000000        0.0000000000
        0.0000000000        0.0000000000        0.0000000000
        0.0000000000        0.0000000000        0.0000000000
        0.0000000000        0.0000000000        0.0000000000
        0.0000000000        0.0000000000        0.0000000000
        0.0000000000        0.0000000000        0.0000000000
        0.0000000000        0.0000000000        0.0000000000
        0.0000000000        0.0000000000        0.0000000000
        0.0000000000        0.0000000000        0.0000000000
        0.0000000000        0.0000000000        0.0000000000
        0.0000000000        0.0000000000        0.0000000000
        0.0000000000        0.0000000000        0.0000000000
        0.0000000000        0.0000000000        0.0000000000
        0.0000000000        0.0000000000        0.0000000000
        0.0000000000        0.0000000000        0.0000000000
        0.0000000000        0.0000000000        0.0000000000
        0.0000000000        0.0000000000        0.0000000000
        0.0000000000        0.0000000000        0.0000000000
        0.0000000000        0.0000000000        0.0000000000
        0.0000000000        0.0000000000        0.0000000000
        0.0000000000        0.0000000000        0.0000000000
        0.0000000000        0.0000000000        0.0000000000
        0.0000000000        0.0000000000        0.0000000000
        0.0000000000        0.0000000000        0.0000000000
        0.0000000000        0.0000000000        0.0000000000
        0.0000000000        0.0000000000        0.0000000000
        0.0000000000        0.0000000000        0.0000000000
        0.0000000000        0.0000000000        0.0000000000
        0.0000000000        0.0000000000        0.0000000000
        0.0000000000        0.0000000000        0.0000000000
        0.0000000000        0.0000000000        0.0000000000
        0.0000000000        0.0000000000        0.0000000000
        0.0000000000        0.0000000000        0.0000000000
        0.0000000000        0.0000000000        0.0000000000
        0.0000000000        0.0000000000        0.0000000000
        0.0000000000        0.0000000000        0.0000000000
        0.0000000000        0.0000000000        0.0000000000
        0.0000000000        0.0000000000        0.0000000000
        0.0000000000        0.0000000000        0.0000000000
        0.0000000000        0.0000000000        0.0000000000
        0.0000000000        0.0000000000        0.0000000000
        0.0000000000        0.0000000000        0.0000000000
        0.0000000000        0.0000000000        0.0000000000
        0.0000000000        0.0000000000        0.0000000000
        0.0000000000        0.0000000000        0.0000000000
        0.0000000000        0.0000000000        0.0000000000
        0.0000000000        0.0000000000        0.0000000000
        0.0000000000        0.0000000000        0.0000000000
        0.0000000000        0.0000000000        0.0000000000
        0.0000000000        0.0000000000        0.0000000000
        0.0000000000        0.0000000000        0.0000000000
        0.0000000000        0.0000000000        0.0000000000
        0.0000000000        0.0000000000        0.0000000000
        0.0000000000        0.0000000000        0.0000000000
        0.0000000000        0.0000000000        0.0000000000
        0.0000000000        0.0000000000        0.0000000000
        0.0000000000        0.0000000000        0.0000000000
