   15   45
        0.7200600326       -0.0300768713        0.0003017449
       -0.1203197564        0.0213158224       -0.0008604400
        0.0211078149        0.0303876174        0.0008074325
       -0.0102991600       -0.0183351863       -0.0006351863
       -0.0497208163        0.0105365962        0.0002811775
       -0.2892676500       -0.1188940851       -0.0005331050
       -0.2716134463        0.1237156224        0.0005986136
        0.0037638312       -0.0284863301        0.0001572761
       -0.0046298550        0.0032685862       -0.0000791651
        0.0003125512       -0.0013882426        0.0000987037
       -0.0035273201        0.0035599874       -0.0000324176
        0.0044605812        0.0042998287        0.0001453662
        0.0000086437        0.0000607724        0.0000493112
       -0.0000488926       -0.0003977489        0.0002862937
       -0.0002646313        0.0006328062       -0.0006595663
       -0.0300768713        0.6852428201       -0.0002941813
       -0.0214441364       -0.3456386626        0.0000403537
        0.0514307111       -0.0261116538        0.0001547049
       -0.0183351375       -0.0315085326        0.0003864049
       -0.0105448050        0.0447185824       -0.0007547201
       -0.0761738325       -0.1766086989        0.0007180624
        0.1237145374       -0.1288865963       -0.0003862650
        0.0038957799       -0.0095023313       -0.0000762575
        0.0029231450        0.0004149499       -0.0000076938
       -0.0013889151       -0.0012905551       -0.0000561413
        0.0039053837       -0.0006866463        0.0000747936
       -0.0280804526       -0.0102022201       -0.0000992988
        0.0000609112        0.0000790100       -0.0000286176
       -0.0003975413       -0.0005076188       -0.0001654988
        0.0006327812        0.0004665512        0.0003808024
        0.0003017449       -0.0002941813        0.1315507177
       -0.0008599726       -0.0001327989       -0.0574511663
        0.0005274486        0.0006286924        0.0033892799
        0.0006693512       -0.0003702014       -0.0042027751
       -0.0002485450       -0.0007546326        0.0033894923
       -0.0004021000        0.0008146424       -0.0574512664
        0.0003660549       -0.0002490351       -0.0367516689
        0.0001725637        0.0000535762        0.0023978775
       -0.0000298213       -0.0001734763        0.0078124324
       -0.0001537638        0.0000905599       -0.0013931051
        0.0001365174        0.0001147536        0.0078124449
        0.0000394824       -0.0001740551        0.0023977187
        0.0000631337       -0.0000364001       -0.0001523876
       -0.0008282526        0.0004783099       -0.0002663889
        0.0001479850       -0.0000854188       -0.0007726114
       -0.1203197564       -0.0214441364       -0.0008599726
        0.7200596876        0.0302334225        0.0003019262
       -0.2892676776        0.1190599075       -0.0005332112
       -0.0497207700       -0.0105447938        0.0002814212
       -0.0102988513        0.0183371349       -0.0006349901
        0.0211079813       -0.0303547051        0.0008078950
        0.0037636737        0.0284870524        0.0001574125
       -0.2716130638       -0.1235852076        0.0005987174
        0.0044608387       -0.0043016188        0.0001456049
       -0.0035272000       -0.0035599476       -0.0000325051
        0.0003128787        0.0013892986        0.0000991800
       -0.0046295763       -0.0032676675       -0.0000792426
        0.0000087512       -0.0000610063        0.0000493937
       -0.0000486926        0.0003973649        0.0002863812
       -0.0002646850       -0.0006329201       -0.0006594551
        0.0213158224       -0.3456386626       -0.0001327989
        0.0302334225        0.6852424276        0.0001513649
        0.0762652224       -0.1766085239       -0.0007282138
        0.0105369838        0.0447187749        0.0007688624
        0.0183374475       -0.0315084552       -0.0003700914
       -0.0514657613       -0.0261116126       -0.0001424875
       -0.0038993475       -0.0095020675        0.0000766925
       -0.1235770075       -0.1288864701        0.0003612562
        0.0280804350       -0.0102021788        0.0000976637
       -0.0039053263       -0.0006862888       -0.0000738550
        0.0013897211       -0.0012903888        0.0000579900
       -0.0029232688        0.0004152874        0.0000077888
       -0.0000608663        0.0000791150        0.0000285199
        0.0003975787       -0.0005074439        0.0001656362
       -0.0006327313        0.0004666250       -0.0003808076
       -0.0008604400        0.0000403537       -0.0574511663
        0.0003019262        0.0001513649        0.1315508001
       -0.0004021489       -0.0007922651       -0.0574512888
       -0.0002487025        0.0007687487        0.0033894175
        0.0006694837        0.0003864262       -0.0042028538
        0.0005275425       -0.0005852426        0.0033894737
        0.0001723674       -0.0000540813        0.0023978287
        0.0003661700        0.0002247149       -0.0367517475
        0.0000393449        0.0001761525        0.0023977899
        0.0001363312       -0.0001130150        0.0078121749
       -0.0001537701       -0.0000883026       -0.0013929688
       -0.0000298213        0.0001756112        0.0078120550
        0.0000632624        0.0000365587       -0.0001522788
       -0.0008282663       -0.0004783814       -0.0002662938
        0.0001478638        0.0000855600       -0.0007727026
        0.0211078149        0.0514307111        0.0005274486
       -0.2892676776        0.0762652224       -0.0004021489
        0.6678382327        0.0000636336       -0.0000709251
       -0.2892674563       -0.0761738102        0.0003260761
        0.0211079300       -0.0514659664       -0.0005248501
       -0.0421128588       -0.0000001014        0.0000034186
        0.0018352412       -0.0008091276       -0.0000478676
       -0.0168347151        0.0157814674        0.0000113361
       -0.0575682626       -0.0000648601        0.0000069424
       -0.0168347588       -0.0157865563       -0.0000135414
        0.0018352099        0.0008089049        0.0000475462
       -0.0020922914        0.0000001036        0.0000004612
        0.0001143037       -0.0000000075       -0.0000002914
       -0.0007369551       -0.0000000701        0.0000001162
        0.0008318249        0.0000002637        0.0000000212
        0.0303876174       -0.0261116538        0.0006286924
        0.1190599075       -0.1766085239       -0.0007922651
        0.0000636336        0.7374739477        0.0003698013
       -0.1188937875       -0.1766084701       -0.0007922125
       -0.0303545138       -0.0261115839        0.0006287937
       -0.0000000625        0.0003056974       -0.0007297351
       -0.0004640351       -0.0060499601       -0.0000636513
       -0.0165940600        0.0110943762        0.0001751387
       -0.0000714601       -0.3430217651        0.0006730424
        0.0165924387        0.0110944387        0.0001753037
        0.0004653862       -0.0060499626       -0.0000636275
        0.0000004361        0.0011141811        0.0001137950
       -0.0000002063       -0.0000264325        0.0000571249
       -0.0000000713        0.0001806487        0.0003308237
       -0.0000003138       -0.0006298313       -0.0007613364
        0.0008074325        0.0001547049        0.0033892799
       -0.0005332112       -0.0007282138       -0.0574512888
       -0.0000709251        0.0003698013        0.1315509250
        0.0004895338       -0.0007284013       -0.0574513238
       -0.0007731037        0.0001549337        0.0033893575
        0.0000034613        0.0007728875       -0.0042029988
       -0.0001652638        0.0000612737        0.0078122925
        0.0001325638        0.0001220263        0.0023976612
        0.0000045087        0.0004062287       -0.0367517788
       -0.0001318963        0.0001219450        0.0023977350
        0.0001672937        0.0000613525        0.0078122000
        0.0000010424       -0.0001777788       -0.0013933199
       -0.0000000963        0.0000728938       -0.0001525187
       -0.0000000738       -0.0009566575       -0.0002662675
       -0.0000002525        0.0001709751       -0.0007729363
       -0.0102991600       -0.0183351375        0.0006693512
       -0.0497207700        0.0105369838       -0.0002487025
       -0.2892674563       -0.1188937875        0.0004895338
        0.7200596100       -0.0300764513       -0.0004479100
       -0.1203194537        0.0213160537        0.0008992963
        0.0211080851        0.0303876912       -0.0007731512
        0.0003127637       -0.0013881113       -0.0000957850
       -0.0035269000        0.0035600950        0.0000341662
        0.0044609224        0.0043001350       -0.0001430038
       -0.2716130788        0.1237160387       -0.0007012562
        0.0037639612       -0.0284859225       -0.0001567225
       -0.0046293850        0.0032687837        0.0000817251
        0.0000087875        0.0000610238       -0.0000495413
       -0.0000486875       -0.0003975963       -0.0002864862
       -0.0002645662        0.0006331050        0.0006598387
       -0.0183351863       -0.0315085326       -0.0003702014
       -0.0105447938        0.0447187749        0.0007687487
       -0.0761738102       -0.1766084701       -0.0007284013
       -0.0300764513        0.6852425777        0.0001513974
       -0.0214440389       -0.3456386776       -0.0001329001
        0.0514309200       -0.0261117776       -0.0001425938
       -0.0013887563       -0.0012906051        0.0000577949
        0.0039053012       -0.0006865888       -0.0000738963
       -0.0280804139       -0.0102022039        0.0000976299
        0.1237146449       -0.1288864776        0.0003612124
        0.0038956424       -0.0095021439        0.0000767611
        0.0029232287        0.0004152149        0.0000077961
        0.0000608949        0.0000790837        0.0000286949
       -0.0003975088       -0.0005076151        0.0001654849
        0.0006329738        0.0004666137       -0.0003808751
       -0.0006351863        0.0003864049       -0.0042027751
        0.0002814212        0.0007688624        0.0033894175
        0.0003260761       -0.0007922125       -0.0574513238
       -0.0004479100        0.0001513974        0.1315506601
        0.0008993312        0.0000404862       -0.0574510838
       -0.0005247563       -0.0005850839        0.0033892975
        0.0001562825       -0.0000882751       -0.0013930363
       -0.0001344776       -0.0001128638        0.0078122787
       -0.0000393739        0.0001761362        0.0023979562
       -0.0004570801        0.0002248712       -0.0367516301
       -0.0001701601       -0.0000539026        0.0023980137
        0.0000314436        0.0001754649        0.0078120574
       -0.0000631913        0.0000365012       -0.0001522250
        0.0008284237       -0.0004781464       -0.0002662763
       -0.0001479825        0.0000856949       -0.0007725751
       -0.0497208163       -0.0105448050       -0.0002485450
       -0.0102988513        0.0183374475        0.0006694837
        0.0211079300       -0.0303545138       -0.0007731037
       -0.1203194537       -0.0214440389        0.0008993312
        0.7200594325        0.0302335287       -0.0004479875
       -0.2892674750        0.1190601200        0.0004897825
       -0.0035270826       -0.0035597663        0.0000343850
        0.0003129438        0.0013892537       -0.0000958400
       -0.0046294176       -0.0032677125        0.0000820612
        0.0037638550        0.0284872137       -0.0001567312
       -0.2716129938       -0.1235850275       -0.0007010675
        0.0044609887       -0.0043015688       -0.0001429675
        0.0000088287       -0.0000608562       -0.0000493876
       -0.0000483924        0.0003974712       -0.0002864900
       -0.0002644362       -0.0006326613        0.0006598125
        0.0105365962        0.0447185824       -0.0007546326
        0.0183371349       -0.0315084552        0.0003864262
       -0.0514659664       -0.0261115839        0.0001549337
        0.0213160537       -0.3456386776        0.0000404862
        0.0302335287        0.6852426327       -0.0002941226
        0.0762652363       -0.1766086626        0.0007181825
       -0.0039054201       -0.0006865526        0.0000747637
        0.0013896187       -0.0012904663       -0.0000560726
       -0.0029232577        0.0004151136       -0.0000075401
       -0.0038993513       -0.0095022826       -0.0000762788
       -0.1235770664       -0.1288865602       -0.0003859988
        0.0280802624       -0.0102021176       -0.0000994626
       -0.0000610563        0.0000791700       -0.0000286413
        0.0003976449       -0.0005075264       -0.0001655289
       -0.0006329288        0.0004665750        0.0003808999
        0.0002811775       -0.0007547201        0.0033894923
       -0.0006349901       -0.0003700914       -0.0042028538
       -0.0005248501        0.0006287937        0.0033893575
        0.0008992963       -0.0001329001       -0.0574510838
       -0.0004479875       -0.0002941226        0.1315507026
        0.0003261387        0.0008146237       -0.0574512300
       -0.0001345751        0.0001147762        0.0078122612
        0.0001565425        0.0000907099       -0.0013929675
        0.0000313636       -0.0001735589        0.0078123199
       -0.0001702163        0.0000534874        0.0023978762
       -0.0004569588       -0.0002489963       -0.0367516850
       -0.0000395213       -0.0001740388        0.0023977812
       -0.0000631425       -0.0000364238       -0.0001523426
        0.0008285286        0.0004781937       -0.0002662563
       -0.0001481225       -0.0000853863       -0.0007728539
       -0.2892676500       -0.0761738325       -0.0004021000
        0.0211079813       -0.0514657613        0.0005275425
       -0.0421128588       -0.0000000625        0.0000034613
        0.0211080851        0.0514309200       -0.0005247563
       -0.2892674750        0.0762652363        0.0003261387
        0.6678381000        0.0000637025       -0.0000706212
       -0.0168348100       -0.0157864687        0.0000115063
        0.0018353700        0.0008089238       -0.0000478262
       -0.0020924025        0.0000001725        0.0000005675
        0.0018352787       -0.0008090000        0.0000471975
       -0.0168345550        0.0157815525       -0.0000132437
       -0.0575681825       -0.0000646138        0.0000068750
        0.0001141900       -0.0000001700        0.0000001400
       -0.0007370787        0.0000000188        0.0000000225
        0.0008320100        0.0000000638       -0.0000000113
       -0.1188940851       -0.1766086989        0.0008146424
       -0.0303547051       -0.0261116126       -0.0005852426
       -0.0000001014        0.0003056974        0.0007728875
        0.0303876912       -0.0261117776       -0.0005850839
        0.1190601200       -0.1766086626        0.0008146237
        0.0000637025        0.7374740902       -0.0005178251
        0.0165926324        0.0110944111       -0.0001726851
        0.0004653474       -0.0060501338        0.0000666562
        0.0000004849        0.0011140600       -0.0001102639
       -0.0004643001       -0.0060500314        0.0000665612
       -0.0165940801        0.0110943461       -0.0001724713
       -0.0000715426       -0.3430217914       -0.0008146263
       -0.0000003313       -0.0000265089       -0.0000574038
       -0.0000001526        0.0001805986       -0.0003311688
       -0.0000002237       -0.0006298263        0.0007616136
       -0.0005331050        0.0007180624       -0.0574512664
        0.0008078950       -0.0001424875        0.0033894737
        0.0000034186       -0.0007297351       -0.0042029988
       -0.0007731512       -0.0001425938        0.0033892975
        0.0004897825        0.0007181825       -0.0574512300
       -0.0000706212       -0.0005178251        0.1315507126
        0.0001323874       -0.0001209801        0.0023979737
       -0.0001652325       -0.0000596888        0.0078123050
        0.0000010474        0.0001804299       -0.0013930776
        0.0001672625       -0.0000597926        0.0078121812
       -0.0001318239       -0.0001210238        0.0023980187
        0.0000046400       -0.0005306713       -0.0367517788
        0.0000001474       -0.0000728762       -0.0001524063
        0.0000002025        0.0009565249       -0.0002662075
        0.0000000013       -0.0001708587       -0.0007727876
       -0.2716134463        0.1237145374        0.0003660549
        0.0037636737       -0.0038993475        0.0001723674
        0.0018352412       -0.0004640351       -0.0001652638
        0.0003127637       -0.0013887563        0.0001562825
       -0.0035270826       -0.0039054201       -0.0001345751
       -0.0168348100        0.0165926324        0.0001323874
        0.2851459301       -0.1314835488       -0.0006571000
        0.0007266274        0.0004481212       -0.0000365387
        0.0001170262       -0.0002995188        0.0000230612
        0.0000094950        0.0001447074       -0.0000363313
       -0.0009109775        0.0008930662        0.0000313025
        0.0010678637       -0.0002503226       -0.0000218262
        0.0000225187       -0.0000235875        0.0000177399
        0.0000009187        0.0000196987       -0.0000781563
       -0.0001119474        0.0000310262        0.0001413362
        0.1237156224       -0.1288865963       -0.0002490351
        0.0284870524       -0.0095020675       -0.0000540813
       -0.0008091276       -0.0060499601        0.0000612737
       -0.0013881113       -0.0012906051       -0.0000882751
       -0.0035597663       -0.0006865526        0.0001147762
       -0.0157864687        0.0110944111       -0.0001209801
       -0.1314835488        0.1332919376        0.0003386574
       -0.0004476225        0.0011817262        0.0000041187
        0.0014865986       -0.0005684013       -0.0000228588
        0.0001447687        0.0001765774        0.0000211012
       -0.0008930651        0.0004598974       -0.0000082263
        0.0006449461        0.0008403549        0.0000293025
       -0.0000235426       -0.0000045200       -0.0000101588
        0.0000196787        0.0000238849        0.0000451325
        0.0000309387       -0.0000760701       -0.0000817326
        0.0005986136       -0.0003862650       -0.0367516689
        0.0001574125        0.0000766925        0.0023978287
       -0.0000478676       -0.0000636513        0.0078122925
       -0.0000957850        0.0000577949       -0.0013930363
        0.0000343850        0.0000747637        0.0078122612
        0.0000115063       -0.0001726851        0.0023979737
       -0.0006571000        0.0003386574        0.0260101801
       -0.0000362350       -0.0000040675       -0.0037998738
       -0.0000082938        0.0000312949        0.0001176600
        0.0000363362       -0.0000208088       -0.0011313551
       -0.0000313463       -0.0000083214        0.0001177300
       -0.0000146839        0.0000333699       -0.0037998338
        0.0000541687       -0.0000313862       -0.0000446938
       -0.0000171151        0.0000096762       -0.0000339875
       -0.0000814575        0.0000469462        0.0003273811
        0.0037638312        0.0038957799        0.0001725637
       -0.2716130638       -0.1235770075        0.0003661700
       -0.0168347151       -0.0165940600        0.0001325638
       -0.0035269000        0.0039053012       -0.0001344776
        0.0003129438        0.0013896187        0.0001565425
        0.0018353700        0.0004653474       -0.0001652325
        0.0007266274       -0.0004476225       -0.0000362350
        0.2851456951        0.1316172625       -0.0006570625
        0.0010678612        0.0002509187       -0.0000217700
       -0.0009107975       -0.0008929238        0.0000313074
        0.0000097025       -0.0001443188       -0.0000359725
        0.0001172987        0.0002998075        0.0000231050
        0.0000226824        0.0000235388        0.0000176988
        0.0000013325       -0.0000198738       -0.0000780338
       -0.0001118762       -0.0000309213        0.0001415474
       -0.0284863301       -0.0095023313        0.0000535762
       -0.1235852076       -0.1288864701        0.0002247149
        0.0157814674        0.0110943762        0.0001220263
        0.0035600950       -0.0006865888       -0.0001128638
        0.0013892537       -0.0012904663        0.0000907099
        0.0008089238       -0.0060501338       -0.0000596888
        0.0004481212        0.0011817262       -0.0000040675
        0.1316172625        0.1332919851       -0.0003635513
       -0.0006435876        0.0008403737       -0.0000292863
        0.0008930125        0.0004597799        0.0000084975
       -0.0001444825        0.0001764349       -0.0000205400
       -0.0014864663       -0.0005683725        0.0000229475
        0.0000235224       -0.0000045550        0.0000102450
       -0.0000198713        0.0000239236       -0.0000450725
       -0.0000311375       -0.0000759400        0.0000815524
        0.0001572761       -0.0000762575        0.0023978775
        0.0005987174        0.0003612562       -0.0367517475
        0.0000113361        0.0001751387        0.0023976612
        0.0000341662       -0.0000738963        0.0078122787
       -0.0000958400       -0.0000560726       -0.0013929675
       -0.0000478262        0.0000666562        0.0078123050
       -0.0000365387        0.0000041187       -0.0037998738
       -0.0006570625       -0.0003635513        0.0260101976
       -0.0000145813       -0.0000334651       -0.0037998238
       -0.0000312900        0.0000084524        0.0001176712
        0.0000363787        0.0000209837       -0.0011312125
       -0.0000084214       -0.0000311676        0.0001174987
        0.0000541625        0.0000311225       -0.0000446401
       -0.0000169725       -0.0000099063       -0.0000338775
       -0.0000814462       -0.0000468900        0.0003272887
       -0.0046298550        0.0029231450       -0.0000298213
        0.0044608387        0.0280804350        0.0000393449
       -0.0575682626       -0.0000714601        0.0000045087
        0.0044609224       -0.0280804139       -0.0000393739
       -0.0046294176       -0.0029232577        0.0000313636
       -0.0020924025        0.0000004849        0.0000010474
        0.0001170262        0.0014865986       -0.0000082938
        0.0010678612       -0.0006435876       -0.0000145813
        0.0574076427       -0.0000612788        0.0000052599
        0.0010679025        0.0006449824        0.0000147512
        0.0001173112       -0.0014864013        0.0000085937
        0.0002600449        0.0000001311       -0.0000000738
       -0.0000180513        0.0000001162        0.0000000437
        0.0000354537       -0.0000000014        0.0000000200
       -0.0000583050        0.0000001074        0.0000001174
        0.0032685862        0.0004149499       -0.0001734763
       -0.0043016188       -0.0102021788        0.0001761525
       -0.0000648601       -0.3430217651        0.0004062287
        0.0043001350       -0.0102022039        0.0001761362
       -0.0032677125        0.0004151136       -0.0001735589
        0.0000001725        0.0011140600        0.0001804299
       -0.0002995188       -0.0005684013        0.0000312949
        0.0002509187        0.0008403737       -0.0000334651
       -0.0000612788        0.3611155776       -0.0007617638
       -0.0002504038        0.0008402674       -0.0000334551
        0.0002996487       -0.0005681663        0.0000314162
        0.0000000924       -0.0000739813       -0.0000418675
       -0.0000002426        0.0000362063        0.0000203812
       -0.0000002276       -0.0000104388       -0.0000903475
       -0.0000000562       -0.0001299750        0.0001632899
       -0.0000791651       -0.0000076938        0.0078124324
        0.0001456049        0.0000976637        0.0023977899
        0.0000069424        0.0006730424       -0.0367517788
       -0.0001430038        0.0000976299        0.0023979562
        0.0000820612       -0.0000075401        0.0078123199
        0.0000005675       -0.0001102639       -0.0013930776
        0.0000230612       -0.0000228588        0.0001176600
       -0.0000217700       -0.0000292863       -0.0037998238
        0.0000052599       -0.0007617638        0.0260099927
        0.0000217749       -0.0000292976       -0.0037997601
       -0.0000227313       -0.0000228276        0.0001178024
        0.0000001787        0.0000419112       -0.0011313188
       -0.0000001501        0.0000626525       -0.0000445751
        0.0000000699       -0.0000196763       -0.0000338301
        0.0000000725       -0.0000937838        0.0003272724
        0.0003125512       -0.0013889151       -0.0001537638
       -0.0035272000       -0.0039053263        0.0001363312
       -0.0168347588        0.0165924387       -0.0001318963
       -0.2716130788        0.1237146449       -0.0004570801
        0.0037638550       -0.0038993513       -0.0001702163
        0.0018352787       -0.0004643001        0.0001672625
        0.0000094950        0.0001447687        0.0000363362
       -0.0009107975        0.0008930125       -0.0000312900
        0.0010679025       -0.0002504038        0.0000217749
        0.2851458976       -0.1314835276        0.0005609724
        0.0007266762        0.0004482075        0.0000365488
        0.0001171150       -0.0002996126       -0.0000229925
        0.0000226125       -0.0000234937       -0.0000177526
        0.0000009924        0.0000197350        0.0000781125
       -0.0001120487        0.0000310637       -0.0001415926
       -0.0013882426       -0.0012905551        0.0000905599
       -0.0035599476       -0.0006862888       -0.0001130150
       -0.0157865563        0.0110944387        0.0001219450
        0.1237160387       -0.1288864776        0.0002248712
        0.0284872137       -0.0095022826        0.0000534874
       -0.0008090000       -0.0060500314       -0.0000597926
        0.0001447074        0.0001765774       -0.0000208088
       -0.0008929238        0.0004597799        0.0000084524
        0.0006449824        0.0008402674       -0.0000292976
       -0.1314835276        0.1332919327       -0.0003637713
       -0.0004475951        0.0011818037       -0.0000040539
        0.0014864337       -0.0005682826        0.0000229650
       -0.0000236201       -0.0000045401        0.0000102799
        0.0000197949        0.0000239149       -0.0000450813
        0.0000309625       -0.0000760500        0.0000815911
        0.0000987037       -0.0000561413       -0.0013931051
       -0.0000325051       -0.0000738550        0.0078121749
       -0.0000135414        0.0001753037        0.0023977350
       -0.0007012562        0.0003612124       -0.0367516301
       -0.0001567312       -0.0000762788        0.0023978762
        0.0000471975        0.0000665612        0.0078121812
       -0.0000363313        0.0000211012       -0.0011313551
        0.0000313074        0.0000084975        0.0001176712
        0.0000147512       -0.0000334551       -0.0037997601
        0.0005609724       -0.0003637713        0.0260102351
        0.0000365599        0.0000041362       -0.0037997538
        0.0000085499       -0.0000312225        0.0001174937
       -0.0000543464        0.0000311637       -0.0000446638
        0.0000169975       -0.0000100700       -0.0000338738
        0.0000811237       -0.0000469950        0.0003271212
       -0.0035273201        0.0039053837        0.0001365174
        0.0003128787        0.0013897211       -0.0001537701
        0.0018352099        0.0004653862        0.0001672937
        0.0037639612        0.0038956424       -0.0001701601
       -0.2716129938       -0.1235770664       -0.0004569588
       -0.0168345550       -0.0165940801       -0.0001318239
       -0.0009109775       -0.0008930651       -0.0000313463
        0.0000097025       -0.0001444825        0.0000363787
        0.0001173112        0.0002996487       -0.0000227313
        0.0007266762       -0.0004475951        0.0000365599
        0.2851457351        0.1316174787        0.0005613575
        0.0010679074        0.0002510599        0.0000217138
        0.0000225786        0.0000236174       -0.0000175414
        0.0000011912       -0.0000200126        0.0000782537
       -0.0001119525       -0.0000307976       -0.0001414377
        0.0035599874       -0.0006866463        0.0001147536
        0.0013892986       -0.0012903888       -0.0000883026
        0.0008089049       -0.0060499626        0.0000613525
       -0.0284859225       -0.0095021439       -0.0000539026
       -0.1235850275       -0.1288865602       -0.0002489963
        0.0157815525        0.0110943461       -0.0001210238
        0.0008930662        0.0004598974       -0.0000083214
       -0.0001443188        0.0001764349        0.0000209837
       -0.0014864013       -0.0005681663       -0.0000228276
        0.0004482075        0.0011818037        0.0000041362
        0.1316174787        0.1332918401        0.0003389212
       -0.0006437151        0.0008403674        0.0000294712
        0.0000234662       -0.0000045526       -0.0000100288
       -0.0000196450        0.0000240587        0.0000450775
       -0.0000310200       -0.0000758325       -0.0000816026
       -0.0000324176        0.0000747936        0.0078124449
        0.0000991800        0.0000579900       -0.0013929688
        0.0000475462       -0.0000636275        0.0078122000
       -0.0001567225        0.0000767611        0.0023980137
       -0.0007010675       -0.0003859988       -0.0367516850
       -0.0000132437       -0.0001724713        0.0023980187
        0.0000313025       -0.0000082263        0.0001177300
       -0.0000359725       -0.0000205400       -0.0011312125
        0.0000085937        0.0000314162        0.0001178024
        0.0000365488       -0.0000040539       -0.0037997538
        0.0005613575        0.0003389212        0.0260098776
        0.0000148324        0.0000336900       -0.0037998637
       -0.0000539600       -0.0000310888       -0.0000445975
        0.0000170875        0.0000098424       -0.0000336512
        0.0000813450        0.0000470813        0.0003274261
        0.0044605812       -0.0280804526        0.0000394824
       -0.0046295763       -0.0029232688       -0.0000298213
       -0.0020922914        0.0000004361        0.0000010424
       -0.0046293850        0.0029232287        0.0000314436
        0.0044609887        0.0280802624       -0.0000395213
       -0.0575681825       -0.0000715426        0.0000046400
        0.0010678637        0.0006449461       -0.0000146839
        0.0001172987       -0.0014864663       -0.0000084214
        0.0002600449        0.0000000924        0.0000001787
        0.0001171150        0.0014864337        0.0000085499
        0.0010679074       -0.0006437151        0.0000148324
        0.0574076176       -0.0000612351        0.0000050650
       -0.0000181651        0.0000000362        0.0000000811
        0.0000354824       -0.0000000764        0.0000001425
       -0.0000581051        0.0000001137        0.0000000761
        0.0042998287       -0.0102022201       -0.0001740551
       -0.0032676675        0.0004152874        0.0001756112
        0.0000001036        0.0011141811       -0.0001777788
        0.0032687837        0.0004152149        0.0001754649
       -0.0043015688       -0.0102021176       -0.0001740388
       -0.0000646138       -0.3430217914       -0.0005306713
       -0.0002503226        0.0008403549        0.0000333699
        0.0002998075       -0.0005683725       -0.0000311676
        0.0000001311       -0.0000739813        0.0000419112
       -0.0002996126       -0.0005682826       -0.0000312225
        0.0002510599        0.0008403674        0.0000336900
       -0.0000612351        0.3611154627        0.0006303200
        0.0000000324        0.0000360150       -0.0000203588
       -0.0000001526       -0.0000103826        0.0000901812
       -0.0000001037       -0.0001298263       -0.0001633064
        0.0001453662       -0.0000992988        0.0023977187
       -0.0000792426        0.0000077888        0.0078120550
        0.0000004612        0.0001137950       -0.0013933199
        0.0000817251        0.0000077961        0.0078120574
       -0.0001429675       -0.0000994626        0.0023977812
        0.0000068750       -0.0008146263       -0.0367517788
       -0.0000218262        0.0000293025       -0.0037998338
        0.0000231050        0.0000229475        0.0001174987
       -0.0000000738       -0.0000418675       -0.0011313188
       -0.0000229925        0.0000229650        0.0001174937
        0.0000217138        0.0000294712       -0.0037998637
        0.0000050650        0.0006303200        0.0260102951
       -0.0000001763       -0.0000628062       -0.0000447601
       -0.0000002250        0.0000194612       -0.0000339500
       -0.0000002087        0.0000938388        0.0003271674
        0.0000086437        0.0000609112        0.0000631337
        0.0000087512       -0.0000608663        0.0000632624
        0.0001143037       -0.0000002063       -0.0000000963
        0.0000087875        0.0000608949       -0.0000631913
        0.0000088287       -0.0000610563       -0.0000631425
        0.0001141900       -0.0000003313        0.0000001474
        0.0000225187       -0.0000235426        0.0000541687
        0.0000226824        0.0000235224        0.0000541625
       -0.0000180513       -0.0000002426       -0.0000001501
        0.0000226125       -0.0000236201       -0.0000543464
        0.0000225786        0.0000234662       -0.0000539600
       -0.0000181651        0.0000000324       -0.0000001763
        0.0060293176        0.0000215312       -0.0002329375
       -0.0198612088        0.0000183212       -0.0002344276
        0.0135140313       -0.0000013701       -0.0000000288
        0.0000607724        0.0000790100       -0.0000364001
       -0.0000610063        0.0000791150        0.0000365587
       -0.0000000075       -0.0000264325        0.0000728938
        0.0000610238        0.0000790837        0.0000365012
       -0.0000608562        0.0000791700       -0.0000364238
       -0.0000001700       -0.0000265089       -0.0000728762
       -0.0000235875       -0.0000045200       -0.0000313862
        0.0000235388       -0.0000045550        0.0000311225
        0.0000001162        0.0000362063        0.0000626525
       -0.0000234937       -0.0000045401        0.0000311637
        0.0000236174       -0.0000045526       -0.0000310888
        0.0000000362        0.0000360150       -0.0000628062
        0.0000215312        0.0060292651       -0.0002329475
        0.0000183587       -0.0198611551       -0.0002342750
       -0.0000016125        0.0135141950       -0.0000000963
        0.0000493112       -0.0000286176       -0.0001523876
        0.0000493937        0.0000285199       -0.0001522788
       -0.0000002914        0.0000571249       -0.0001525187
       -0.0000495413        0.0000286949       -0.0001522250
       -0.0000493876       -0.0000286413       -0.0001523426
        0.0000001400       -0.0000574038       -0.0001524063
        0.0000177399       -0.0000101588       -0.0000446938
        0.0000176988        0.0000102450       -0.0000446401
        0.0000000437        0.0000203812       -0.0000445751
       -0.0000177526        0.0000102799       -0.0000446638
       -0.0000175414       -0.0000100288       -0.0000445975
        0.0000000811       -0.0000203588       -0.0000447601
       -0.0002329375       -0.0002329475        1.1321229901
       -0.0002253588       -0.0002254651       -1.1461593738
        0.0000011825        0.0000012874        0.0152185687
       -0.0000488926       -0.0003975413       -0.0008282526
       -0.0000486926        0.0003975787       -0.0008282663
       -0.0007369551       -0.0000000713       -0.0000000738
       -0.0000486875       -0.0003975088        0.0008284237
       -0.0000483924        0.0003976449        0.0008285286
       -0.0007370787       -0.0000001526        0.0000002025
        0.0000009187        0.0000196787       -0.0000171151
        0.0000013325       -0.0000198713       -0.0000169725
        0.0000354537       -0.0000002276        0.0000000699
        0.0000009924        0.0000197949        0.0000169975
        0.0000011912       -0.0000196450        0.0000170875
        0.0000354824       -0.0000001526       -0.0000002250
       -0.0198612088        0.0000183587       -0.0002253588
        0.0502181051        0.0000232286       -0.0003106188
       -0.0287643175        0.0000063412       -0.0000729976
       -0.0003977489       -0.0005076188        0.0004783099
        0.0003973649       -0.0005074439       -0.0004783814
       -0.0000000701        0.0001806487       -0.0009566575
       -0.0003975963       -0.0005076151       -0.0004781464
        0.0003974712       -0.0005075264        0.0004781937
        0.0000000188        0.0001805986        0.0009565249
        0.0000196987        0.0000238849        0.0000096762
       -0.0000198738        0.0000239236       -0.0000099063
       -0.0000000014       -0.0000104388       -0.0000196763
        0.0000197350        0.0000239149       -0.0000100700
       -0.0000200126        0.0000240587        0.0000098424
       -0.0000000764       -0.0000103826        0.0000194612
        0.0000183212       -0.0198611551       -0.0002254651
        0.0000232286        0.0502182252       -0.0003107501
        0.0000062500       -0.0287642951       -0.0000730039
        0.0002862937       -0.0001654988       -0.0002663889
        0.0002863812        0.0001656362       -0.0002662938
        0.0000001162        0.0003308237       -0.0002662675
       -0.0002864862        0.0001654849       -0.0002662763
       -0.0002864900       -0.0001655289       -0.0002662563
        0.0000000225       -0.0003311688       -0.0002662075
       -0.0000781563        0.0000451325       -0.0000339875
       -0.0000780338       -0.0000450725       -0.0000338775
        0.0000000200       -0.0000903475       -0.0000338301
        0.0000781125       -0.0000450813       -0.0000338738
        0.0000782537        0.0000450775       -0.0000336512
        0.0000001425        0.0000901812       -0.0000339500
       -0.0002344276       -0.0002342750       -1.1461593738
       -0.0003106188       -0.0003107501        1.5522103226
       -0.0000787250       -0.0000785675       -0.4042509226
       -0.0002646313        0.0006327812        0.0001479850
       -0.0002646850       -0.0006327313        0.0001478638
        0.0008318249       -0.0000003138       -0.0000002525
       -0.0002645662        0.0006329738       -0.0001479825
       -0.0002644362       -0.0006329288       -0.0001481225
        0.0008320100       -0.0000002237        0.0000000013
       -0.0001119474        0.0000309387       -0.0000814575
       -0.0001118762       -0.0000311375       -0.0000814462
       -0.0000583050       -0.0000000562        0.0000000725
       -0.0001120487        0.0000309625        0.0000811237
       -0.0001119525       -0.0000310200        0.0000813450
       -0.0000581051       -0.0000001037       -0.0000002087
        0.0135140313       -0.0000016125        0.0000011825
       -0.0287643175        0.0000062500       -0.0000787250
        0.0152082150        0.0000083637       -0.0000758788
        0.0006328062        0.0004665512       -0.0000854188
       -0.0006329201        0.0004666250        0.0000855600
        0.0000002637       -0.0006298313        0.0001709751
        0.0006331050        0.0004666137        0.0000856949
       -0.0006326613        0.0004665750       -0.0000853863
        0.0000000638       -0.0006298263       -0.0001708587
        0.0000310262       -0.0000760701        0.0000469462
       -0.0000309213       -0.0000759400       -0.0000468900
        0.0000001074       -0.0001299750       -0.0000937838
        0.0000310637       -0.0000760500       -0.0000469950
       -0.0000307976       -0.0000758325        0.0000470813
        0.0000001137       -0.0001298263        0.0000938388
       -0.0000013701        0.0135141950        0.0000012874
        0.0000063412       -0.0287642951       -0.0000785675
        0.0000083637        0.0152079801       -0.0000758151
       -0.0006595663        0.0003808024       -0.0007726114
       -0.0006594551       -0.0003808076       -0.0007727026
        0.0000000212       -0.0007613364       -0.0007729363
        0.0006598387       -0.0003808751       -0.0007725751
        0.0006598125        0.0003808999       -0.0007728539
       -0.0000000113        0.0007616136       -0.0007727876
        0.0001413362       -0.0000817326        0.0003273811
        0.0001415474        0.0000815524        0.0003272887
        0.0000001174        0.0001632899        0.0003272724
       -0.0001415926        0.0000815911        0.0003271212
       -0.0001414377       -0.0000816026        0.0003274261
        0.0000000761       -0.0001633064        0.0003271674
       -0.0000000288       -0.0000000963        0.0152185687
       -0.0000729976       -0.0000730039       -0.4042509226
       -0.0000758788       -0.0000758151        0.3917043702
