   17   51
        0.6716071855        0.0000000000        0.0281118670
       -0.1218522729        0.0415304388        0.0361264196
       -0.1218522729       -0.0415304388        0.0361264196
       -0.0223275632        0.0370132119        0.0152795415
       -0.0223275632       -0.0370132119        0.0152795415
        0.0053066502        0.0000000000        0.0011310348
        0.0026148102        0.0000927396        0.0013057382
        0.0026148102       -0.0000927396        0.0013057382
       -0.0079506766        0.0002237154       -0.0016051885
       -0.0079506766       -0.0002237154       -0.0016051885
       -0.0001915709        0.0000000000        0.0001805632
        0.0007250979        0.0000000000       -0.0003133030
       -0.0001225527       -0.0047663326        0.0062092506
       -0.0001225527        0.0047663326        0.0062092506
        0.0088509512        0.0143426647       -0.0075686991
        0.0088509512       -0.0143426647       -0.0075686991
       -0.3958727547        0.0000000000       -0.1286042865
        0.0000000000        0.4838007336        0.0000000000
        0.0346034785       -0.1715706439       -0.0653588807
       -0.0346034785       -0.1715706439        0.0653588807
        0.0070077778       -0.0034054711       -0.0020034583
       -0.0070077778       -0.0034054711        0.0020034583
        0.0000000000       -0.0010047943        0.0000000000
       -0.0009849173        0.0004380723        0.0004668688
        0.0009849173        0.0004380723       -0.0004668688
       -0.0005233782        0.0014100994       -0.0006153721
        0.0005233782        0.0014100994        0.0006153721
        0.0000000000       -0.0003003660        0.0000000000
        0.0000000000        0.0005380787        0.0000000000
       -0.0084316997       -0.0118754757        0.0108266883
        0.0084316997       -0.0118754757       -0.0108266883
       -0.0167757807       -0.0277285714        0.0138125426
        0.0167757807       -0.0277285714       -0.0138125426
        0.0000000000       -0.0575696713        0.0000000000
        0.0281118670        0.0000000000        0.2200123554
        0.0141325579       -0.0207340062       -0.0850252488
        0.0141325579        0.0207340062       -0.0850252488
       -0.0025786992        0.0060356413        0.0051835330
       -0.0025786992       -0.0060356413        0.0051835330
        0.0007222544        0.0000000000        0.0001630229
        0.0008570130        0.0007870431        0.0015375326
        0.0008570130       -0.0007870431        0.0015375326
       -0.0026034483        0.0003217589        0.0000300534
       -0.0026034483       -0.0003217589        0.0000300534
       -0.0006785386        0.0000000000        0.0002134611
       -0.0000428131        0.0000000000       -0.0001485747
        0.0197174636        0.0337334417       -0.0145007373
        0.0197174636       -0.0337334417       -0.0145007373
       -0.0048428221       -0.0079549785        0.0042438207
       -0.0048428221        0.0079549785        0.0042438207
       -0.0774768993        0.0000000000       -0.0431781722
       -0.1218522729        0.0346034785        0.0141325579
        0.5085730379        0.0643388772       -0.0160381109
        0.0132633145       -0.0100551115       -0.0052387259
       -0.1822579775       -0.0052656486       -0.0409757106
        0.0011235600       -0.0001642242       -0.0003813576
       -0.0232322619       -0.0067388966       -0.0047279088
       -0.0035890848        0.0000480275        0.0001653660
       -0.0001144904        0.0001841866       -0.0000590996
       -0.0102537977       -0.0012585778       -0.0050592449
       -0.0007177946        0.0007413746        0.0001343776
        0.0008125824        0.0015281416       -0.0006092756
        0.0001558151       -0.0016401943        0.0004943960
       -0.0008505115       -0.0020215981        0.0005427424
       -0.0504643832       -0.0031111941       -0.0106166031
       -0.0013680957       -0.0049117250        0.0013388496
       -0.1146702815       -0.1009867598        0.0484122854
       -0.0145573584        0.0347098443        0.0184854618
        0.0415304388       -0.1715706439       -0.0207340062
        0.0643388772        0.5530916619       -0.0419548225
        0.0100551115       -0.0411521764       -0.0152247108
        0.0029171589       -0.0796331364        0.0031633879
       -0.0003729880        0.0020535031       -0.0010525380
       -0.0322119242        0.0013112173       -0.0096583191
        0.0013202550       -0.0006800547       -0.0004901609
       -0.0000131679       -0.0004630532       -0.0000412022
        0.0265411689       -0.0007040650        0.0097759134
        0.0010098527        0.0004601731        0.0000850635
        0.0007163886        0.0010568809       -0.0006792100
       -0.0037102476       -0.0060315764        0.0018891114
        0.0025595608        0.0047684636       -0.0021002206
       -0.0032147756       -0.0520738692        0.0057673807
       -0.0029799496       -0.0031048964        0.0013240701
       -0.1065808509       -0.2069297452        0.0757199052
       -0.0019049085       -0.0003986832       -0.0057896418
        0.0361264196       -0.0653588807       -0.0850252488
       -0.0160381109       -0.0419548225        0.5420995766
       -0.0052387259        0.0152247108       -0.0016614242
       -0.0369976504       -0.0004782976       -0.0933063241
       -0.0009528159       -0.0015523432       -0.0000824104
        0.0096907452       -0.0006665792        0.0050026245
       -0.0353700792       -0.0004670769       -0.0122805363
       -0.0000953830       -0.0002356939        0.0000972547
        0.0148583509       -0.0005853661        0.0027720950
        0.0001998997        0.0002846689       -0.0000499489
        0.0015581304        0.0004722166       -0.0001699536
        0.0019672444        0.0027142298       -0.0004783215
       -0.0000808769        0.0048776154        0.0016689976
       -0.0085654842        0.0056669569       -0.2720294725
        0.0011385740        0.0032931786       -0.0005473433
        0.0462488385        0.0694579124       -0.0833885908
       -0.0084490764        0.0093075706       -0.0026209739
       -0.1218522729       -0.0346034785        0.0141325579
        0.0132633145        0.0100551115       -0.0052387259
        0.5085730379       -0.0643388772       -0.0160381109
        0.0011235600        0.0001642242       -0.0003813576
       -0.1822579775        0.0052656486       -0.0409757106
       -0.0232322619        0.0067388966       -0.0047279088
       -0.0001144904       -0.0001841866       -0.0000590996
       -0.0035890848       -0.0000480275        0.0001653660
       -0.0007177946       -0.0007413746        0.0001343776
       -0.0102537977        0.0012585778       -0.0050592449
        0.0008125824       -0.0015281416       -0.0006092756
        0.0001558151        0.0016401943        0.0004943960
       -0.0504643832        0.0031111941       -0.0106166031
       -0.0008505115        0.0020215981        0.0005427424
       -0.1146702815        0.1009867598        0.0484122854
       -0.0013680957        0.0049117250        0.0013388496
       -0.0145573584       -0.0347098443        0.0184854618
       -0.0415304388       -0.1715706439        0.0207340062
       -0.0100551115       -0.0411521764        0.0152247108
       -0.0643388772        0.5530916619        0.0419548225
        0.0003729880        0.0020535031        0.0010525380
       -0.0029171589       -0.0796331364       -0.0031633879
        0.0322119242        0.0013112173        0.0096583191
        0.0000131679       -0.0004630532        0.0000412022
       -0.0013202550       -0.0006800547        0.0004901609
       -0.0010098527        0.0004601731       -0.0000850635
       -0.0265411689       -0.0007040650       -0.0097759134
       -0.0007163886        0.0010568809        0.0006792100
        0.0037102476       -0.0060315764       -0.0018891114
        0.0032147756       -0.0520738692       -0.0057673807
       -0.0025595608        0.0047684636        0.0021002206
        0.1065808509       -0.2069297452       -0.0757199052
        0.0029799496       -0.0031048964       -0.0013240701
        0.0019049085       -0.0003986832        0.0057896418
        0.0361264196        0.0653588807       -0.0850252488
       -0.0052387259       -0.0152247108       -0.0016614242
       -0.0160381109        0.0419548225        0.5420995766
       -0.0009528159        0.0015523432       -0.0000824104
       -0.0369976504        0.0004782976       -0.0933063241
        0.0096907452        0.0006665792        0.0050026245
       -0.0000953830        0.0002356939        0.0000972547
       -0.0353700792        0.0004670769       -0.0122805363
        0.0001998997       -0.0002846689       -0.0000499489
        0.0148583509        0.0005853661        0.0027720950
        0.0015581304       -0.0004722166       -0.0001699536
        0.0019672444       -0.0027142298       -0.0004783215
       -0.0085654842       -0.0056669569       -0.2720294725
       -0.0000808769       -0.0048776154        0.0016689976
        0.0462488385       -0.0694579124       -0.0833885908
        0.0011385740       -0.0032931786       -0.0005473433
       -0.0084490764       -0.0093075706       -0.0026209739
       -0.0223275632        0.0070077778       -0.0025786992
       -0.1822579775        0.0029171589       -0.0369976504
        0.0011235600        0.0003729880       -0.0009528159
        0.4787135456       -0.0513679120       -0.0153994267
        0.0108567393        0.0123417571       -0.0056782103
       -0.1060716393       -0.0448148893        0.0175982864
       -0.0460612949        0.0013800541       -0.0046203266
        0.0001348219       -0.0001692373       -0.0002965468
       -0.0982987611        0.0941172932        0.0423235256
       -0.0017831064        0.0046374798        0.0013090881
       -0.0015252881       -0.0021931196        0.0001121649
       -0.0137838063       -0.0272402391        0.0118510938
       -0.0002232545        0.0001847515        0.0001147481
       -0.0032868611       -0.0004254088       -0.0001223547
       -0.0001509369       -0.0005151275        0.0000233181
       -0.0151422860        0.0016426325       -0.0065982039
        0.0000841084        0.0021240410       -0.0000879905
        0.0370132119       -0.0034054711        0.0060356413
       -0.0052656486       -0.0796331364       -0.0004782976
        0.0001642242        0.0020535031        0.0015523432
       -0.0513679120        0.5396652644        0.0299637649
       -0.0123417571       -0.0309837075        0.0084871183
       -0.0433128985       -0.1535547606        0.0292497316
        0.0018668595       -0.0495864793        0.0138307925
       -0.0010271036        0.0015942681        0.0005257553
        0.0932001859       -0.2181211922       -0.0794718432
        0.0029363509       -0.0034622079       -0.0014615946
       -0.0004974869       -0.0022429722        0.0001080110
        0.0008646996        0.0004572056        0.0005790149
       -0.0000633778       -0.0004203547        0.0002661293
        0.0004990202        0.0006798923        0.0013444544
       -0.0006833946        0.0002500248       -0.0000009300
       -0.0260057022        0.0029106929       -0.0095610207
        0.0040207292       -0.0062005693       -0.0009690705
        0.0152795415       -0.0020034583        0.0051835330
       -0.0409757106        0.0031633879       -0.0933063241
       -0.0003813576        0.0010525380       -0.0000824104
       -0.0153994267        0.0299637649        0.5794084293
       -0.0056782103       -0.0084871183        0.0051231973
        0.0165690533        0.0292971576       -0.0923611080
       -0.0021934315        0.0121740195       -0.3021315917
       -0.0004118709       -0.0009333537        0.0002445304
        0.0404812177       -0.0776074994       -0.0848060183
        0.0015757970       -0.0031027421       -0.0002715855
        0.0163603595        0.0303027510       -0.0109923954
       -0.0060457689       -0.0112236100        0.0032830605
       -0.0001717269       -0.0002689780        0.0002512137
       -0.0335913985        0.0021570539       -0.0122440569
        0.0000964944       -0.0001178864        0.0000050720
        0.0122570502       -0.0008230387        0.0031946871
        0.0022293881       -0.0035429880       -0.0004982331
       -0.0223275632       -0.0070077778       -0.0025786992
        0.0011235600       -0.0003729880       -0.0009528159
       -0.1822579775       -0.0029171589       -0.0369976504
        0.0108567393       -0.0123417571       -0.0056782103
        0.4787135456        0.0513679120       -0.0153994267
       -0.1060716393        0.0448148893        0.0175982864
        0.0001348219        0.0001692373       -0.0002965468
       -0.0460612949       -0.0013800541       -0.0046203266
       -0.0017831064       -0.0046374798        0.0013090881
       -0.0982987611       -0.0941172932        0.0423235256
       -0.0015252881        0.0021931196        0.0001121649
       -0.0137838063        0.0272402391        0.0118510938
       -0.0032868611        0.0004254088       -0.0001223547
       -0.0002232545       -0.0001847515        0.0001147481
       -0.0151422860       -0.0016426325       -0.0065982039
       -0.0001509369        0.0005151275        0.0000233181
        0.0000841084       -0.0021240410       -0.0000879905
       -0.0370132119       -0.0034054711       -0.0060356413
       -0.0001642242        0.0020535031       -0.0015523432
        0.0052656486       -0.0796331364        0.0004782976
        0.0123417571       -0.0309837075       -0.0084871183
        0.0513679120        0.5396652644       -0.0299637649
        0.0433128985       -0.1535547606       -0.0292497316
        0.0010271036        0.0015942681       -0.0005257553
       -0.0018668595       -0.0495864793       -0.0138307925
       -0.0029363509       -0.0034622079        0.0014615946
       -0.0932001859       -0.2181211922        0.0794718432
        0.0004974869       -0.0022429722       -0.0001080110
       -0.0008646996        0.0004572056       -0.0005790149
       -0.0004990202        0.0006798923       -0.0013444544
        0.0000633778       -0.0004203547       -0.0002661293
        0.0260057022        0.0029106929        0.0095610207
        0.0006833946        0.0002500248        0.0000009300
       -0.0040207292       -0.0062005693        0.0009690705
        0.0152795415        0.0020034583        0.0051835330
       -0.0003813576       -0.0010525380       -0.0000824104
       -0.0409757106       -0.0031633879       -0.0933063241
       -0.0056782103        0.0084871183        0.0051231973
       -0.0153994267       -0.0299637649        0.5794084293
        0.0165690533       -0.0292971576       -0.0923611080
       -0.0004118709        0.0009333537        0.0002445304
       -0.0021934315       -0.0121740195       -0.3021315917
        0.0015757970        0.0031027421       -0.0002715855
        0.0404812177        0.0776074994       -0.0848060183
        0.0163603595       -0.0303027510       -0.0109923954
       -0.0060457689        0.0112236100        0.0032830605
       -0.0335913985       -0.0021570539       -0.0122440569
       -0.0001717269        0.0002689780        0.0002512137
        0.0122570502        0.0008230387        0.0031946871
        0.0000964944        0.0001178864        0.0000050720
        0.0022293881        0.0035429880       -0.0004982331
        0.0053066502        0.0000000000        0.0007222544
       -0.0232322619       -0.0322119242        0.0096907452
       -0.0232322619        0.0322119242        0.0096907452
       -0.1060716393       -0.0433128985        0.0165690533
       -0.1060716393        0.0433128985        0.0165690533
        0.5692176732        0.0000000000        0.0337681902
       -0.0008454020       -0.0000536622        0.0000564195
       -0.0008454020        0.0000536622        0.0000564195
        0.0083122167        0.0131596226       -0.0051640196
        0.0083122167       -0.0131596226       -0.0051640196
       -0.0506672868        0.0000000000        0.0123614501
       -0.2728293537        0.0000000000       -0.0879735577
        0.0019547501        0.0001039903        0.0010217973
        0.0019547501       -0.0001039903        0.0010217973
       -0.0061386092       -0.0006552493       -0.0017070246
       -0.0061386092        0.0006552493       -0.0017070246
        0.0010142080        0.0000000000        0.0001877208
        0.0000000000       -0.0010047943        0.0000000000
       -0.0067388966        0.0013112173       -0.0006665792
        0.0067388966        0.0013112173        0.0006665792
       -0.0448148893       -0.1535547606        0.0292971576
        0.0448148893       -0.1535547606       -0.0292971576
        0.0000000000        0.4445737110        0.0000000000
       -0.0017867747       -0.0025622158        0.0000103303
        0.0017867747       -0.0025622158       -0.0000103303
       -0.0151606892       -0.0215618738        0.0103094370
        0.0151606892       -0.0215618738       -0.0103094370
        0.0000000000       -0.0452148749        0.0000000000
        0.0000000000       -0.0465274861        0.0000000000
       -0.0009722661       -0.0001645517        0.0000235332
        0.0009722661       -0.0001645517       -0.0000235332
       -0.0020988842        0.0009409252       -0.0004685166
        0.0020988842        0.0009409252        0.0004685166
        0.0000000000       -0.0006440372        0.0000000000
        0.0011310348        0.0000000000        0.0001630229
       -0.0047279088       -0.0096583191        0.0050026245
       -0.0047279088        0.0096583191        0.0050026245
        0.0175982864        0.0292497316       -0.0923611080
        0.0175982864       -0.0292497316       -0.0923611080
        0.0337681902        0.0000000000        0.5660111988
        0.0184468300        0.0287582943       -0.0100920865
        0.0184468300       -0.0287582943       -0.0100920865
       -0.0070112241       -0.0106879301        0.0031403076
       -0.0070112241        0.0106879301        0.0031403076
        0.0109603316        0.0000000000       -0.2949638556
       -0.0858950139        0.0000000000       -0.0819033454
       -0.0008100179        0.0008833339        0.0001312358
       -0.0008100179       -0.0008833339        0.0001312358
       -0.0034893245       -0.0000740890       -0.0003398491
       -0.0034893245        0.0000740890       -0.0003398491
        0.0000221749        0.0000000000       -0.0002692692
        0.0026148102       -0.0009849173        0.0008570130
       -0.0035890848        0.0013202550       -0.0353700792
       -0.0001144904        0.0000131679       -0.0000953830
       -0.0460612949        0.0018668595       -0.0021934315
        0.0001348219        0.0010271036       -0.0004118709
       -0.0008454020       -0.0017867747        0.0184468300
        0.0531722190        0.0026525110        0.0050988552
        0.0003297065       -0.0000714567       -0.0003890557
       -0.0001847364       -0.0013892770        0.0144613850
       -0.0001360589        0.0001434237       -0.0001382814
       -0.0010189044       -0.0035748450        0.0009565270
        0.0003267011        0.0007462074       -0.0000317642
       -0.0001164849       -0.0001620138        0.0001482326
       -0.0062971104        0.0008173797       -0.0022181854
        0.0000704107        0.0000589832        0.0000147042
        0.0014183952       -0.0002303020        0.0005051922
        0.0002965024       -0.0004463043        0.0003593121
        0.0000927396        0.0004380723        0.0007870431
        0.0000480275       -0.0006800547       -0.0004670769
       -0.0001841866       -0.0004630532        0.0002356939
        0.0013800541       -0.0495864793        0.0121740195
        0.0001692373        0.0015942681        0.0009333537
       -0.0000536622       -0.0025622158        0.0287582943
        0.0026525110        0.0520835719       -0.0157663069
        0.0000714567       -0.0003357868       -0.0006070246
       -0.0014099572        0.0016737233       -0.0263322798
       -0.0001556501        0.0002944727       -0.0003728837
       -0.0028072506       -0.0045317529        0.0020292070
        0.0003982103        0.0011583420       -0.0007113401
       -0.0000544283       -0.0000327484       -0.0002903303
       -0.0003123026        0.0009087399        0.0001426590
        0.0000832846        0.0000087219       -0.0000189301
        0.0000927308        0.0000135811       -0.0004318662
       -0.0000108143        0.0000185980       -0.0000622318
        0.0013057382        0.0004668688        0.0015375326
        0.0001653660       -0.0004901609       -0.0122805363
       -0.0000590996        0.0000412022        0.0000972547
       -0.0046203266        0.0138307925       -0.3021315917
       -0.0002965468       -0.0005257553        0.0002445304
        0.0000564195        0.0000103303       -0.0100920865
        0.0050988552       -0.0157663069        0.3300881029
       -0.0003890557        0.0006070246        0.0003151879
       -0.0004226653        0.0007429074       -0.0106417530
        0.0000546626        0.0000188027        0.0003020069
        0.0011761984        0.0016975487        0.0007390180
        0.0004566275        0.0000396950        0.0004972924
        0.0000954002       -0.0001857509       -0.0000568431
       -0.0024413265       -0.0001362212        0.0005006997
       -0.0000458770        0.0000515060       -0.0000158230
       -0.0002171575       -0.0003558802        0.0005666146
        0.0000827874       -0.0000466029        0.0003303935
        0.0026148102        0.0009849173        0.0008570130
       -0.0001144904       -0.0000131679       -0.0000953830
       -0.0035890848       -0.0013202550       -0.0353700792
        0.0001348219       -0.0010271036       -0.0004118709
       -0.0460612949       -0.0018668595       -0.0021934315
       -0.0008454020        0.0017867747        0.0184468300
        0.0003297065        0.0000714567       -0.0003890557
        0.0531722190       -0.0026525110        0.0050988552
       -0.0001360589       -0.0001434237       -0.0001382814
       -0.0001847364        0.0013892770        0.0144613850
       -0.0010189044        0.0035748450        0.0009565270
        0.0003267011       -0.0007462074       -0.0000317642
       -0.0062971104       -0.0008173797       -0.0022181854
       -0.0001164849        0.0001620138        0.0001482326
        0.0014183952        0.0002303020        0.0005051922
        0.0000704107       -0.0000589832        0.0000147042
        0.0002965024        0.0004463043        0.0003593121
       -0.0000927396        0.0004380723       -0.0007870431
        0.0001841866       -0.0004630532       -0.0002356939
       -0.0000480275       -0.0006800547        0.0004670769
       -0.0001692373        0.0015942681       -0.0009333537
       -0.0013800541       -0.0495864793       -0.0121740195
        0.0000536622       -0.0025622158       -0.0287582943
       -0.0000714567       -0.0003357868        0.0006070246
       -0.0026525110        0.0520835719        0.0157663069
        0.0001556501        0.0002944727        0.0003728837
        0.0014099572        0.0016737233        0.0263322798
        0.0028072506       -0.0045317529       -0.0020292070
       -0.0003982103        0.0011583420        0.0007113401
        0.0003123026        0.0009087399       -0.0001426590
        0.0000544283       -0.0000327484        0.0002903303
       -0.0000927308        0.0000135811        0.0004318662
       -0.0000832846        0.0000087219        0.0000189301
        0.0000108143        0.0000185980        0.0000622318
        0.0013057382       -0.0004668688        0.0015375326
       -0.0000590996       -0.0000412022        0.0000972547
        0.0001653660        0.0004901609       -0.0122805363
       -0.0002965468        0.0005257553        0.0002445304
       -0.0046203266       -0.0138307925       -0.3021315917
        0.0000564195       -0.0000103303       -0.0100920865
       -0.0003890557       -0.0006070246        0.0003151879
        0.0050988552        0.0157663069        0.3300881029
        0.0000546626       -0.0000188027        0.0003020069
       -0.0004226653       -0.0007429074       -0.0106417530
        0.0011761984       -0.0016975487        0.0007390180
        0.0004566275       -0.0000396950        0.0004972924
       -0.0024413265        0.0001362212        0.0005006997
        0.0000954002        0.0001857509       -0.0000568431
       -0.0002171575        0.0003558802        0.0005666146
       -0.0000458770       -0.0000515060       -0.0000158230
        0.0000827874        0.0000466029        0.0003303935
       -0.0079506766       -0.0005233782       -0.0026034483
       -0.0102537977        0.0265411689        0.0148583509
       -0.0007177946       -0.0010098527        0.0001998997
       -0.0982987611        0.0932001859        0.0404812177
       -0.0017831064       -0.0029363509        0.0015757970
        0.0083122167       -0.0151606892       -0.0070112241
       -0.0001847364       -0.0014099572       -0.0004226653
       -0.0001360589        0.0001556501        0.0000546626
        0.1079009079       -0.1012366942       -0.0463740193
        0.0005991454       -0.0010669744       -0.0000879154
        0.0005270397        0.0008111474       -0.0001909437
        0.0005557508        0.0007115970       -0.0005437591
        0.0001569361        0.0001978256       -0.0001009573
        0.0011977035       -0.0001553959       -0.0005321199
        0.0001656202        0.0001452677       -0.0000257329
        0.0009282820       -0.0005272239        0.0007442135
       -0.0010186705        0.0022636739       -0.0000213562
        0.0002237154        0.0014100994        0.0003217589
       -0.0012585778       -0.0007040650       -0.0005853661
       -0.0007413746        0.0004601731       -0.0002846689
        0.0941172932       -0.2181211922       -0.0776074994
       -0.0046374798       -0.0034622079        0.0031027421
        0.0131596226       -0.0215618738       -0.0106879301
       -0.0013892770        0.0016737233        0.0007429074
       -0.0001434237        0.0002944727       -0.0000188027
       -0.1012366942        0.2391932081        0.0848510875
        0.0010669744       -0.0015637350       -0.0004702097
        0.0004804892        0.0010082860        0.0004341544
       -0.0002242592        0.0008577956       -0.0004928469
        0.0000843646        0.0000302637        0.0000858501
        0.0002368844        0.0000620690        0.0004758808
        0.0000788313        0.0000720903       -0.0000379550
        0.0004440819        0.0004123526        0.0001337386
       -0.0002611707       -0.0000614599        0.0000371590
       -0.0016051885       -0.0006153721        0.0000300534
       -0.0050592449        0.0097759134        0.0027720950
        0.0001343776       -0.0000850635       -0.0000499489
        0.0423235256       -0.0794718432       -0.0848060183
        0.0013090881        0.0014615946       -0.0002715855
       -0.0051640196        0.0103094370        0.0031403076
        0.0144613850       -0.0263322798       -0.0106417530
       -0.0001382814        0.0003728837        0.0003020069
       -0.0463740193        0.0848510875        0.0875672878
       -0.0000879154        0.0004702097        0.0004190609
       -0.0006030905       -0.0003330515        0.0005612966
       -0.0001907413       -0.0006925032        0.0000121658
       -0.0000062623       -0.0000710303       -0.0000149162
        0.0007075003        0.0000991003        0.0001737797
        0.0000305005       -0.0000147271       -0.0000430509
        0.0006131179       -0.0001476566        0.0000833667
       -0.0003507318        0.0004233010        0.0007658523
       -0.0079506766        0.0005233782       -0.0026034483
       -0.0007177946        0.0010098527        0.0001998997
       -0.0102537977       -0.0265411689        0.0148583509
       -0.0017831064        0.0029363509        0.0015757970
       -0.0982987611       -0.0932001859        0.0404812177
        0.0083122167        0.0151606892       -0.0070112241
       -0.0001360589       -0.0001556501        0.0000546626
       -0.0001847364        0.0014099572       -0.0004226653
        0.0005991454        0.0010669744       -0.0000879154
        0.1079009079        0.1012366942       -0.0463740193
        0.0005270397       -0.0008111474       -0.0001909437
        0.0005557508       -0.0007115970       -0.0005437591
        0.0011977035        0.0001553959       -0.0005321199
        0.0001569361       -0.0001978256       -0.0001009573
        0.0009282820        0.0005272239        0.0007442135
        0.0001656202       -0.0001452677       -0.0000257329
       -0.0010186705       -0.0022636739       -0.0000213562
       -0.0002237154        0.0014100994       -0.0003217589
        0.0007413746        0.0004601731        0.0002846689
        0.0012585778       -0.0007040650        0.0005853661
        0.0046374798       -0.0034622079       -0.0031027421
       -0.0941172932       -0.2181211922        0.0776074994
       -0.0131596226       -0.0215618738        0.0106879301
        0.0001434237        0.0002944727        0.0000188027
        0.0013892770        0.0016737233       -0.0007429074
       -0.0010669744       -0.0015637350        0.0004702097
        0.1012366942        0.2391932081       -0.0848510875
       -0.0004804892        0.0010082860       -0.0004341544
        0.0002242592        0.0008577956        0.0004928469
       -0.0002368844        0.0000620690       -0.0004758808
       -0.0000843646        0.0000302637       -0.0000858501
       -0.0004440819        0.0004123526       -0.0001337386
       -0.0000788313        0.0000720903        0.0000379550
        0.0002611707       -0.0000614599       -0.0000371590
       -0.0016051885        0.0006153721        0.0000300534
        0.0001343776        0.0000850635       -0.0000499489
       -0.0050592449       -0.0097759134        0.0027720950
        0.0013090881       -0.0014615946       -0.0002715855
        0.0423235256        0.0794718432       -0.0848060183
       -0.0051640196       -0.0103094370        0.0031403076
       -0.0001382814       -0.0003728837        0.0003020069
        0.0144613850        0.0263322798       -0.0106417530
       -0.0000879154       -0.0004702097        0.0004190609
       -0.0463740193       -0.0848510875        0.0875672878
       -0.0006030905        0.0003330515        0.0005612966
       -0.0001907413        0.0006925032        0.0000121658
        0.0007075003       -0.0000991003        0.0001737797
       -0.0000062623        0.0000710303       -0.0000149162
        0.0006131179        0.0001476566        0.0000833667
        0.0000305005        0.0000147271       -0.0000430509
       -0.0003507318       -0.0004233010        0.0007658523
       -0.0001915709        0.0000000000       -0.0006785386
        0.0008125824        0.0007163886        0.0015581304
        0.0008125824       -0.0007163886        0.0015581304
       -0.0015252881       -0.0004974869        0.0163603595
       -0.0015252881        0.0004974869        0.0163603595
       -0.0506672868        0.0000000000        0.0109603316
       -0.0010189044       -0.0028072506        0.0011761984
       -0.0010189044        0.0028072506        0.0011761984
        0.0005270397        0.0004804892       -0.0006030905
        0.0005270397       -0.0004804892       -0.0006030905
        0.0511424319        0.0000000000       -0.0152696953
        0.0019798475        0.0000000000       -0.0305333331
       -0.0000912485        0.0000631519       -0.0004919577
       -0.0000912485       -0.0000631519       -0.0004919577
        0.0002162005       -0.0000127456       -0.0002725185
        0.0002162005        0.0000127456       -0.0002725185
       -0.0001041850        0.0000000000        0.0000669922
        0.0000000000       -0.0003003660        0.0000000000
        0.0015281416        0.0010568809        0.0004722166
       -0.0015281416        0.0010568809       -0.0004722166
       -0.0021931196       -0.0022429722        0.0303027510
        0.0021931196       -0.0022429722       -0.0303027510
        0.0000000000       -0.0452148749        0.0000000000
       -0.0035748450       -0.0045317529        0.0016975487
        0.0035748450       -0.0045317529       -0.0016975487
        0.0008111474        0.0010082860       -0.0003330515
       -0.0008111474        0.0010082860        0.0003330515
        0.0000000000        0.0551472722        0.0000000000
        0.0000000000       -0.0007346897        0.0000000000
        0.0002610594        0.0002344304        0.0007884807
       -0.0002610594        0.0002344304       -0.0007884807
       -0.0003434587       -0.0000317305        0.0003003710
        0.0003434587       -0.0000317305       -0.0003003710
        0.0000000000        0.0001163748        0.0000000000
        0.0001805632        0.0000000000        0.0002134611
       -0.0006092756       -0.0006792100       -0.0001699536
       -0.0006092756        0.0006792100       -0.0001699536
        0.0001121649        0.0001080110       -0.0109923954
        0.0001121649       -0.0001080110       -0.0109923954
        0.0123614501        0.0000000000       -0.2949638556
        0.0009565270        0.0020292070        0.0007390180
        0.0009565270       -0.0020292070        0.0007390180
       -0.0001909437        0.0004341544        0.0005612966
       -0.0001909437       -0.0004341544        0.0005612966
       -0.0152696953        0.0000000000        0.3239265739
        0.0006005973        0.0000000000       -0.0116272256
        0.0007780021        0.0001544201        0.0006594158
        0.0007780021       -0.0001544201        0.0006594158
       -0.0000140901       -0.0000479257        0.0004036369
       -0.0000140901        0.0000479257        0.0004036369
        0.0000623155        0.0000000000        0.0000490097
        0.0007250979        0.0000000000       -0.0000428131
        0.0001558151       -0.0037102476        0.0019672444
        0.0001558151        0.0037102476        0.0019672444
       -0.0137838063        0.0008646996       -0.0060457689
       -0.0137838063       -0.0008646996       -0.0060457689
       -0.2728293537        0.0000000000       -0.0858950139
        0.0003267011        0.0003982103        0.0004566275
        0.0003267011       -0.0003982103        0.0004566275
        0.0005557508       -0.0002242592       -0.0001907413
        0.0005557508        0.0002242592       -0.0001907413
        0.0019798475        0.0000000000        0.0006005973
        0.2971583418        0.0000000000        0.0937088840
        0.0002229065       -0.0000616259       -0.0000357790
        0.0002229065        0.0000616259       -0.0000357790
       -0.0010642467       -0.0002132399       -0.0003033304
       -0.0010642467        0.0002132399       -0.0003033304
        0.0001398253        0.0000000000       -0.0000681588
        0.0000000000        0.0005380787        0.0000000000
       -0.0016401943       -0.0060315764        0.0027142298
        0.0016401943       -0.0060315764       -0.0027142298
       -0.0272402391        0.0004572056       -0.0112236100
        0.0272402391        0.0004572056        0.0112236100
        0.0000000000       -0.0465274861        0.0000000000
        0.0007462074        0.0011583420        0.0000396950
       -0.0007462074        0.0011583420       -0.0000396950
        0.0007115970        0.0008577956       -0.0006925032
       -0.0007115970        0.0008577956        0.0006925032
        0.0000000000       -0.0007346897        0.0000000000
        0.0000000000        0.0532746751        0.0000000000
       -0.0002943279        0.0000272597       -0.0001262997
        0.0002943279        0.0000272597        0.0001262997
        0.0019885446        0.0001619291        0.0002960397
       -0.0019885446        0.0001619291       -0.0002960397
        0.0000000000        0.0001875107        0.0000000000
       -0.0003133030        0.0000000000       -0.0001485747
        0.0004943960        0.0018891114       -0.0004783215
        0.0004943960       -0.0018891114       -0.0004783215
        0.0118510938        0.0005790149        0.0032830605
        0.0118510938       -0.0005790149        0.0032830605
       -0.0879735577        0.0000000000       -0.0819033454
       -0.0000317642       -0.0007113401        0.0004972924
       -0.0000317642        0.0007113401        0.0004972924
       -0.0005437591       -0.0004928469        0.0000121658
       -0.0005437591        0.0004928469        0.0000121658
       -0.0305333331        0.0000000000       -0.0116272256
        0.0937088840        0.0000000000        0.0851848175
        0.0004102784       -0.0000361241        0.0004643823
        0.0004102784        0.0000361241        0.0004643823
        0.0004418649       -0.0000737064        0.0004476539
        0.0004418649        0.0000737064        0.0004476539
       -0.0001329098        0.0000000000        0.0000418613
       -0.0001225527       -0.0084316997        0.0197174636
       -0.0008505115        0.0025595608       -0.0000808769
       -0.0504643832        0.0032147756       -0.0085654842
       -0.0002232545       -0.0000633778       -0.0001717269
       -0.0032868611       -0.0004990202       -0.0335913985
        0.0019547501       -0.0009722661       -0.0008100179
       -0.0001164849       -0.0000544283        0.0000954002
       -0.0062971104        0.0003123026       -0.0024413265
        0.0001569361        0.0000843646       -0.0000062623
        0.0011977035       -0.0002368844        0.0007075003
       -0.0000912485        0.0002610594        0.0007780021
        0.0002229065       -0.0002943279        0.0004102784
        0.0557698246        0.0036673969        0.0080527829
        0.0003134810       -0.0002666419       -0.0010689890
        0.0012359075        0.0004591068        0.0164684305
       -0.0000759063        0.0001001519       -0.0001630557
        0.0006768037        0.0001599276        0.0006692797
       -0.0047663326       -0.0118754757        0.0337334417
       -0.0020215981        0.0047684636        0.0048776154
        0.0031111941       -0.0520738692       -0.0056669569
        0.0001847515       -0.0004203547       -0.0002689780
        0.0004254088        0.0006798923       -0.0021570539
        0.0001039903       -0.0001645517        0.0008833339
       -0.0001620138       -0.0000327484       -0.0001857509
       -0.0008173797        0.0009087399        0.0001362212
        0.0001978256        0.0000302637       -0.0000710303
        0.0001553959        0.0000620690       -0.0000991003
        0.0000631519        0.0002344304        0.0001544201
       -0.0000616259        0.0000272597       -0.0000361241
        0.0036673969        0.0557113393       -0.0035238411
        0.0002666419        0.0008360735       -0.0020250642
       -0.0014426552        0.0006188149       -0.0248054537
       -0.0000845656        0.0002332606       -0.0004978524
        0.0011804142        0.0004563928       -0.0004478265
        0.0062092506        0.0108266883       -0.0145007373
        0.0005427424       -0.0021002206        0.0016689976
       -0.0106166031       -0.0057673807       -0.2720294725
        0.0001147481        0.0002661293        0.0002512137
       -0.0001223547       -0.0013444544       -0.0122440569
        0.0010217973        0.0000235332        0.0001312358
        0.0001482326       -0.0002903303       -0.0000568431
       -0.0022181854       -0.0001426590        0.0005006997
       -0.0001009573        0.0000858501       -0.0000149162
       -0.0005321199       -0.0004758808        0.0001737797
       -0.0004919577        0.0007884807        0.0006594158
       -0.0000357790       -0.0001262997        0.0004643823
        0.0080527829       -0.0035238411        0.3044487859
       -0.0010689890        0.0020250642        0.0006119582
       -0.0010859791       -0.0008886335       -0.0112830717
        0.0000039263        0.0000623954        0.0005264996
        0.0001794448        0.0005815588        0.0006921294
       -0.0001225527        0.0084316997        0.0197174636
       -0.0504643832       -0.0032147756       -0.0085654842
       -0.0008505115       -0.0025595608       -0.0000808769
       -0.0032868611        0.0004990202       -0.0335913985
       -0.0002232545        0.0000633778       -0.0001717269
        0.0019547501        0.0009722661       -0.0008100179
       -0.0062971104       -0.0003123026       -0.0024413265
       -0.0001164849        0.0000544283        0.0000954002
        0.0011977035        0.0002368844        0.0007075003
        0.0001569361       -0.0000843646       -0.0000062623
       -0.0000912485       -0.0002610594        0.0007780021
        0.0002229065        0.0002943279        0.0004102784
        0.0003134810        0.0002666419       -0.0010689890
        0.0557698246       -0.0036673969        0.0080527829
       -0.0000759063       -0.0001001519       -0.0001630557
        0.0012359075       -0.0004591068        0.0164684305
        0.0006768037       -0.0001599276        0.0006692797
        0.0047663326       -0.0118754757       -0.0337334417
       -0.0031111941       -0.0520738692        0.0056669569
        0.0020215981        0.0047684636       -0.0048776154
       -0.0004254088        0.0006798923        0.0021570539
       -0.0001847515       -0.0004203547        0.0002689780
       -0.0001039903       -0.0001645517       -0.0008833339
        0.0008173797        0.0009087399       -0.0001362212
        0.0001620138       -0.0000327484        0.0001857509
       -0.0001553959        0.0000620690        0.0000991003
       -0.0001978256        0.0000302637        0.0000710303
       -0.0000631519        0.0002344304       -0.0001544201
        0.0000616259        0.0000272597        0.0000361241
       -0.0002666419        0.0008360735        0.0020250642
       -0.0036673969        0.0557113393        0.0035238411
        0.0000845656        0.0002332606        0.0004978524
        0.0014426552        0.0006188149        0.0248054537
       -0.0011804142        0.0004563928        0.0004478265
        0.0062092506       -0.0108266883       -0.0145007373
       -0.0106166031        0.0057673807       -0.2720294725
        0.0005427424        0.0021002206        0.0016689976
       -0.0001223547        0.0013444544       -0.0122440569
        0.0001147481       -0.0002661293        0.0002512137
        0.0010217973       -0.0000235332        0.0001312358
       -0.0022181854        0.0001426590        0.0005006997
        0.0001482326        0.0002903303       -0.0000568431
       -0.0005321199        0.0004758808        0.0001737797
       -0.0001009573       -0.0000858501       -0.0000149162
       -0.0004919577       -0.0007884807        0.0006594158
       -0.0000357790        0.0001262997        0.0004643823
       -0.0010689890       -0.0020250642        0.0006119582
        0.0080527829        0.0035238411        0.3044487859
        0.0000039263       -0.0000623954        0.0005264996
       -0.0010859791        0.0008886335       -0.0112830717
        0.0001794448       -0.0005815588        0.0006921294
        0.0088509512       -0.0167757807       -0.0048428221
       -0.0013680957       -0.0029799496        0.0011385740
       -0.1146702815        0.1065808509        0.0462488385
       -0.0001509369       -0.0006833946        0.0000964944
       -0.0151422860        0.0260057022        0.0122570502
       -0.0061386092       -0.0020988842       -0.0034893245
        0.0000704107        0.0000832846       -0.0000458770
        0.0014183952       -0.0000927308       -0.0002171575
        0.0001656202        0.0000788313        0.0000305005
        0.0009282820       -0.0004440819        0.0006131179
        0.0002162005       -0.0003434587       -0.0000140901
       -0.0010642467        0.0019885446        0.0004418649
        0.0012359075       -0.0014426552       -0.0010859791
       -0.0000759063        0.0000845656        0.0000039263
        0.1244868612       -0.1096609053       -0.0504469824
        0.0004681621       -0.0009353004       -0.0001195456
        0.0007695717        0.0006353621       -0.0005685884
        0.0143426647       -0.0277285714       -0.0079549785
       -0.0049117250       -0.0031048964        0.0032931786
        0.1009867598       -0.2069297452       -0.0694579124
       -0.0005151275        0.0002500248       -0.0001178864
       -0.0016426325        0.0029106929        0.0008230387
       -0.0006552493        0.0009409252       -0.0000740890
        0.0000589832        0.0000087219        0.0000515060
        0.0002303020        0.0000135811        0.0003558802
        0.0001452677        0.0000720903       -0.0000147271
        0.0005272239        0.0004123526        0.0001476566
       -0.0000127456       -0.0000317305       -0.0000479257
       -0.0002132399        0.0001619291       -0.0000737064
        0.0004591068        0.0006188149       -0.0008886335
       -0.0001001519        0.0002332606       -0.0000623954
       -0.1096609053        0.2332825920        0.0753621390
        0.0009353004       -0.0016494865       -0.0004748114
        0.0000261688        0.0005394446       -0.0008663331
       -0.0075686991        0.0138125426        0.0042438207
        0.0013388496        0.0013240701       -0.0005473433
        0.0484122854       -0.0757199052       -0.0833885908
        0.0000233181       -0.0000009300        0.0000050720
       -0.0065982039        0.0095610207        0.0031946871
       -0.0017070246       -0.0004685166       -0.0003398491
        0.0000147042       -0.0000189301       -0.0000158230
        0.0005051922        0.0004318662        0.0005666146
       -0.0000257329       -0.0000379550       -0.0000430509
        0.0007442135       -0.0001337386        0.0000833667
       -0.0002725185        0.0003003710        0.0004036369
       -0.0003033304        0.0002960397        0.0004476539
        0.0164684305       -0.0248054537       -0.0112830717
       -0.0001630557        0.0004978524        0.0005264996
       -0.0504469824        0.0753621390        0.0852585798
       -0.0001195456        0.0004748114        0.0005606102
       -0.0003019003       -0.0008752839        0.0003271873
        0.0088509512        0.0167757807       -0.0048428221
       -0.1146702815       -0.1065808509        0.0462488385
       -0.0013680957        0.0029799496        0.0011385740
       -0.0151422860       -0.0260057022        0.0122570502
       -0.0001509369        0.0006833946        0.0000964944
       -0.0061386092        0.0020988842       -0.0034893245
        0.0014183952        0.0000927308       -0.0002171575
        0.0000704107       -0.0000832846       -0.0000458770
        0.0009282820        0.0004440819        0.0006131179
        0.0001656202       -0.0000788313        0.0000305005
        0.0002162005        0.0003434587       -0.0000140901
       -0.0010642467       -0.0019885446        0.0004418649
       -0.0000759063       -0.0000845656        0.0000039263
        0.0012359075        0.0014426552       -0.0010859791
        0.0004681621        0.0009353004       -0.0001195456
        0.1244868612        0.1096609053       -0.0504469824
        0.0007695717       -0.0006353621       -0.0005685884
       -0.0143426647       -0.0277285714        0.0079549785
       -0.1009867598       -0.2069297452        0.0694579124
        0.0049117250       -0.0031048964       -0.0032931786
        0.0016426325        0.0029106929       -0.0008230387
        0.0005151275        0.0002500248        0.0001178864
        0.0006552493        0.0009409252        0.0000740890
       -0.0002303020        0.0000135811       -0.0003558802
       -0.0000589832        0.0000087219       -0.0000515060
       -0.0005272239        0.0004123526       -0.0001476566
       -0.0001452677        0.0000720903        0.0000147271
        0.0000127456       -0.0000317305        0.0000479257
        0.0002132399        0.0001619291        0.0000737064
        0.0001001519        0.0002332606        0.0000623954
       -0.0004591068        0.0006188149        0.0008886335
       -0.0009353004       -0.0016494865        0.0004748114
        0.1096609053        0.2332825920       -0.0753621390
       -0.0000261688        0.0005394446        0.0008663331
       -0.0075686991       -0.0138125426        0.0042438207
        0.0484122854        0.0757199052       -0.0833885908
        0.0013388496       -0.0013240701       -0.0005473433
       -0.0065982039       -0.0095610207        0.0031946871
        0.0000233181        0.0000009300        0.0000050720
       -0.0017070246        0.0004685166       -0.0003398491
        0.0005051922       -0.0004318662        0.0005666146
        0.0000147042        0.0000189301       -0.0000158230
        0.0007442135        0.0001337386        0.0000833667
       -0.0000257329        0.0000379550       -0.0000430509
       -0.0002725185       -0.0003003710        0.0004036369
       -0.0003033304       -0.0002960397        0.0004476539
       -0.0001630557       -0.0004978524        0.0005264996
        0.0164684305        0.0248054537       -0.0112830717
       -0.0001195456       -0.0004748114        0.0005606102
       -0.0504469824       -0.0753621390        0.0852585798
       -0.0003019003        0.0008752839        0.0003271873
       -0.3958727547        0.0000000000       -0.0774768993
       -0.0145573584       -0.0019049085       -0.0084490764
       -0.0145573584        0.0019049085       -0.0084490764
        0.0000841084        0.0040207292        0.0022293881
        0.0000841084       -0.0040207292        0.0022293881
        0.0010142080        0.0000000000        0.0000221749
        0.0002965024       -0.0000108143        0.0000827874
        0.0002965024        0.0000108143        0.0000827874
       -0.0010186705       -0.0002611707       -0.0003507318
       -0.0010186705        0.0002611707       -0.0003507318
       -0.0001041850        0.0000000000        0.0000623155
        0.0001398253        0.0000000000       -0.0001329098
        0.0006768037        0.0011804142        0.0001794448
        0.0006768037       -0.0011804142        0.0001794448
        0.0007695717        0.0000261688       -0.0003019003
        0.0007695717       -0.0000261688       -0.0003019003
        0.4223209920        0.0000000000        0.0907454951
        0.0000000000       -0.0575696713        0.0000000000
        0.0347098443       -0.0003986832        0.0093075706
       -0.0347098443       -0.0003986832       -0.0093075706
        0.0021240410       -0.0062005693       -0.0035429880
       -0.0021240410       -0.0062005693        0.0035429880
        0.0000000000       -0.0006440372        0.0000000000
       -0.0004463043        0.0000185980       -0.0000466029
        0.0004463043        0.0000185980        0.0000466029
        0.0022636739       -0.0000614599        0.0004233010
       -0.0022636739       -0.0000614599       -0.0004233010
        0.0000000000        0.0001163748        0.0000000000
        0.0000000000        0.0001875107        0.0000000000
        0.0001599276        0.0004563928        0.0005815588
       -0.0001599276        0.0004563928       -0.0005815588
        0.0006353621        0.0005394446       -0.0008752839
       -0.0006353621        0.0005394446        0.0008752839
        0.0000000000        0.0692023772        0.0000000000
       -0.1286042865        0.0000000000       -0.0431781722
        0.0184854618       -0.0057896418       -0.0026209739
        0.0184854618        0.0057896418       -0.0026209739
       -0.0000879905       -0.0009690705       -0.0004982331
       -0.0000879905        0.0009690705       -0.0004982331
        0.0001877208        0.0000000000       -0.0002692692
        0.0003593121       -0.0000622318        0.0003303935
        0.0003593121        0.0000622318        0.0003303935
       -0.0000213562        0.0000371590        0.0007658523
       -0.0000213562       -0.0000371590        0.0007658523
        0.0000669922        0.0000000000        0.0000490097
       -0.0000681588        0.0000000000        0.0000418613
        0.0006692797       -0.0004478265        0.0006921294
        0.0006692797        0.0004478265        0.0006921294
       -0.0005685884       -0.0008663331        0.0003271873
       -0.0005685884        0.0008663331        0.0003271873
        0.0907454951        0.0000000000        0.0453638597
