   10   30
        0.8998280998       -0.1233884697       -0.0000351898
       -0.1571546801       -0.0573039802       -0.0000013299
       -0.4335668797        0.2853780302       -0.0000158852
       -0.2967753900       -0.0565367401       -0.0000169447
        0.0006948400       -0.0536421999       -0.0000013350
       -0.0031344402       -0.0054540797       -0.0000001396
        0.0027209600        0.0018006102       -0.0000000549
       -0.0044489698        0.0040202352        0.0000000250
       -0.0000481998        0.0003425001       -0.0000001000
       -0.0081137350        0.0048763604       -0.0000003297
       -0.1233884697        0.7983747196       -0.0000341947
       -0.0709642248       -0.3491088700       -0.0000177297
        0.2637763103       -0.3713828048       -0.0000149350
       -0.0644193500       -0.0626854947        0.0000002453
       -0.0364816597       -0.0191903999       -0.0000003499
       -0.0054538549        0.0334567252        0.0000000003
       -0.0238915598       -0.0218020296        0.0000000801
        0.0255099252       -0.0119998046        0.0000001350
        0.0009863803       -0.0027173047        0.0000000699
        0.0344201399        0.0070555302       -0.0000000796
       -0.0000351898       -0.0000341947        0.2012097900
       -0.0000009598       -0.0000162299       -0.0644775849
       -0.0000161299       -0.0000159699       -0.0723966849
       -0.0000137402       -0.0000009899       -0.0674221249
        0.0000000247       -0.0000009751        0.0030132250
       -0.0000002800       -0.0000003649        0.0003810953
       -0.0000003402       -0.0000002299       -0.0003008000
       -0.0000001998       -0.0000002902       -0.0006249451
       -0.0000001600       -0.0000002100        0.0001769749
       -0.0000002601       -0.0000004050        0.0004404950
       -0.1571546801       -0.0709642248       -0.0000009598
        0.5274428798        0.0984151450       -0.0000276000
        0.0389471003        0.0395652853       -0.0000003249
       -0.0065368749       -0.0407333098       -0.0000004849
       -0.3652733801       -0.0211146900       -0.0000261451
        0.0027210450       -0.0238916849       -0.0000000998
        0.0060845002        0.0108866502       -0.0000000051
       -0.0371321698        0.0070540801       -0.0000001651
       -0.0017923250        0.0024985050       -0.0000000099
       -0.0073050199       -0.0017794548       -0.0000000946
       -0.0573039802       -0.3491088700       -0.0000162299
        0.0984151450        0.5089940299       -0.0000164451
        0.0401827501       -0.0857174550       -0.0000007401
       -0.0047127699       -0.0207727598       -0.0000003050
       -0.0512873100       -0.0553275200        0.0000014700
        0.0018006699       -0.0218021549       -0.0000000648
        0.0108866399        0.0134973251        0.0000000352
       -0.0191868298        0.0129065151        0.0000000250
       -0.0009162497        0.0018353350       -0.0000000301
       -0.0179424549       -0.0045060847       -0.0000000898
       -0.0000013299       -0.0000177297       -0.0644775849
       -0.0000276000       -0.0000164451        0.0477883100
       -0.0000002197       -0.0000013898        0.0294845501
       -0.0000000051       -0.0000003701        0.0114320548
       -0.0000248053        0.0000012150       -0.0291358501
        0.0000000401       -0.0000000898       -0.0003008347
       -0.0000000600        0.0000000202        0.0010626150
       -0.0000004448        0.0000000352        0.0063280049
        0.0000000350        0.0000000151       -0.0009240199
        0.0000002251       -0.0000000446       -0.0012571550
       -0.4335668797        0.2637763103       -0.0000161299
        0.0389471003        0.0401827501       -0.0000002197
        0.4486852697       -0.3351449797       -0.0000167000
       -0.0289528299        0.0375221603       -0.0000006850
       -0.0155724899        0.0022668348       -0.0000000600
       -0.0044488550        0.0255099499       -0.0000000148
       -0.0371322298       -0.0191867946       -0.0000003749
        0.0133772951       -0.0098316647       -0.0000000597
       -0.0002388200       -0.0027544996        0.0000000250
        0.0189030752       -0.0022090646       -0.0000004846
        0.2853780302       -0.3713828048       -0.0000159699
        0.0395652853       -0.0857174550       -0.0000013898
       -0.3351449797        0.4551475098       -0.0000165301
        0.0095148201        0.0028944402       -0.0000001648
        0.0163256499        0.0067096701       -0.0000000247
        0.0040202602       -0.0119999049       -0.0000000347
        0.0070540301        0.0129065603        0.0000001000
       -0.0098316997        0.0031205451        0.0000000151
       -0.0004530196        0.0010772550       -0.0000000051
       -0.0162914100       -0.0127557848       -0.0000001296
       -0.0000158852       -0.0000149350       -0.0723966849
       -0.0000003249       -0.0000007401        0.0294845501
       -0.0000167000       -0.0000165301        0.0331379800
       -0.0000001751       -0.0000002848        0.0201263950
       -0.0000001100       -0.0000000151       -0.0063544400
        0.0000000946       -0.0000000250       -0.0006246796
       -0.0000001702        0.0000000503        0.0063280402
       -0.0000000799        0.0000000651        0.0017343800
        0.0000000750        0.0000000051       -0.0008276800
        0.0000004999       -0.0000002299       -0.0106078897
       -0.2967753900       -0.0644193500       -0.0000137402
       -0.0065368749       -0.0047127699       -0.0000000051
       -0.0289528299        0.0095148201       -0.0000001751
        0.3291220702        0.0601989947       -0.0000145903
        0.0023322846       -0.0005666502       -0.0000000850
       -0.0000481850        0.0009861949       -0.0000000850
       -0.0017923952       -0.0009162602        0.0000000199
       -0.0002388651       -0.0004530600        0.0000000398
       -0.0000951502       -0.0001169101        0.0000000398
        0.0029870048        0.0004710751       -0.0000000099
       -0.0565367401       -0.0626854947       -0.0000009899
       -0.0407333098       -0.0207727598       -0.0000003701
        0.0375221603        0.0028944402       -0.0000002848
        0.0601989947        0.0854961598        0.0000001353
        0.0029153099       -0.0047203801       -0.0000000199
        0.0003425549       -0.0027174698       -0.0000001498
        0.0024984499        0.0018352753       -0.0000000298
       -0.0027545499        0.0010772752        0.0000000102
       -0.0001169147        0.0002874100       -0.0000000199
       -0.0033515650       -0.0006950449       -0.0000000350
       -0.0000169447        0.0000002453       -0.0674221249
       -0.0000004849       -0.0000003050        0.0114320548
       -0.0000006850       -0.0000001648        0.0201263950
       -0.0000145903        0.0000001353        0.0280402600
       -0.0000000301       -0.0000000750        0.0073044799
        0.0000000497       -0.0000000952        0.0001771352
       -0.0000000151        0.0000000250       -0.0009238451
       -0.0000000449        0.0000000401       -0.0008277399
        0.0000000500       -0.0000000148        0.0002019499
        0.0000000401       -0.0000000898        0.0018924803
        0.0006948400       -0.0364816597        0.0000000247
       -0.3652733801       -0.0512873100       -0.0000248053
       -0.0155724899        0.0163256499       -0.0000001100
        0.0023322846        0.0029153099       -0.0000000301
        0.3593573302        0.0673888397       -0.0000245652
       -0.0081136301        0.0344200399       -0.0000000398
       -0.0073051052       -0.0179424001        0.0000003098
        0.0189030348       -0.0162913500        0.0000004897
        0.0029870699       -0.0033515101        0.0000001097
        0.0119900051        0.0042725850        0.0000000500
       -0.0536421999       -0.0191903999       -0.0000009751
       -0.0211146900       -0.0553275200        0.0000012150
        0.0022668348        0.0067096701       -0.0000000151
       -0.0005666502       -0.0047203801       -0.0000000750
        0.0673888397        0.0842810601        0.0000010999
        0.0048764400        0.0070553949       -0.0000000747
       -0.0017794852       -0.0045060699       -0.0000000352
       -0.0022090802       -0.0127557001       -0.0000001353
        0.0004710949       -0.0006950350       -0.0000000051
        0.0042726199       -0.0008518799       -0.0000001049
       -0.0000013350       -0.0000003499        0.0030132250
       -0.0000261451        0.0000014700       -0.0291358501
       -0.0000000600       -0.0000000247       -0.0063544400
       -0.0000000850       -0.0000000199        0.0073044799
       -0.0000245652        0.0000010999        0.0339805700
       -0.0000002453       -0.0000002601        0.0004406752
       -0.0000000401       -0.0000000199       -0.0012571300
       -0.0000005150       -0.0000000799       -0.0106078403
       -0.0000000099       -0.0000000051        0.0018926949
        0.0000000151       -0.0000000347        0.0007235201
       -0.0031344402       -0.0054538549       -0.0000002800
        0.0027210450        0.0018006699        0.0000000401
       -0.0044488550        0.0040202602        0.0000000946
       -0.0000481850        0.0003425549        0.0000000497
       -0.0081136301        0.0048764400       -0.0000002453
        0.8998279702       -0.1233885450       -0.0000348149
       -0.1571546650       -0.0573038750       -0.0000012702
       -0.4335668902        0.2853781248       -0.0000158050
       -0.2967753349       -0.0565367003       -0.0000168953
        0.0006948898       -0.0536421197       -0.0000012099
       -0.0054540797        0.0334567252       -0.0000003649
       -0.0238916849       -0.0218021549       -0.0000000898
        0.0255099499       -0.0119999049       -0.0000000250
        0.0009861949       -0.0027174698       -0.0000000952
        0.0344200399        0.0070553949       -0.0000002601
       -0.1233885450        0.7983750299       -0.0000341296
       -0.0709643999       -0.3491090698       -0.0000178250
        0.2637761150       -0.3713829901       -0.0000150351
       -0.0644195501       -0.0626855800        0.0000000000
       -0.0364818800       -0.0191905949       -0.0000005048
       -0.0000001396        0.0000000003        0.0003810953
       -0.0000000998       -0.0000000648       -0.0003008347
       -0.0000000148       -0.0000000347       -0.0006246796
       -0.0000000850       -0.0000001498        0.0001771352
       -0.0000000398       -0.0000000747        0.0004406752
       -0.0000348149       -0.0000341296        0.2012093995
       -0.0000007648       -0.0000159397       -0.0644774096
       -0.0000159798       -0.0000157544       -0.0723964797
       -0.0000135947       -0.0000008197       -0.0674219251
        0.0000001700       -0.0000007495        0.0030134302
        0.0027209600       -0.0238915598       -0.0000003402
        0.0060845002        0.0108866399       -0.0000000600
       -0.0371322298        0.0070540301       -0.0000001702
       -0.0017923952        0.0024984499       -0.0000000151
       -0.0073051052       -0.0017794852       -0.0000000401
       -0.1571546650       -0.0709643999       -0.0000007648
        0.5274429600        0.0984151302       -0.0000276299
        0.0389469503        0.0395652950       -0.0000003601
       -0.0065368999       -0.0407333198       -0.0000005400
       -0.3652734901       -0.0211147150       -0.0000262199
        0.0018006102       -0.0218020296       -0.0000002299
        0.0108866502        0.0134973251        0.0000000202
       -0.0191867946        0.0129065603        0.0000000503
       -0.0009162602        0.0018352753        0.0000000250
       -0.0179424001       -0.0045060699       -0.0000000199
       -0.0573038750       -0.3491090698       -0.0000159397
        0.0984151302        0.5089939998       -0.0000164650
        0.0401828251       -0.0857174697       -0.0000006901
       -0.0047127497       -0.0207727300       -0.0000002751
       -0.0512873399       -0.0553274296        0.0000014603
       -0.0000000549        0.0000000801       -0.0003008000
       -0.0000000051        0.0000000352        0.0010626150
       -0.0000003749        0.0000001000        0.0063280402
        0.0000000199       -0.0000000298       -0.0009238451
        0.0000003098       -0.0000000352       -0.0012571300
       -0.0000012702       -0.0000178250       -0.0644774096
       -0.0000276299       -0.0000164650        0.0477883299
       -0.0000003249       -0.0000013648        0.0294847251
       -0.0000000099       -0.0000003752        0.0114320400
       -0.0000249048        0.0000011605       -0.0291359149
       -0.0044489698        0.0255099252       -0.0000001998
       -0.0371321698       -0.0191868298       -0.0000004448
        0.0133772951       -0.0098316997       -0.0000000799
       -0.0002388651       -0.0027545499       -0.0000000449
        0.0189030348       -0.0022090802       -0.0000005150
       -0.4335668902        0.2637761150       -0.0000159798
        0.0389469503        0.0401828251       -0.0000003249
        0.4486853499       -0.3351449999       -0.0000167751
       -0.0289527799        0.0375220750       -0.0000007199
       -0.0155725499        0.0022668453       -0.0000001248
        0.0040202352       -0.0119998046       -0.0000002902
        0.0070540801        0.0129065151        0.0000000352
       -0.0098316647        0.0031205451        0.0000000651
       -0.0004530600        0.0010772752        0.0000000401
       -0.0162913500       -0.0127557001       -0.0000000799
        0.2853781248       -0.3713829901       -0.0000157544
        0.0395652950       -0.0857174697       -0.0000013648
       -0.3351449999        0.4551474598       -0.0000165250
        0.0095148701        0.0028944751       -0.0000001700
        0.0163256550        0.0067096653       -0.0000000350
        0.0000000250        0.0000001350       -0.0006249451
       -0.0000001651        0.0000000250        0.0063280049
       -0.0000000597        0.0000000151        0.0017343800
        0.0000000398        0.0000000102       -0.0008277399
        0.0000004897       -0.0000001353       -0.0106078403
       -0.0000158050       -0.0000150351       -0.0723964797
       -0.0000003601       -0.0000006901        0.0294847251
       -0.0000167751       -0.0000165250        0.0331380301
       -0.0000000799       -0.0000005448        0.0201263450
       -0.0000001751       -0.0000000898       -0.0063545201
       -0.0000481998        0.0009863803       -0.0000001600
       -0.0017923250       -0.0009162497        0.0000000350
       -0.0002388200       -0.0004530196        0.0000000750
       -0.0000951502       -0.0001169147        0.0000000500
        0.0029870699        0.0004710949       -0.0000000099
       -0.2967753349       -0.0644195501       -0.0000135947
       -0.0065368999       -0.0047127497       -0.0000000099
       -0.0289527799        0.0095148701       -0.0000000799
        0.3291220298        0.0601990050       -0.0000145948
        0.0023322352       -0.0005666948       -0.0000000449
        0.0003425001       -0.0027173047       -0.0000002100
        0.0024985050        0.0018353350        0.0000000151
       -0.0027544996        0.0010772550        0.0000000051
       -0.0001169101        0.0002874100       -0.0000000148
       -0.0033515101       -0.0006950350       -0.0000000051
       -0.0565367003       -0.0626855800       -0.0000008197
       -0.0407333198       -0.0207727300       -0.0000003752
        0.0375220750        0.0028944751       -0.0000005448
        0.0601990050        0.0854961399        0.0000001501
        0.0029152702       -0.0047203898       -0.0000000648
       -0.0000001000        0.0000000699        0.0001769749
       -0.0000000099       -0.0000000301       -0.0009240199
        0.0000000250       -0.0000000051       -0.0008276800
        0.0000000398       -0.0000000199        0.0002019499
        0.0000001097       -0.0000000051        0.0018926949
       -0.0000168953        0.0000000000       -0.0674219251
       -0.0000005400       -0.0000002751        0.0114320400
       -0.0000007199       -0.0000001700        0.0201263450
       -0.0000145948        0.0000001501        0.0280402702
       -0.0000000401       -0.0000000699        0.0073042702
       -0.0081137350        0.0344201399       -0.0000002601
       -0.0073050199       -0.0179424549        0.0000002251
        0.0189030752       -0.0162914100        0.0000004999
        0.0029870048       -0.0033515650        0.0000000401
        0.0119900051        0.0042726199        0.0000000151
        0.0006948898       -0.0364818800        0.0000001700
       -0.3652734901       -0.0512873399       -0.0000249048
       -0.0155725499        0.0163256550       -0.0000001751
        0.0023322352        0.0029152702       -0.0000000401
        0.3593574201        0.0673887800       -0.0000245799
        0.0048763604        0.0070555302       -0.0000004050
       -0.0017794548       -0.0045060847       -0.0000000446
       -0.0022090646       -0.0127557848       -0.0000002299
        0.0004710751       -0.0006950449       -0.0000000898
        0.0042725850       -0.0008518799       -0.0000000347
       -0.0536421197       -0.0191905949       -0.0000007495
       -0.0211147150       -0.0553274296        0.0000011605
        0.0022668453        0.0067096653       -0.0000000898
       -0.0005666948       -0.0047203898       -0.0000000699
        0.0673887800        0.0842811096        0.0000010053
       -0.0000003297       -0.0000000796        0.0004404950
       -0.0000000946       -0.0000000898       -0.0012571550
       -0.0000004846       -0.0000001296       -0.0106078897
       -0.0000000099       -0.0000000350        0.0018924803
        0.0000000500       -0.0000001049        0.0007235201
       -0.0000012099       -0.0000005048        0.0030134302
       -0.0000262199        0.0000014603       -0.0291359149
       -0.0000001248       -0.0000000350       -0.0063545201
       -0.0000000449       -0.0000000648        0.0073042702
       -0.0000245799        0.0000010053        0.0339806297
