   13   39
        0.6191994802        0.0044000298        0.0013245898
       -0.0801195901        0.0033721098       -0.0006519301
        0.0009092749       -0.0260399452        0.0073775348
       -0.0019435852        0.0370413748       -0.0118676151
        0.0018812999       -0.0007073351       -0.0011508401
       -0.0055756652        0.0031739249        0.0013466348
        0.0002693449       -0.0062107151        0.0019310750
       -0.0037505050       -0.0035914802       -0.0024002252
        0.0007306899       -0.0003397203        0.0005608898
        0.0007809648        0.0010233698        0.0005949799
       -0.1919949351       -0.1148919702       -0.0991160101
       -0.0525806952       -0.0020567501        0.0520129349
       -0.2878064601        0.1048543898        0.0500074049
        0.0044000298        0.5168272003        0.0361817797
        0.0026851649       -0.2060023103        0.0435233748
       -0.0014735350       -0.0234984651        0.0053370348
        0.0093800048       -0.0212999501        0.0042026099
       -0.0049200952       -0.0006022651        0.0007843649
        0.0010574247        0.0009643600        0.0001665548
        0.0004468448       -0.0022552901       -0.0011311351
       -0.0017157350       -0.0010331200       -0.0011368252
        0.0013279249        0.0015593498        0.0007008349
        0.0014722549        0.0013160498        0.0009801199
       -0.1173561802       -0.1339610751       -0.0781207501
       -0.0019708102       -0.0432575501        0.0115086998
        0.1066933349       -0.0887577701       -0.0230258752
        0.0013245898        0.0361817797        0.5958538705
       -0.0004517052        0.0463710397       -0.0954533952
        0.0003355497       -0.0155725853        0.0054112297
       -0.0016327652       -0.0039936353        0.0026348998
        0.0000100698       -0.0011699052       -0.0024135652
        0.0019502096       -0.0010003801        0.0018651097
       -0.0023565252        0.0327033199       -0.0087613353
       -0.0026689501       -0.0032124503       -0.0012020952
        0.0004760848        0.0002520997       -0.0000273053
        0.0000609597       -0.0010896802        0.0009146098
       -0.0997050903       -0.0762425952       -0.1092122152
        0.0530626647        0.0092385397       -0.3348169702
        0.0495642749       -0.0224936403       -0.0547932252
       -0.0801195901        0.0026851649       -0.0004517052
        0.4925179601       -0.0093649001       -0.0259599400
       -0.1360780701       -0.0420491601       -0.0412971850
       -0.1696857102        0.0627260499        0.0078079150
       -0.0411451451        0.0006703800        0.0202342250
        0.0010977249       -0.0025009051        0.0043210248
       -0.0492811851        0.0026885749        0.0493284250
        0.0017922699        0.0023801950        0.0021478900
       -0.0212657102       -0.0214492601       -0.0170838450
        0.0015272398        0.0019514299        0.0017143751
        0.0012771149       -0.0219937401        0.0095156501
       -0.0003894201       -0.0060852700        0.0009987249
       -0.0002486151        0.0303482399       -0.0113066052
        0.0033721098       -0.2060023103        0.0463710397
       -0.0093649001        0.5295130103       -0.0307682352
       -0.0514656901       -0.1182390052       -0.0337508752
        0.0604459548       -0.1277411002       -0.0038481851
       -0.0191676102        0.0202068598        0.0077503350
        0.0262789598       -0.0107997451       -0.0002351952
        0.0035646399       -0.0444369300        0.0103478099
       -0.0215348301       -0.0158202151       -0.0159644301
        0.0085462050        0.0053130547        0.0053984098
        0.0001276999       -0.0001569602        0.0016616649
        0.0021788598       -0.0158037803        0.0075698449
       -0.0001258203       -0.0024300101       -0.0003581602
       -0.0028487351       -0.0136035752        0.0057926847
       -0.0006519301        0.0435233748       -0.0954533952
       -0.0259599400       -0.0307682352        0.5780050702
       -0.0491959452       -0.0288865552       -0.1016619302
        0.0092486647       -0.0028154301       -0.0861134801
        0.0273386898        0.0007266550        0.0151249199
       -0.0056032802        0.0094081999        0.0156992149
        0.0562474048        0.0087225000       -0.3128116151
        0.0092954899        0.0070176449        0.0046806399
        0.0036925400        0.0024219848        0.0016212499
       -0.0245405451       -0.0190453352       -0.0143220052
        0.0014110749       -0.0167257951        0.0048213700
       -0.0016151752        0.0334754299       -0.0107061751
        0.0003006051       -0.0070856503        0.0011159197
        0.0009092749       -0.0014735350        0.0003355497
       -0.1360780701       -0.0514656901       -0.0491959452
        0.5554601302       -0.0494747501       -0.0388097202
       -0.0334901202       -0.0219563951       -0.0154377150
       -0.0018100151        0.0040855750        0.0028961300
        0.0025743297        0.0002049549        0.0022806549
        0.0033677699        0.0012424600        0.0033102799
       -0.0450472950        0.0181862050       -0.0057606552
       -0.2970733051        0.0967559349        0.0602482800
       -0.0496420301        0.0001390549        0.0405905249
        0.0002580848        0.0018870949       -0.0003037600
       -0.0000735352        0.0005806599       -0.0003268900
        0.0006440050        0.0012747100        0.0001327999
       -0.0260399452       -0.0234984651       -0.0155725853
       -0.0420491601       -0.1182390052       -0.0288865552
       -0.0494747501        0.5683494203       -0.0349955452
       -0.0001012802        0.0115788748        0.0084109600
        0.0041725548       -0.0009751001       -0.0039128001
        0.0007714198       -0.0008378751       -0.0004759352
       -0.0016859401       -0.0012771501        0.0000365549
        0.0192463050       -0.3111530951        0.0882115249
        0.0954782048       -0.0771213652       -0.0212183701
       -0.0001914252       -0.0445975053        0.0079942048
        0.0001115048       -0.0061105251        0.0019158549
        0.0002484798        0.0020406648       -0.0009179352
       -0.0005017752        0.0018407748       -0.0006239952
        0.0073775348        0.0053370348        0.0054112297
       -0.0412971850       -0.0337508752       -0.1016619302
       -0.0388097202       -0.0349955452        0.5763990603
        0.0001131497        0.0042632549        0.0035586599
        0.0035306299       -0.0005644101       -0.0026960551
        0.0001165097       -0.0003493253       -0.0002258501
       -0.0265702252       -0.0202025952       -0.0158183451
       -0.0065278550        0.0875601297       -0.0732637952
        0.0590200747       -0.0205300702       -0.0566197403
        0.0416446699        0.0090959297       -0.3354973401
        0.0005323997        0.0031842049       -0.0003568151
        0.0007467548        0.0011647748        0.0008838748
        0.0000799500       -0.0002486402       -0.0001130802
       -0.0019435852        0.0093800048       -0.0016327652
       -0.1696857102        0.0604459548        0.0092486647
       -0.0334901202       -0.0001012802        0.0001131497
        0.7881804504        0.1370564398       -0.2299112701
       -0.5167752202       -0.2499294551        0.2321849149
       -0.0636471003        0.0463164598       -0.0123965752
       -0.0058780303        0.0003772399       -0.0005035702
        0.0006746698        0.0024671749        0.0000672898
       -0.0002359002       -0.0002073453       -0.0014958253
        0.0022416698        0.0011847148        0.0020344798
        0.0000196448       -0.0026738303       -0.0009098102
        0.0006276498       -0.0014891303        0.0022048448
       -0.0000892400       -0.0027926552        0.0010125298
        0.0370413748       -0.0212999501       -0.0039936353
        0.0627260499       -0.1277411002       -0.0028154301
       -0.0219563951        0.0115788748        0.0042632549
        0.1370564398        0.6653310803       -0.2016898300
       -0.2415715552       -0.2502715401        0.1431950000
        0.0386094148       -0.2685724601        0.0598574499
       -0.0044840951        0.0017700900        0.0025369299
       -0.0022374550       -0.0010300100        0.0002675648
       -0.0051659701       -0.0040810951       -0.0033906902
        0.0004567148       -0.0000222602       -0.0002929751
        0.0003207597        0.0002188249       -0.0008449101
        0.0003907097        0.0007968949       -0.0000579200
       -0.0011467750       -0.0066771102        0.0029626048
       -0.0118676151        0.0042026099        0.0026348998
        0.0078079150       -0.0038481851       -0.0861134801
       -0.0154377150        0.0084109600        0.0035586599
       -0.2299112701       -0.2016898300        0.3433080201
        0.2290902398        0.1459708200       -0.1805095350
       -0.0108581702        0.0585262201       -0.0734683101
        0.0347006750       -0.0140664899       -0.0068790649
        0.0014587400        0.0004885349        0.0003766850
       -0.0028037550       -0.0023797901       -0.0016658650
       -0.0016231250        0.0002382149       -0.0005593401
        0.0006519750        0.0001067450        0.0004846952
       -0.0013636301        0.0007246000       -0.0005845901
        0.0001752601        0.0033127699       -0.0005821451
        0.0018812999       -0.0049200952        0.0000100698
       -0.0411451451       -0.0191676102        0.0273386898
       -0.0018100151        0.0041725548        0.0035306299
       -0.5167752202       -0.2415715552        0.2290902398
        0.5630551303        0.2819039449       -0.2714372050
        0.0020411397       -0.0215632451        0.0129342199
       -0.0058879401        0.0018402748        0.0011583099
        0.0001644399       -0.0005074901        0.0001076599
       -0.0014074502       -0.0017150452       -0.0014329952
       -0.0000052501       -0.0001250652       -0.0011246500
       -0.0002292252        0.0012619599        0.0001073799
       -0.0001999052        0.0008347799       -0.0003871001
        0.0003175148       -0.0003862601        0.0001398297
       -0.0007073351       -0.0006022651       -0.0011699052
        0.0006703800        0.0202068598        0.0007266550
        0.0040855750       -0.0009751001       -0.0005644101
       -0.2499294551       -0.2502715401        0.1459708200
        0.2819039449        0.2464692102       -0.1691419050
       -0.0406256302       -0.0194690601        0.0265258149
        0.0018132098       -0.0001034100       -0.0015056500
        0.0007190849        0.0006218700       -0.0000347902
        0.0006542498        0.0007505250        0.0004413748
       -0.0002582452       -0.0000979450       -0.0002487901
        0.0007943548        0.0013336549        0.0010927201
       -0.0003492102        0.0003245898       -0.0012275952
        0.0012843850        0.0018130500       -0.0008568752
       -0.0011508401        0.0007843649       -0.0024135652
        0.0202342250        0.0077503350        0.0151249199
        0.0028961300       -0.0039128001       -0.0026960551
        0.2321849149        0.1431950000       -0.1805095350
       -0.2714372050       -0.1691419050        0.1601620602
        0.0195496449        0.0202620301        0.0066901949
       -0.0032749001        0.0011012500        0.0001425698
       -0.0005801101       -0.0001962351       -0.0001356301
        0.0010064599        0.0011685849        0.0012458699
        0.0005737398        0.0001028299        0.0006035749
       -0.0001257402       -0.0001904552       -0.0000437100
        0.0005289098       -0.0005173150        0.0011953698
       -0.0003705999       -0.0003996801        0.0006345498
       -0.0055756652        0.0010574247        0.0019502096
        0.0010977249        0.0262789598       -0.0056032802
        0.0025743297        0.0007714198        0.0001165097
       -0.0636471003        0.0386094148       -0.0108581702
        0.0020411397       -0.0406256302        0.0195496449
        0.0633820005       -0.0263870152       -0.0053084553
        0.0001883497       -0.0004804102        0.0007923649
       -0.0005213502       -0.0006733853       -0.0000400453
        0.0004079247       -0.0001949104        0.0003235647
       -0.0000757552       -0.0001050503       -0.0001950953
        0.0001002647       -0.0000170803        0.0002008348
       -0.0000613953       -0.0001415253       -0.0002630453
        0.0000893749        0.0018816196       -0.0006668704
        0.0031739249        0.0009643600       -0.0010003801
       -0.0025009051       -0.0107997451        0.0094081999
        0.0002049549       -0.0008378751       -0.0003493253
        0.0463164598       -0.2685724601        0.0585262201
       -0.0215632451       -0.0194690601        0.0202620301
       -0.0263870152        0.2978225402       -0.0871349850
       -0.0001557001        0.0000046549       -0.0004843001
        0.0006101600        0.0009410600        0.0000245549
        0.0005359549        0.0007648499        0.0002489249
        0.0000732700        0.0000217899        0.0000380699
       -0.0001751302        0.0001047499        0.0001078099
       -0.0002542652        0.0000377349       -0.0000257201
        0.0000954199       -0.0009817701        0.0003770549
        0.0013466348        0.0001665548        0.0018651097
        0.0043210248       -0.0002351952        0.0156992149
        0.0022806549       -0.0004759352       -0.0002258501
       -0.0123965752        0.0598574499       -0.0734683101
        0.0129342199        0.0265258149        0.0066901949
       -0.0053084553       -0.0871349850        0.0491266903
       -0.0035879302        0.0015928700        0.0007845649
       -0.0002380352        0.0000669448       -0.0000976502
        0.0003623950        0.0003159698        0.0000530449
       -0.0000200801       -0.0001876701       -0.0002305052
       -0.0000435752       -0.0000269101       -0.0002374500
        0.0002226098       -0.0002936002       -0.0000683201
        0.0001258751       -0.0001742151        0.0001096699
        0.0002693449        0.0004468448       -0.0023565252
       -0.0492811851        0.0035646399        0.0562474048
        0.0033677699       -0.0016859401       -0.0265702252
       -0.0058780303       -0.0044840951        0.0347006750
       -0.0058879401        0.0018132098       -0.0032749001
        0.0001883497       -0.0001557001       -0.0035879302
        0.0578046803        0.0021830449       -0.0530574701
        0.0007792950        0.0003485749        0.0007600148
        0.0012667398        0.0011671598        0.0002381248
       -0.0031797201       -0.0033384002       -0.0028033251
       -0.0000137251       -0.0001335701        0.0004854250
        0.0004420347        0.0005721098       -0.0003210452
        0.0001216499       -0.0002965102       -0.0004831601
       -0.0062107151       -0.0022552901        0.0327033199
        0.0026885749       -0.0444369300        0.0087225000
        0.0012424600       -0.0012771501       -0.0202025952
        0.0003772399        0.0017700900       -0.0140664899
        0.0018402748       -0.0001034100        0.0011012500
       -0.0004804102        0.0000046549        0.0015928700
        0.0021830449        0.0509021501       -0.0103860199
        0.0006550549        0.0004252949        0.0000418849
        0.0004887551        0.0005459449        0.0009976699
       -0.0030661651       -0.0016286252       -0.0017625101
       -0.0002750851        0.0011209750       -0.0006215750
        0.0003149599       -0.0063967002        0.0024463201
        0.0002425901        0.0013282400       -0.0005980951
        0.0019310750       -0.0011311351       -0.0087613353
        0.0493284250        0.0103478099       -0.3128116151
        0.0033102799        0.0000365549       -0.0158183451
       -0.0005035702        0.0025369299       -0.0068790649
        0.0011583099       -0.0015056500        0.0001425698
        0.0007923649       -0.0004843001        0.0007845649
       -0.0530574701       -0.0103860199        0.3408906102
        0.0001319648       -0.0003267800        0.0005460149
       -0.0000153001        0.0006488050        0.0008518199
       -0.0027369950       -0.0022644402       -0.0003819801
        0.0001918798        0.0002253650        0.0005863150
       -0.0001125552        0.0022217749        0.0005046249
       -0.0004411500        0.0000508949        0.0003458550
       -0.0037505050       -0.0017157350       -0.0026689501
        0.0017922699       -0.0215348301        0.0092954899
       -0.0450472950        0.0192463050       -0.0065278550
        0.0006746698       -0.0022374550        0.0014587400
        0.0001644399        0.0007190849       -0.0005801101
       -0.0005213502        0.0006101600       -0.0002380352
        0.0007792950        0.0006550549        0.0001319648
        0.0468245102       -0.0181597001        0.0083964599
       -0.0005440850        0.0287387249       -0.0106312402
       -0.0007707952       -0.0049025601        0.0014056498
        0.0001893399       -0.0015452702        0.0001960350
       -0.0000117052        0.0002765950       -0.0001312502
        0.0002207200       -0.0001805751       -0.0001082101
       -0.0035914802       -0.0010331200       -0.0032124503
        0.0023801950       -0.0158202151        0.0070176449
        0.0181862050       -0.3111530951        0.0875601297
        0.0024671749       -0.0010300100        0.0004885349
       -0.0005074901        0.0006218700       -0.0001962351
       -0.0006733853        0.0009410600        0.0000669448
        0.0003485749        0.0004252949       -0.0003267800
       -0.0181597001        0.3362663202       -0.0941710250
       -0.0008778501       -0.0093656303        0.0035644850
        0.0001883949        0.0007628100       -0.0013174001
        0.0000662098       -0.0013073802        0.0005228851
        0.0001101949        0.0002645749        0.0000019298
        0.0000341601        0.0004274699       -0.0000015902
       -0.0024002252       -0.0011368252       -0.0012020952
        0.0021478900       -0.0159644301        0.0046806399
       -0.0057606552        0.0882115249       -0.0732637952
        0.0000672898        0.0002675648        0.0003766850
        0.0001076599       -0.0000347902       -0.0001356301
       -0.0000400453        0.0000245549       -0.0000976502
        0.0007600148        0.0000418849        0.0005460149
        0.0083964599       -0.0941710250        0.0748629702
        0.0002630749       -0.0076655502        0.0014926999
       -0.0029720751        0.0313543798       -0.0080948200
       -0.0002723351       -0.0008650601        0.0006281100
       -0.0001971452       -0.0002909901        0.0003434548
       -0.0001004949        0.0002253249       -0.0001367401
        0.0007306899        0.0013279249        0.0004760848
       -0.0212657102        0.0085462050        0.0036925400
       -0.2970733051        0.0954782048        0.0590200747
       -0.0002359002       -0.0051659701       -0.0028037550
       -0.0014074502        0.0006542498        0.0010064599
        0.0004079247        0.0005359549        0.0003623950
        0.0012667398        0.0004887551       -0.0000153001
       -0.0005440850       -0.0008778501        0.0002630749
        0.3202766302       -0.1010371203       -0.0612765601
       -0.0028245401        0.0009271299       -0.0006016251
        0.0003619549        0.0000416298       -0.0001831950
       -0.0000446852       -0.0000641101       -0.0000222252
        0.0003516249       -0.0008529801        0.0000652298
       -0.0003397203        0.0015593498        0.0002520997
       -0.0214492601        0.0053130547        0.0024219848
        0.0967559349       -0.0771213652       -0.0205300702
       -0.0002073453       -0.0040810951       -0.0023797901
       -0.0017150452        0.0007505250        0.0011685849
       -0.0001949104        0.0007648499        0.0003159698
        0.0011671598        0.0005459449        0.0006488050
        0.0287387249       -0.0093656303       -0.0076655502
       -0.1010371203        0.0820889903        0.0251156098
       -0.0021715051       -0.0003062951        0.0007853598
        0.0002017298        0.0002385198       -0.0000302350
        0.0000190097       -0.0000790652        0.0000534499
        0.0002344099       -0.0003079852       -0.0001575252
        0.0005608898        0.0007008349       -0.0000273053
       -0.0170838450        0.0053984098        0.0016212499
        0.0602482800       -0.0212183701       -0.0566197403
       -0.0014958253       -0.0033906902       -0.0016658650
       -0.0014329952        0.0004413748        0.0012458699
        0.0003235647        0.0002489249        0.0000530449
        0.0002381248        0.0009976699        0.0008518199
       -0.0106312402        0.0035644850        0.0014926999
       -0.0612765601        0.0251156098        0.0582930403
        0.0302922098       -0.0118447602       -0.0053063901
       -0.0000419553        0.0001749648       -0.0001447050
        0.0001014648       -0.0001305752       -0.0000373451
        0.0001806799       -0.0000595301        0.0002434798
        0.0007809648        0.0014722549        0.0000609597
        0.0015272398        0.0001276999       -0.0245405451
       -0.0496420301       -0.0001914252        0.0416446699
        0.0022416698        0.0004567148       -0.0016231250
       -0.0000052501       -0.0002582452        0.0005737398
       -0.0000757552        0.0000732700       -0.0000200801
       -0.0031797201       -0.0030661651       -0.0027369950
       -0.0007707952        0.0001883949       -0.0029720751
       -0.0028245401       -0.0021715051        0.0302922098
        0.0518808503        0.0034304898       -0.0414400101
       -0.0000490951        0.0002527997        0.0000730000
        0.0001292148       -0.0002094552        0.0005013449
       -0.0000130200       -0.0001030502        0.0001587098
        0.0010233698        0.0013160498       -0.0010896802
        0.0019514299       -0.0001569602       -0.0190453352
        0.0001390549       -0.0445975053        0.0090959297
        0.0011847148       -0.0000222602        0.0002382149
       -0.0001250652       -0.0000979450        0.0001028299
       -0.0001050503        0.0000217899       -0.0001876701
       -0.0033384002       -0.0016286252       -0.0022644402
       -0.0049025601        0.0007628100        0.0313543798
        0.0009271299       -0.0003062951       -0.0118447602
        0.0034304898        0.0447619803       -0.0071608451
        0.0000760548        0.0001982897        0.0003129749
       -0.0003139502       -0.0001771352        0.0004521149
        0.0000541249       -0.0000744002        0.0000022798
        0.0005949799        0.0009801199        0.0009146098
        0.0017143751        0.0016616649       -0.0143220052
        0.0405905249        0.0079942048       -0.3354973401
        0.0020344798       -0.0002929751       -0.0005593401
       -0.0011246500       -0.0002487901        0.0006035749
       -0.0001950953        0.0000380699       -0.0002305052
       -0.0028033251       -0.0017625101       -0.0003819801
        0.0014056498       -0.0013174001       -0.0080948200
       -0.0006016251        0.0007853598       -0.0053063901
       -0.0414400101       -0.0071608451        0.3620705402
       -0.0000490601        0.0001427398        0.0004038149
       -0.0001224852       -0.0007831601        0.0004424898
       -0.0000308300       -0.0000685951       -0.0000427201
       -0.1919949351       -0.1173561802       -0.0997050903
        0.0012771149        0.0021788598        0.0014110749
        0.0002580848        0.0001115048        0.0005323997
        0.0000196448        0.0003207597        0.0006519750
       -0.0002292252        0.0007943548       -0.0001257402
        0.0001002647       -0.0001751302       -0.0000435752
       -0.0000137251       -0.0002750851        0.0001918798
        0.0001893399        0.0000662098       -0.0002723351
        0.0003619549        0.0002017298       -0.0000419553
       -0.0000490951        0.0000760548       -0.0000490601
        0.2037829503        0.1263227199        0.1076686749
        0.0042138797        0.0042913298        0.0039429098
       -0.0179162350       -0.0165306051       -0.0141465853
       -0.1148919702       -0.1339610751       -0.0762425952
       -0.0219937401       -0.0158037803       -0.0167257951
        0.0018870949       -0.0061105251        0.0031842049
       -0.0026738303        0.0002188249        0.0001067450
        0.0012619599        0.0013336549       -0.0001904552
       -0.0000170803        0.0001047499       -0.0000269101
       -0.0001335701        0.0011209750        0.0002253650
       -0.0015452702       -0.0013073802       -0.0008650601
        0.0000416298        0.0002385198        0.0001749648
        0.0002527997        0.0001982897        0.0001427398
        0.1263227199        0.1458665503        0.0812606899
        0.0016207197        0.0004426448        0.0014714598
        0.0098941199        0.0076584298        0.0074916798
       -0.0991160101       -0.0781207501       -0.1092122152
        0.0095156501        0.0075698449        0.0048213700
       -0.0003037600        0.0019158549       -0.0003568151
       -0.0009098102       -0.0008449101        0.0004846952
        0.0001073799        0.0010927201       -0.0000437100
        0.0002008348        0.0001078099       -0.0002374500
        0.0004854250       -0.0006215750        0.0005863150
        0.0001960350        0.0005228851        0.0006281100
       -0.0001831950       -0.0000302350       -0.0001447050
        0.0000730000        0.0003129749        0.0004038149
        0.1076686749        0.0812606899        0.1140591201
       -0.0233514201       -0.0178316550       -0.0136022551
        0.0056300551        0.0046721999        0.0026136600
       -0.0525806952       -0.0019708102        0.0530626647
       -0.0003894201       -0.0001258203       -0.0016151752
       -0.0000735352        0.0002484798        0.0007467548
        0.0006276498        0.0003907097       -0.0013636301
       -0.0001999052       -0.0003492102        0.0005289098
       -0.0000613953       -0.0002542652        0.0002226098
        0.0004420347        0.0003149599       -0.0001125552
       -0.0000117052        0.0001101949       -0.0001971452
       -0.0000446852        0.0000190097        0.0001014648
        0.0001292148       -0.0003139502       -0.0001224852
        0.0042138797        0.0016207197       -0.0233514201
        0.0518451904        0.0023745248       -0.0574909402
       -0.0038967201       -0.0020632451        0.0295673748
       -0.0020567501       -0.0432575501        0.0092385397
       -0.0060852700       -0.0024300101        0.0334754299
        0.0005806599        0.0020406648        0.0011647748
       -0.0014891303        0.0007968949        0.0007246000
        0.0008347799        0.0003245898       -0.0005173150
       -0.0001415253        0.0000377349       -0.0002936002
        0.0005721098       -0.0063967002        0.0022217749
        0.0002765950        0.0002645749       -0.0002909901
       -0.0000641101       -0.0000790652       -0.0001305752
       -0.0002094552       -0.0001771352       -0.0007831601
        0.0042913298        0.0004426448       -0.0178316550
        0.0023745248        0.0487860203       -0.0138311302
        0.0011174150       -0.0003533302       -0.0131794802
        0.0520129349        0.0115086998       -0.3348169702
        0.0009987249       -0.0003581602       -0.0107061751
       -0.0003268900       -0.0009179352        0.0008838748
        0.0022048448       -0.0000579200       -0.0005845901
       -0.0003871001       -0.0012275952        0.0011953698
       -0.0002630453       -0.0000257201       -0.0000683201
       -0.0003210452        0.0024463201        0.0005046249
       -0.0001312502        0.0000019298        0.0003434548
       -0.0000222252        0.0000534499       -0.0000373451
        0.0005013449        0.0004521149        0.0004424898
        0.0039429098        0.0014714598       -0.0136022551
       -0.0574909402       -0.0138311302        0.3602471602
       -0.0007404500        0.0004529149       -0.0038014652
       -0.2878064601        0.1066933349        0.0495642749
       -0.0002486151       -0.0028487351        0.0003006051
        0.0006440050       -0.0005017752        0.0000799500
       -0.0000892400       -0.0011467750        0.0001752601
        0.0003175148        0.0012843850       -0.0003705999
        0.0000893749        0.0000954199        0.0001258751
        0.0001216499        0.0002425901       -0.0004411500
        0.0002207200        0.0000341601       -0.0001004949
        0.0003516249        0.0002344099        0.0001806799
       -0.0000130200        0.0000541249       -0.0000308300
       -0.0179162350        0.0098941199        0.0056300551
       -0.0038967201        0.0011174150       -0.0007404500
        0.3082254401       -0.1151394601       -0.0543912451
        0.1048543898       -0.0887577701       -0.0224936403
        0.0303482399       -0.0136035752       -0.0070856503
        0.0012747100        0.0018407748       -0.0002486402
       -0.0027926552       -0.0066771102        0.0033127699
       -0.0003862601        0.0018130500       -0.0003996801
        0.0018816196       -0.0009817701       -0.0001742151
       -0.0002965102        0.0013282400        0.0000508949
       -0.0001805751        0.0004274699        0.0002253249
       -0.0008529801       -0.0003079852       -0.0000595301
       -0.0001030502       -0.0000744002       -0.0000685951
       -0.0165306051        0.0076584298        0.0046721999
       -0.0020632451       -0.0003533302        0.0004529149
       -0.1151394601        0.0976875103        0.0218140048
        0.0500074049       -0.0230258752       -0.0547932252
       -0.0113066052        0.0057926847        0.0011159197
        0.0001327999       -0.0006239952       -0.0001130802
        0.0010125298        0.0029626048       -0.0005821451
        0.0001398297       -0.0008568752        0.0006345498
       -0.0006668704        0.0003770549        0.0001096699
       -0.0004831601       -0.0005980951        0.0003458550
       -0.0001082101       -0.0000015902       -0.0001367401
        0.0000652298       -0.0001575252        0.0002434798
        0.0001587098        0.0000022798       -0.0000427201
       -0.0141465853        0.0074916798        0.0026136600
        0.0295673748       -0.0131794802       -0.0038014652
       -0.0543912451        0.0218140048        0.0544061103
