   23   69
        0.1564311748       -0.0000068911        0.0000099514
       -0.0232630362       -0.0000012987       -0.0000009024
       -0.0232630262       -0.0000012948       -0.0000009175
       -0.0000452374       -0.0000000324        0.0000000001
       -0.0000452236       -0.0000000337        0.0000000050
       -0.0002059712       -0.0000000161       -0.0000000062
       -0.0002059661       -0.0000000149       -0.0000000124
       -0.0549492624       -0.0000024387        0.0281773563
       -0.0549492736       -0.0000024474       -0.0281662812
        0.0000147588        0.0067263139       -0.0046802749
        0.0000147564       -0.0067263886        0.0046802288
        0.0000147664        0.0067263275        0.0046802300
        0.0000147575       -0.0067263824       -0.0046802787
       -0.0000675887       -0.0002647949       -0.0000069574
       -0.0000675861        0.0002648063        0.0000069363
       -0.0000675912       -0.0002647836        0.0000069376
       -0.0000676024        0.0002647838       -0.0000069537
        0.0000944139       -0.0000222687        0.0000659214
        0.0000944114        0.0000222438       -0.0000659561
        0.0000944151       -0.0000222774       -0.0000659561
        0.0000944214        0.0000222627        0.0000659164
        0.0001646351       -0.0000000212       -0.0000000087
        0.0001646476       -0.0000000099       -0.0000000099
       -0.0000068911        0.1318731424        0.0000023702
       -0.0000012975       -0.0429524449        0.0138151751
       -0.0000013150       -0.0429524474       -0.0138101637
       -0.0000000300       -0.0077108386        0.0044831663
       -0.0000000187       -0.0077108275       -0.0044836462
       -0.0000000162       -0.0007585362       -0.0009948774
       -0.0000000149       -0.0007585400        0.0009948063
       -0.0000020213       -0.0148436386       -0.0000012999
       -0.0000020400       -0.0148436550       -0.0000012962
       -0.0000733387       -0.0001582274        0.0000640925
        0.0000733114       -0.0001582374        0.0000640939
       -0.0000733374       -0.0001582237       -0.0000641912
        0.0000733125       -0.0001582237       -0.0000641949
        0.0000813826        0.0004774050        0.0003244563
       -0.0000813561        0.0004774151        0.0003244501
        0.0000813838        0.0004774126       -0.0003244862
       -0.0000813587        0.0004774013       -0.0003244788
        0.0000554564       -0.0000215900        0.0000192188
       -0.0000554636       -0.0000216011        0.0000192200
        0.0000554576       -0.0000216062       -0.0000192625
       -0.0000554586       -0.0000215886       -0.0000192499
       -0.0000000212       -0.0002665350        0.0002647737
       -0.0000000099       -0.0002665249       -0.0002648125
        0.0000099514        0.0000023702        0.1457188148
       -0.0000009211        0.0138334188       -0.0342701124
       -0.0000009199       -0.0138283949       -0.0342701262
        0.0000000088       -0.0043789011        0.0045970439
        0.0000000114        0.0043784014        0.0045970526
       -0.0000000161       -0.0011466524       -0.0012509486
       -0.0000000111        0.0011466101       -0.0012509523
        0.0287538588       -0.0000013898       -0.0359057512
       -0.0287427724       -0.0000014074       -0.0359057524
        0.0000731188        0.0046208414       -0.0032350699
       -0.0000732373        0.0046208464       -0.0032350761
       -0.0000732199       -0.0046208512       -0.0032350648
        0.0000731212       -0.0046208511       -0.0032350825
       -0.0000607086       -0.0001344974        0.0000385251
        0.0000607213       -0.0001344862        0.0000385414
        0.0000607101        0.0001345151        0.0000385263
       -0.0000607137        0.0001345050        0.0000385288
        0.0000915089        0.0000496526        0.0000394063
       -0.0000915111        0.0000496476        0.0000394039
       -0.0000915062       -0.0000496786        0.0000394114
        0.0000915139       -0.0000496549        0.0000394026
       -0.0000000149       -0.0005383912        0.0002846362
       -0.0000000174        0.0005383751        0.0002846501
       -0.0232630362       -0.0000012975       -0.0000009211
        0.1563725824       -0.0000068712        0.0000099588
       -0.0000482813       -0.0000000312        0.0000000038
       -0.0233231725       -0.0000012999       -0.0000009112
       -0.0002436049        0.0000000001        0.0000000012
        0.0001226975       -0.0000000399        0.0000000025
        0.0001878638       -0.0000000125       -0.0000000049
        0.0000079588       -0.0067368224        0.0046963238
        0.0000079476        0.0067367250       -0.0046963387
       -0.0548976675        0.0000171376       -0.0281610963
       -0.0548976774       -0.0000219975        0.0281721738
       -0.0000675387        0.0002667175        0.0000059963
       -0.0000675625       -0.0002667087       -0.0000060100
       -0.0000198325       -0.0067612937       -0.0047651550
       -0.0000198300        0.0067612287        0.0047651288
        0.0001037200        0.0000143076       -0.0000782475
        0.0001037075       -0.0000143113        0.0000782412
       -0.0000421074        0.0003044300        0.0000402700
       -0.0000420975       -0.0003044288       -0.0000402737
       -0.0000108224       -0.0000203887       -0.0000141037
       -0.0000108124        0.0000203738        0.0000140875
        0.0000520438       -0.0000000175       -0.0000000075
       -0.0000045225       -0.0000000012       -0.0000000025
       -0.0000012987       -0.0429524449        0.0138334188
       -0.0000068712        0.1319320749       -0.0001696912
       -0.0000000325       -0.0078272549        0.0044898263
       -0.0000013050       -0.0427677924       -0.0137408725
        0.0000000001       -0.0006347099       -0.0010525862
       -0.0000000375       -0.0080620499       -0.0043593637
       -0.0000000075       -0.0001986887        0.0003435513
        0.0000683388       -0.0001521549        0.0000626650
       -0.0000683625       -0.0001521650        0.0000626588
        0.0000229113       -0.0148496849        0.0000354488
       -0.0000269699       -0.0148496925        0.0000354488
       -0.0000814737        0.0004764937        0.0003211713
        0.0000814950        0.0004764975        0.0003211613
        0.0000531788       -0.0001853750       -0.0001065388
       -0.0000531674       -0.0001853700       -0.0001065462
       -0.0000650625       -0.0000208137        0.0000319275
        0.0000650513       -0.0000208188        0.0000319375
       -0.0000711812        0.0005169975       -0.0003304174
        0.0000711901        0.0005169975       -0.0003304174
        0.0000152851        0.0000131251       -0.0000047362
       -0.0000152812        0.0000131426       -0.0000047262
       -0.0000000275       -0.0009804351        0.0007186337
       -0.0000000100       -0.0001063112       -0.0000779800
       -0.0000009024        0.0138151751       -0.0342701124
        0.0000099588       -0.0001696912        0.1458522374
       -0.0000000063       -0.0044903199        0.0046846000
       -0.0000009099       -0.0140322098       -0.0341071011
       -0.0000000024       -0.0010366350       -0.0014183924
        0.0000000050        0.0047330438        0.0042669563
       -0.0000000037       -0.0004036349        0.0004505613
       -0.0000711962        0.0046272626       -0.0032460099
        0.0000710988        0.0046272450       -0.0032460037
       -0.0287366037        0.0000453389       -0.0358750437
        0.0287476901        0.0000453338       -0.0358750437
        0.0000662763       -0.0001361650        0.0000348051
       -0.0000662813       -0.0001361662        0.0000348063
        0.0000442151       -0.0046615438       -0.0032938787
       -0.0000442912       -0.0046615425       -0.0032938724
       -0.0000998687        0.0000418576        0.0000403500
        0.0000998688        0.0000418413        0.0000403600
       -0.0000215999        0.0001071800        0.0000781763
        0.0000215964        0.0001071763        0.0000781801
        0.0000243701        0.0000222763       -0.0000072162
       -0.0000243661        0.0000222977       -0.0000072074
       -0.0000000225        0.0016981176       -0.0008234701
       -0.0000000150       -0.0002021224       -0.0000977199
       -0.0232630262       -0.0000013150       -0.0000009199
       -0.0000482813       -0.0000000325       -0.0000000063
        0.1563725925       -0.0000068900        0.0000099424
       -0.0002436126       -0.0000000188       -0.0000000176
       -0.0233231700       -0.0000013051       -0.0000009025
        0.0001878450       -0.0000000112       -0.0000000050
        0.0001226850       -0.0000000537       -0.0000000113
        0.0000079487        0.0067367326        0.0046963150
        0.0000079462       -0.0067368438       -0.0046963475
       -0.0000675688        0.0002667112       -0.0000060101
       -0.0000675712       -0.0002667213        0.0000059937
       -0.0548976675        0.0000171387        0.0281721675
       -0.0548976814       -0.0000220075       -0.0281610975
        0.0001037163        0.0000142975        0.0000782300
        0.0001037175       -0.0000143063       -0.0000782375
       -0.0000198463       -0.0067612863        0.0047651112
       -0.0000198450        0.0067612137       -0.0047651538
       -0.0000108250       -0.0000203875        0.0000140762
       -0.0000108287        0.0000203600       -0.0000141112
       -0.0000421124        0.0003044200       -0.0000402813
       -0.0000420975       -0.0003044287        0.0000402562
       -0.0000045326       -0.0000000125       -0.0000000163
        0.0000520338       -0.0000000188       -0.0000000163
       -0.0000012948       -0.0429524474       -0.0138283949
       -0.0000000312       -0.0078272549       -0.0044903199
       -0.0000068900        0.1319320823        0.0001744163
       -0.0000000074       -0.0006347049        0.0010525301
       -0.0000012949       -0.0427677999        0.0137458638
       -0.0000000050       -0.0001986887       -0.0003435762
       -0.0000000436       -0.0080620649        0.0043588526
       -0.0000683487       -0.0001521574       -0.0000627350
        0.0000683251       -0.0001521624       -0.0000627350
       -0.0000814725        0.0004764964       -0.0003211999
        0.0000814777        0.0004764851       -0.0003211986
        0.0000229250       -0.0148496899       -0.0000380474
       -0.0000269888       -0.0148496886       -0.0000380525
       -0.0000650586       -0.0000208175       -0.0000319437
        0.0000650651       -0.0000208087       -0.0000319336
        0.0000531713       -0.0001853824        0.0001064613
       -0.0000531887       -0.0001853874        0.0001064600
        0.0000152739        0.0000131251        0.0000047038
       -0.0000152824        0.0000131226        0.0000047138
       -0.0000711662        0.0005169876        0.0003304026
        0.0000711864        0.0005170027        0.0003303876
       -0.0000000099       -0.0001063224        0.0000779650
       -0.0000000212       -0.0009804262       -0.0007186886
       -0.0000009175       -0.0138101637       -0.0342701262
        0.0000000038        0.0044898263        0.0046846000
        0.0000099424        0.0001744163        0.1458522399
       -0.0000000075        0.0010365813       -0.0014183924
       -0.0000009074        0.0140372288       -0.0341071000
       -0.0000000087        0.0004035962        0.0004505775
        0.0000000050       -0.0047334975        0.0042669513
       -0.0000712000       -0.0046272812       -0.0032460025
        0.0000710888       -0.0046272849       -0.0032460125
       -0.0000662800        0.0001361926        0.0000347950
        0.0000662651        0.0001361763        0.0000348063
        0.0287476988       -0.0000481075       -0.0358750462
       -0.0287366026       -0.0000481087       -0.0358750462
        0.0000998588       -0.0000418500        0.0000403550
       -0.0000998475       -0.0000418412        0.0000403688
       -0.0000443062        0.0046615413       -0.0032938900
        0.0000442075        0.0046615325       -0.0032938825
       -0.0000243787       -0.0000223012       -0.0000072087
        0.0000243688       -0.0000223037       -0.0000072075
        0.0000215925       -0.0001071900        0.0000781725
       -0.0000215899       -0.0001071762        0.0000781838
       -0.0000000150        0.0002021038       -0.0000977238
       -0.0000000162       -0.0016981762       -0.0008234700
       -0.0000452374       -0.0000000300        0.0000000088
       -0.0233231725       -0.0000013050       -0.0000009099
       -0.0002436126       -0.0000000074       -0.0000000075
        0.1574707174       -0.0000069074        0.0000100213
        0.0001953250       -0.0000000038       -0.0000000075
       -0.0232914113       -0.0000012825       -0.0000008838
       -0.0000108874       -0.0000000136       -0.0000000075
       -0.0000679699       -0.0002651637        0.0000063925
       -0.0000679750        0.0002651538       -0.0000063774
       -0.0000089550       -0.0067330475       -0.0047198662
       -0.0000089587        0.0067329687        0.0047198401
        0.0001029625       -0.0000135750       -0.0000769725
        0.0001029587        0.0000135750        0.0000769488
       -0.0554688413        0.0000536851       -0.0285480350
       -0.0554688362       -0.0000585838        0.0285591926
       -0.0000117063        0.0000197726       -0.0000130888
       -0.0000117100       -0.0000197763        0.0000130525
        0.0002025075        0.0067981938       -0.0046950012
        0.0002025314       -0.0067982674        0.0046949538
        0.0000007901       -0.0000005738        0.0000028901
        0.0000007963        0.0000005476       -0.0000029137
       -0.0002501750       -0.0000000275       -0.0000000100
        0.0000006938       -0.0000000087        0.0000000038
       -0.0000000324       -0.0077108386       -0.0043789011
       -0.0000012999       -0.0427677924       -0.0140322098
       -0.0000000188       -0.0006347049        0.0010365813
       -0.0000069074        0.1300024398       -0.0011333461
       -0.0000000011       -0.0001628924       -0.0003607112
       -0.0000012749       -0.0439273399        0.0148255151
       -0.0000000061       -0.0000864574        0.0001023039
        0.0000791576        0.0004661764       -0.0003140224
       -0.0000791499        0.0004661601       -0.0003140186
        0.0001117088       -0.0002077736       -0.0000641837
       -0.0001117411       -0.0002077712       -0.0000641786
        0.0000627214       -0.0000198249       -0.0000299011
       -0.0000627425       -0.0000198162       -0.0000299012
       -0.0000268586       -0.0148030449       -0.0000181874
        0.0000227627       -0.0148030487       -0.0000181849
       -0.0000165650        0.0000113176        0.0000052588
        0.0000165550        0.0000113038        0.0000052701
       -0.0000891436        0.0000095113       -0.0000507312
        0.0000891077        0.0000095000       -0.0000507237
        0.0000049189        0.0000046639        0.0000003264
       -0.0000049261        0.0000046864        0.0000003276
       -0.0000000824       -0.0056009437        0.0049107600
       -0.0000000112       -0.0000339887       -0.0000228337
        0.0000000001        0.0044831663        0.0045970439
       -0.0000009112       -0.0137408725       -0.0341071011
       -0.0000000176        0.0010525301       -0.0014183924
        0.0000100213       -0.0011333461        0.1460035749
       -0.0000000099        0.0003606776        0.0004990638
       -0.0000009062        0.0139203576       -0.0338779088
       -0.0000000049        0.0001274288       -0.0001681249
        0.0000651088        0.0001340013        0.0000383626
       -0.0000651062        0.0001339900        0.0000383563
        0.0000525262       -0.0046546849       -0.0032896862
       -0.0000526424       -0.0046547037       -0.0032896799
       -0.0000994012       -0.0000399987        0.0000399326
        0.0000993913       -0.0000400062        0.0000399238
       -0.0291920261        0.0000675013       -0.0362824412
        0.0292032113        0.0000675038       -0.0362824350
        0.0000248551       -0.0000171350       -0.0000035787
       -0.0000248613       -0.0000171487       -0.0000035713
        0.0001874651        0.0045495000       -0.0032000074
       -0.0001875836        0.0045494988       -0.0031999974
       -0.0000091012       -0.0000055437        0.0000076801
        0.0000090939       -0.0000055387        0.0000076788
       -0.0000000225       -0.0052170450        0.0038206038
        0.0000000026        0.0000840375        0.0000306550
       -0.0000452236       -0.0000000187        0.0000000114
       -0.0002436049        0.0000000001       -0.0000000024
       -0.0233231700       -0.0000012949       -0.0000009074
        0.0001953250       -0.0000000011       -0.0000000099
        0.1574707024       -0.0000068912        0.0000100338
       -0.0000108825        0.0000000051        0.0000000125
       -0.0232914024       -0.0000012824       -0.0000008799
       -0.0000679675        0.0002651689        0.0000063888
       -0.0000679775       -0.0002651762       -0.0000063837
        0.0001029650       -0.0000135736        0.0000769526
        0.0001029601        0.0000135776       -0.0000769537
       -0.0000089375       -0.0067330362        0.0047198463
       -0.0000089400        0.0067329851       -0.0047198662
       -0.0000116786        0.0000197825        0.0000130701
       -0.0000116812       -0.0000197612       -0.0000130649
       -0.0554688388        0.0000536938        0.0285591950
       -0.0554688462       -0.0000585825       -0.0285480200
        0.0000007938       -0.0000005512       -0.0000029049
        0.0000008014        0.0000005351        0.0000028989
        0.0002025288        0.0067981951        0.0046949575
        0.0002025438       -0.0067982474       -0.0046949786
        0.0000007013       -0.0000000062        0.0000000012
       -0.0002501624       -0.0000000187        0.0000000026
       -0.0000000337       -0.0077108275        0.0043784014
        0.0000000001       -0.0006347099       -0.0010366350
       -0.0000013051       -0.0427677999        0.0140372288
       -0.0000000038       -0.0001628924        0.0003606776
       -0.0000068912        0.1300024374        0.0011383413
       -0.0000000050       -0.0000864462       -0.0001023212
       -0.0000012737       -0.0439273450       -0.0148203750
       -0.0000791275        0.0004661776        0.0003140088
        0.0000791400        0.0004661675        0.0003140075
        0.0000627188       -0.0000198136        0.0000298838
       -0.0000627399       -0.0000198187        0.0000298888
        0.0001117151       -0.0002077737        0.0000641000
       -0.0001117425       -0.0002077775        0.0000640900
       -0.0000165487        0.0000113163       -0.0000052700
        0.0000165601        0.0000113213       -0.0000052624
       -0.0000268487       -0.0148030400        0.0000155888
        0.0000227525       -0.0148030437        0.0000155912
        0.0000049226        0.0000046801       -0.0000003487
       -0.0000049299        0.0000046788       -0.0000003450
       -0.0000891424        0.0000094926        0.0000506400
        0.0000891125        0.0000095126        0.0000506426
       -0.0000000137       -0.0000339962        0.0000228112
       -0.0000000750       -0.0056009362       -0.0049111825
        0.0000000050       -0.0044836462        0.0045970526
        0.0000000012       -0.0010525862       -0.0014183924
       -0.0000009025        0.0137458638       -0.0341071000
       -0.0000000075       -0.0003607112        0.0004990638
        0.0000100338        0.0011383413        0.1460035600
        0.0000000050       -0.0001274562       -0.0001681038
       -0.0000008936       -0.0139150000       -0.0338779100
        0.0000651237       -0.0001339912        0.0000383575
       -0.0000651012       -0.0001340113        0.0000383626
        0.0000993912        0.0000400163        0.0000399312
       -0.0000993987        0.0000400100        0.0000399313
       -0.0000526225        0.0046546850       -0.0032896737
        0.0000525449        0.0046546763       -0.0032896800
       -0.0000248424        0.0000171325       -0.0000035637
        0.0000248563        0.0000171450       -0.0000035688
        0.0292032149       -0.0000702625       -0.0362824375
       -0.0291920350       -0.0000702637       -0.0362824238
        0.0000090950        0.0000055363        0.0000076875
       -0.0000090899        0.0000055262        0.0000076850
       -0.0001875863       -0.0045495150       -0.0031999875
        0.0001874813       -0.0045495050       -0.0031999875
       -0.0000000125       -0.0000840413        0.0000306549
       -0.0000000025        0.0052167613        0.0038206138
       -0.0002059712       -0.0000000162       -0.0000000161
        0.0001226975       -0.0000000375        0.0000000050
        0.0001878450       -0.0000000050       -0.0000000087
       -0.0232914113       -0.0000012749       -0.0000009062
       -0.0000108825       -0.0000000050        0.0000000050
        0.1502897550       -0.0000082974        0.0000093799
        0.0000050900       -0.0000000100       -0.0000000112
        0.0001038988        0.0000231800       -0.0000822575
        0.0001038863       -0.0000232050        0.0000822512
       -0.0000284775       -0.0002359625        0.0000508049
       -0.0000284712        0.0002359713       -0.0000508224
       -0.0000108125       -0.0000204788       -0.0000129700
       -0.0000108150        0.0000204837        0.0000129550
        0.0003099625        0.0068232112       -0.0044046713
        0.0003099700       -0.0068232863        0.0044046338
        0.0000014575        0.0000002638        0.0000020813
        0.0000014600       -0.0000002700       -0.0000020851
       -0.0565962812        0.0006986438       -0.0298272250
       -0.0565962699       -0.0007036837        0.0298382288
       -0.0000018137        0.0000005350        0.0000008976
       -0.0000018037       -0.0000005674       -0.0000009175
       -0.0146515337       -0.0000022288       -0.0000011900
       -0.0000015550        0.0000000013       -0.0000000063
       -0.0000000161       -0.0007585362       -0.0011466524
       -0.0000000399       -0.0080620499        0.0047330438
       -0.0000000112       -0.0001986887        0.0004035962
       -0.0000012825       -0.0439273399        0.0139203576
        0.0000000051       -0.0000864462       -0.0001274562
       -0.0000082974        0.1392334174        0.0106907975
        0.0000000050       -0.0000294737        0.0000401788
       -0.0000622300       -0.0000112549        0.0000259763
        0.0000622250       -0.0000112625        0.0000259888
        0.0000427600        0.0004615026        0.0002989575
       -0.0000427374        0.0004614900        0.0002989638
        0.0000189525        0.0000117538       -0.0000061225
       -0.0000189550        0.0000117425       -0.0000061175
       -0.0000627999       -0.0000313650       -0.0000211112
        0.0000628063       -0.0000313500       -0.0000211037
       -0.0000064762        0.0000044200        0.0000009913
        0.0000064826        0.0000043963        0.0000010024
        0.0012659401       -0.0146758012        0.0007837713
       -0.0012701137       -0.0146758013        0.0007837725
        0.0000019025        0.0000012513       -0.0000013587
       -0.0000019111        0.0000012689       -0.0000013462
       -0.0000026912       -0.0576753975       -0.0306575387
       -0.0000000038       -0.0000167112       -0.0000083837
       -0.0000000062       -0.0009948774       -0.0012509486
        0.0000000025       -0.0043593637        0.0042669563
       -0.0000000050       -0.0003435762        0.0004505775
       -0.0000008838        0.0148255151       -0.0338779088
        0.0000000125       -0.0001023212       -0.0001681038
        0.0000093799        0.0106907975        0.1446005975
        0.0000000063       -0.0000402075        0.0000593101
       -0.0000964350        0.0000279501        0.0000420488
        0.0000964400        0.0000279513        0.0000420475
       -0.0000105250       -0.0001065187        0.0001083525
        0.0000105263       -0.0001065275        0.0001083638
        0.0000215188        0.0000177387       -0.0000014413
       -0.0000215076        0.0000177362       -0.0000014500
        0.0002813150        0.0048318488       -0.0030362625
       -0.0002813874        0.0048318675       -0.0030362587
       -0.0000078762        0.0000020363        0.0000039150
        0.0000078725        0.0000020188        0.0000039237
       -0.0301154087        0.0003627451       -0.0361472862
        0.0301265313        0.0003627388       -0.0361472862
        0.0000045250        0.0000015500       -0.0000043087
       -0.0000045249        0.0000015638       -0.0000043013
       -0.0000012937       -0.0299081675       -0.0360001750
       -0.0000000087       -0.0000316362       -0.0000102938
       -0.0002059661       -0.0000000149       -0.0000000111
        0.0001878638       -0.0000000075       -0.0000000037
        0.0001226850       -0.0000000436        0.0000000050
       -0.0000108874       -0.0000000061       -0.0000000049
       -0.0232914024       -0.0000012737       -0.0000008936
        0.0000050900        0.0000000050        0.0000000063
        0.1502897499       -0.0000083099        0.0000093676
        0.0001038951       -0.0000231861       -0.0000822575
        0.0001038876        0.0000231701        0.0000822638
       -0.0000108125       -0.0000204911        0.0000129526
       -0.0000108149        0.0000204800       -0.0000129712
       -0.0000284687       -0.0002359512       -0.0000508187
       -0.0000284775        0.0002359850        0.0000508088
        0.0000014601        0.0000002700       -0.0000020912
        0.0000014627       -0.0000002625        0.0000020888
        0.0003099638        0.0068232239        0.0044046201
        0.0003099601       -0.0068232837       -0.0044046637
       -0.0000018149        0.0000005650       -0.0000009199
       -0.0000018136       -0.0000005687        0.0000008988
       -0.0565962712        0.0006986288        0.0298382263
       -0.0565962737       -0.0007036699       -0.0298272236
       -0.0000015587       -0.0000000124       -0.0000000038
       -0.0146515150       -0.0000022261       -0.0000011749
       -0.0000000149       -0.0007585400        0.0011466101
       -0.0000000125       -0.0001986887       -0.0004036349
       -0.0000000537       -0.0080620649       -0.0047334975
       -0.0000000136       -0.0000864574        0.0001274288
       -0.0000012824       -0.0439273450       -0.0139150000
       -0.0000000100       -0.0000294737       -0.0000402075
       -0.0000083099        0.1392334349       -0.0106801674
        0.0000622363       -0.0000112512       -0.0000259811
       -0.0000622413       -0.0000112700       -0.0000259936
        0.0000189362        0.0000117389        0.0000060962
       -0.0000189699        0.0000117413        0.0000061026
        0.0000427601        0.0004614963       -0.0002989912
       -0.0000427575        0.0004614876       -0.0002989950
       -0.0000064912        0.0000043975       -0.0000010087
        0.0000064776        0.0000044125       -0.0000010024
       -0.0000628138       -0.0000313687        0.0000210525
        0.0000627801       -0.0000313787        0.0000210700
        0.0000018938        0.0000012626        0.0000013150
       -0.0000019148        0.0000012513        0.0000013238
        0.0012659439       -0.0146758137       -0.0007863125
       -0.0012701149       -0.0146757962       -0.0007863149
       -0.0000000149       -0.0000167250        0.0000083538
       -0.0000026937       -0.0576754000        0.0306677389
       -0.0000000124        0.0009948063       -0.0012509523
       -0.0000000049        0.0003435513        0.0004505613
       -0.0000000113        0.0043588526        0.0042669513
       -0.0000000075        0.0001023039       -0.0001681249
       -0.0000008799       -0.0148203750       -0.0338779100
       -0.0000000112        0.0000401788        0.0000593101
        0.0000093676       -0.0106801674        0.1446006173
       -0.0000964362       -0.0000279711        0.0000420426
        0.0000964338       -0.0000279861        0.0000420376
       -0.0000215225       -0.0000177499       -0.0000014537
        0.0000215001       -0.0000177524       -0.0000014574
        0.0000105214        0.0001065388        0.0001083600
       -0.0000105325        0.0001065338        0.0001083525
        0.0000078639       -0.0000020275        0.0000039251
       -0.0000078712       -0.0000020312        0.0000039226
       -0.0002813987       -0.0048318399       -0.0030362862
        0.0002812887       -0.0048318599       -0.0030362725
       -0.0000045462       -0.0000015712       -0.0000043136
        0.0000045264       -0.0000015774       -0.0000043187
        0.0301265063       -0.0003654699       -0.0361472961
       -0.0301154186       -0.0003654498       -0.0361472949
       -0.0000000200        0.0000316038       -0.0000103113
       -0.0000012974        0.0299187288       -0.0360001787
       -0.0549492624       -0.0000020213        0.0287538588
        0.0000079588        0.0000683388       -0.0000711962
        0.0000079487       -0.0000683487       -0.0000712000
       -0.0000679699        0.0000791576        0.0000651088
       -0.0000679675       -0.0000791275        0.0000651237
        0.0001038988       -0.0000622300       -0.0000964350
        0.0001038951        0.0000622363       -0.0000964362
        0.0592571600       -0.0000021787       -0.0325883224
       -0.0061339938       -0.0000000787        0.0042005526
        0.0002724537       -0.0001579549        0.0000847913
        0.0004673801        0.0000274026       -0.0000465637
        0.0004673850       -0.0000274038       -0.0000465650
        0.0002724487        0.0001579825        0.0000847888
        0.0000002225       -0.0000005662        0.0000222413
        0.0001443150       -0.0001227026       -0.0001200812
        0.0001443050        0.0001227238       -0.0001200925
        0.0000002187        0.0000005738        0.0000222525
       -0.0000077237        0.0000052275        0.0000000951
       -0.0000022312        0.0000556825       -0.0000260462
       -0.0000022350       -0.0000556875       -0.0000260475
       -0.0000077149       -0.0000052287        0.0000000838
       -0.0000052363       -0.0000352701        0.0000105025
       -0.0000052388        0.0000352838        0.0000105100
       -0.0000024387       -0.0148436386       -0.0000013898
       -0.0067368224       -0.0001521549        0.0046272626
        0.0067367326       -0.0001521574       -0.0046272812
       -0.0002651637        0.0004661764        0.0001340013
        0.0002651689        0.0004661776       -0.0001339912
        0.0000231800       -0.0000112549        0.0000279501
       -0.0000231861       -0.0000112512       -0.0000279711
       -0.0000021787        0.0166137323       -0.0000010711
       -0.0000000725       -0.0000510387       -0.0000000049
        0.0001578238        0.0003359889       -0.0002029274
        0.0000270477       -0.0013635524        0.0009723213
       -0.0000270850       -0.0013635486       -0.0009723674
       -0.0001578400        0.0003359763        0.0002029113
       -0.0000015886       -0.0000236587       -0.0000180837
        0.0001227351       -0.0001361687       -0.0000995799
       -0.0001227350       -0.0001361724        0.0000995639
        0.0000015838       -0.0000236737        0.0000180576
       -0.0000027411        0.0000021463        0.0000047788
        0.0000517164        0.0000244888       -0.0000548012
       -0.0000517237        0.0000244889        0.0000547751
        0.0000027101        0.0000021614       -0.0000048024
        0.0000222701       -0.0000017150       -0.0000219113
       -0.0000222911       -0.0000017025        0.0000218901
        0.0281773563       -0.0000012999       -0.0359057512
        0.0046963238        0.0000626650       -0.0032460099
        0.0046963150       -0.0000627350       -0.0032460025
        0.0000063925       -0.0003140224        0.0000383626
        0.0000063888        0.0003140088        0.0000383575
       -0.0000822575        0.0000259763        0.0000420488
       -0.0000822575       -0.0000259811        0.0000420426
       -0.0325883224       -0.0000010711        0.0389964599
       -0.0042008438       -0.0000000124        0.0035720763
       -0.0000852750       -0.0002031862        0.0000569388
       -0.0000471936        0.0009746413       -0.0004984111
       -0.0000471861       -0.0009746574       -0.0004984062
       -0.0000852725        0.0002032075        0.0000569350
       -0.0000220149        0.0000178925        0.0000175476
       -0.0001190961        0.0001001876        0.0002321251
       -0.0001191025       -0.0001001899        0.0002321050
       -0.0000220225       -0.0000178962        0.0000175537
        0.0000021139        0.0000027725       -0.0000138200
       -0.0000237086       -0.0000595937        0.0000318926
       -0.0000237062        0.0000595826        0.0000318926
        0.0000021201       -0.0000027624       -0.0000138012
       -0.0000137412        0.0000190513        0.0000079049
       -0.0000137349       -0.0000190650        0.0000079126
       -0.0549492736       -0.0000020400       -0.0287427724
        0.0000079476       -0.0000683625        0.0000710988
        0.0000079462        0.0000683251        0.0000710888
       -0.0000679750       -0.0000791499       -0.0000651062
       -0.0000679775        0.0000791400       -0.0000651012
        0.0001038863        0.0000622250        0.0000964400
        0.0001038876       -0.0000622413        0.0000964338
       -0.0061339938       -0.0000000725       -0.0042008438
        0.0592571774       -0.0000022000        0.0325992775
        0.0004673712       -0.0000274161        0.0000465312
        0.0002724514        0.0001579726       -0.0000847938
        0.0002724526       -0.0001579662       -0.0000847987
        0.0004673675        0.0000273888        0.0000465275
        0.0001442963        0.0001227163        0.0001200900
        0.0000002251        0.0000005775       -0.0000222337
        0.0000002175       -0.0000005687       -0.0000222538
        0.0001442875       -0.0001227325        0.0001200825
       -0.0000022424       -0.0000556850        0.0000260175
       -0.0000077312       -0.0000052500       -0.0000001162
       -0.0000077375        0.0000052013       -0.0000001074
       -0.0000022325        0.0000556788        0.0000260201
       -0.0000052412        0.0000352713       -0.0000105188
       -0.0000052475       -0.0000352812       -0.0000105162
       -0.0000024474       -0.0148436550       -0.0000014074
        0.0067367250       -0.0001521650        0.0046272450
       -0.0067368438       -0.0001521624       -0.0046272849
        0.0002651538        0.0004661601        0.0001339900
       -0.0002651762        0.0004661675       -0.0001340113
       -0.0000232050       -0.0000112625        0.0000279513
        0.0000231701       -0.0000112700       -0.0000279861
       -0.0000000787       -0.0000510387       -0.0000000124
       -0.0000022000        0.0166137549       -0.0000010712
       -0.0000271012       -0.0013635574        0.0009722988
       -0.0001578536        0.0003359651       -0.0002029287
        0.0001578263        0.0003359838        0.0002029063
        0.0000270325       -0.0013635637       -0.0009723850
       -0.0001227500       -0.0001361875       -0.0000996037
        0.0000015901       -0.0000236675       -0.0000180924
       -0.0000016075       -0.0000236712        0.0000180475
        0.0001227100       -0.0001361937        0.0000995550
       -0.0000517487        0.0000244925       -0.0000548074
        0.0000027026        0.0000021288        0.0000047713
       -0.0000027437        0.0000021326       -0.0000048112
        0.0000517088        0.0000245002        0.0000547638
       -0.0000223112       -0.0000017325       -0.0000219225
        0.0000222663       -0.0000017112        0.0000218812
       -0.0281662812       -0.0000012962       -0.0359057524
       -0.0046963387        0.0000626588       -0.0032460037
       -0.0046963475       -0.0000627350       -0.0032460125
       -0.0000063774       -0.0003140186        0.0000383563
       -0.0000063837        0.0003140075        0.0000383626
        0.0000822512        0.0000259888        0.0000420475
        0.0000822638       -0.0000259936        0.0000420376
        0.0042005526       -0.0000000049        0.0035720763
        0.0325992775       -0.0000010712        0.0389964599
        0.0000471738        0.0009746526       -0.0004984174
        0.0000852576       -0.0002031937        0.0000569326
        0.0000852738        0.0002032038        0.0000569300
        0.0000471650       -0.0009746562       -0.0004984199
        0.0001191189        0.0001001887        0.0002321175
        0.0000220351        0.0000179113        0.0000175550
        0.0000220263       -0.0000178949        0.0000175400
        0.0001191162       -0.0001002137        0.0002321125
        0.0000237051       -0.0000595912        0.0000318963
       -0.0000021149        0.0000027539       -0.0000138062
       -0.0000021224       -0.0000027837       -0.0000138074
        0.0000237075        0.0000595901        0.0000319026
        0.0000137175        0.0000190488        0.0000079125
        0.0000137263       -0.0000190649        0.0000079125
        0.0000147588       -0.0000733387        0.0000731188
       -0.0548976675        0.0000229113       -0.0287366037
       -0.0000675688       -0.0000814725       -0.0000662800
       -0.0000089550        0.0001117088        0.0000525262
        0.0001029650        0.0000627188        0.0000993912
       -0.0000284775        0.0000427600       -0.0000105250
       -0.0000108125        0.0000189362       -0.0000215225
        0.0002724537        0.0001578238       -0.0000852750
        0.0004673712       -0.0000271012        0.0000471738
        0.0592131875       -0.0000193762        0.0325813300
       -0.0061405337       -0.0000047400       -0.0041996449
        0.0000007125        0.0000010913       -0.0000219312
        0.0001430925        0.0001226587        0.0001180250
        0.0004782962        0.0000255363        0.0000575575
        0.0002753463       -0.0001569488       -0.0000884462
       -0.0000087775       -0.0000031513        0.0000017126
       -0.0000002913       -0.0000559900        0.0000279874
        0.0001135076       -0.0001287712        0.0001022263
       -0.0000062612        0.0000049925       -0.0000177462
       -0.0000023500        0.0000009713        0.0000003575
        0.0000082825        0.0000060901        0.0000028301
        0.0000803575       -0.0000410225        0.0000883225
        0.0000012687        0.0000093088        0.0000058988
        0.0067263139       -0.0001582274        0.0046208414
        0.0000171376       -0.0148496849        0.0000453389
        0.0002667112        0.0004764964        0.0001361926
       -0.0067330475       -0.0002077736       -0.0046546849
       -0.0000135736       -0.0000198136        0.0000400163
       -0.0002359625        0.0004615026       -0.0001065187
       -0.0000204911        0.0000117389       -0.0000177499
       -0.0001579549        0.0003359889       -0.0002031862
       -0.0000274161       -0.0013635574        0.0009746526
       -0.0000193762        0.0166060398       -0.0000231099
        0.0000046226       -0.0000486324        0.0000007701
        0.0000010851       -0.0000239925       -0.0000178162
       -0.0001226537       -0.0001357712       -0.0000994187
        0.0000102801       -0.0013742574       -0.0010022724
        0.0001529376        0.0003359738        0.0002104301
        0.0000032163        0.0000016676        0.0000036976
       -0.0000566975        0.0000209375       -0.0000589075
        0.0001267726       -0.0001187312        0.0001108413
       -0.0000018624       -0.0000270812        0.0000170451
        0.0000011539       -0.0000009211       -0.0000001187
       -0.0000053274       -0.0000146699       -0.0000103424
        0.0000801388        0.0000888237        0.0000291151
       -0.0000007162        0.0000037413        0.0000027225
       -0.0046802749        0.0000640925       -0.0032350699
       -0.0281610963        0.0000354488       -0.0358750437
       -0.0000060101       -0.0003211999        0.0000347950
       -0.0047198662       -0.0000641837       -0.0032896862
        0.0000769526        0.0000298838        0.0000399312
        0.0000508049        0.0002989575        0.0001083525
        0.0000129526        0.0000060962       -0.0000014537
        0.0000847913       -0.0002029274        0.0000569388
        0.0000465312        0.0009722988       -0.0004984174
        0.0325813300       -0.0000231099        0.0389884499
        0.0041993388        0.0000007563        0.0035590188
        0.0000219138        0.0000178162        0.0000178425
        0.0001180249        0.0000993963        0.0002289700
        0.0000545550       -0.0009781575       -0.0004963500
        0.0000816113        0.0002081700        0.0000590487
       -0.0000019313        0.0000033425       -0.0000127600
        0.0000279837       -0.0000580488        0.0000365424
        0.0000998338       -0.0001048637        0.0002209337
        0.0000217214       -0.0000203225        0.0000182725
       -0.0000003150       -0.0000000063        0.0000007888
        0.0000029413        0.0000104138        0.0000076338
        0.0000992425        0.0000183800        0.0000310325
       -0.0000008563        0.0000050601       -0.0000000300
        0.0000147564        0.0000733114       -0.0000732373
       -0.0548976774       -0.0000269699        0.0287476901
       -0.0000675712        0.0000814777        0.0000662651
       -0.0000089587       -0.0001117411       -0.0000526424
        0.0001029601       -0.0000627399       -0.0000993987
       -0.0000284712       -0.0000427374        0.0000105263
       -0.0000108149       -0.0000189699        0.0000215001
        0.0004673801        0.0000270477       -0.0000471936
        0.0002724514       -0.0001578536        0.0000852576
       -0.0061405337        0.0000046226        0.0041993388
        0.0592131923        0.0000150376       -0.0325703799
        0.0001430951       -0.0001226611       -0.0001180474
        0.0000007039       -0.0000010849        0.0000219076
        0.0002753313        0.0001569376        0.0000884550
        0.0004783038       -0.0000255461       -0.0000575937
       -0.0000002849        0.0000559851       -0.0000280124
       -0.0000087787        0.0000031388       -0.0000017325
       -0.0000062574       -0.0000050236        0.0000177276
        0.0001135177        0.0001287551       -0.0001022337
        0.0000082701       -0.0000061137       -0.0000028712
       -0.0000023461       -0.0000009936       -0.0000003786
        0.0000803563        0.0000409963       -0.0000883387
        0.0000012788       -0.0000093236       -0.0000059174
       -0.0067263886       -0.0001582374        0.0046208464
       -0.0000219975       -0.0148496925        0.0000453338
       -0.0002667213        0.0004764851        0.0001361763
        0.0067329687       -0.0002077712       -0.0046547037
        0.0000135776       -0.0000198187        0.0000400100
        0.0002359713        0.0004614900       -0.0001065275
        0.0000204800        0.0000117413       -0.0000177524
        0.0000274026       -0.0013635524        0.0009746413
        0.0001579726        0.0003359651       -0.0002031937
       -0.0000047400       -0.0000486324        0.0000007563
        0.0000150376        0.0166060474       -0.0000231111
        0.0001226526       -0.0001357775       -0.0000994174
       -0.0000010913       -0.0000239987       -0.0000178200
       -0.0001529161        0.0003359738        0.0002104213
       -0.0000102737       -0.0013742525       -0.0010022624
        0.0000566900        0.0000209363       -0.0000589237
       -0.0000032225        0.0000016538        0.0000037038
        0.0000018676       -0.0000270800        0.0000170426
       -0.0001267774       -0.0001187462        0.0001108413
        0.0000053363       -0.0000146849       -0.0000103462
       -0.0000011450       -0.0000008999       -0.0000001212
       -0.0000801700        0.0000888200        0.0000291012
        0.0000006913        0.0000037338        0.0000027212
        0.0046802288        0.0000640939       -0.0032350761
        0.0281721738        0.0000354488       -0.0358750437
        0.0000059937       -0.0003211986        0.0000348063
        0.0047198401       -0.0000641786       -0.0032896799
       -0.0000769537        0.0000298888        0.0000399313
       -0.0000508224        0.0002989638        0.0001083638
       -0.0000129712        0.0000061026       -0.0000014574
       -0.0000465637        0.0009723213       -0.0004984111
       -0.0000847938       -0.0002029287        0.0000569326
       -0.0041996449        0.0000007701        0.0035590188
       -0.0325703799       -0.0000231111        0.0389884399
       -0.0001180399        0.0000994026        0.0002289813
       -0.0000219300        0.0000178176        0.0000178438
       -0.0000816037        0.0002081651        0.0000590551
       -0.0000545636       -0.0009781462       -0.0004963486
       -0.0000279962       -0.0000580374        0.0000365500
        0.0000019200        0.0000033325       -0.0000127562
       -0.0000217450       -0.0000203075        0.0000182763
       -0.0000998399       -0.0001048749        0.0002209351
       -0.0000029611        0.0000104089        0.0000076363
        0.0000002913        0.0000000176        0.0000007951
       -0.0000992613        0.0000183875        0.0000310387
        0.0000008338        0.0000050589       -0.0000000274
        0.0000147664       -0.0000733374       -0.0000732199
       -0.0000675387       -0.0000814737        0.0000662763
       -0.0548976675        0.0000229250        0.0287476988
        0.0001029625        0.0000627214       -0.0000994012
       -0.0000089375        0.0001117151       -0.0000526225
       -0.0000108125        0.0000189525        0.0000215188
       -0.0000284687        0.0000427601        0.0000105214
        0.0004673850       -0.0000270850       -0.0000471861
        0.0002724526        0.0001578263        0.0000852738
        0.0000007125        0.0000010851        0.0000219138
        0.0001430951        0.0001226526       -0.0001180399
        0.0592131724       -0.0000193612       -0.0325703737
       -0.0061405338       -0.0000047287        0.0041993588
       -0.0000087674       -0.0000031375       -0.0000017200
       -0.0000002699       -0.0000559712       -0.0000279899
        0.0004782975        0.0000255413       -0.0000575962
        0.0002753400       -0.0001569450        0.0000884662
       -0.0000023375        0.0000009913       -0.0000003750
        0.0000082851        0.0000060875       -0.0000028574
        0.0001135213       -0.0001287787       -0.0001022399
       -0.0000062450        0.0000050201        0.0000177325
        0.0000012825        0.0000093050       -0.0000059038
        0.0000803701       -0.0000410000       -0.0000883275
        0.0067263275       -0.0001582237       -0.0046208512
        0.0002667175        0.0004764937       -0.0001361650
        0.0000171387       -0.0148496899       -0.0000481075
       -0.0000135750       -0.0000198249       -0.0000399987
       -0.0067330362       -0.0002077737        0.0046546850
       -0.0000204788        0.0000117538        0.0000177387
       -0.0002359512        0.0004614963        0.0001065388
       -0.0000274038       -0.0013635486       -0.0009746574
       -0.0001579662        0.0003359838        0.0002032038
        0.0000010913       -0.0000239925        0.0000178162
       -0.0001226611       -0.0001357775        0.0000994026
       -0.0000193612        0.0166060325        0.0000209975
        0.0000046349       -0.0000486175       -0.0000007575
        0.0000032225        0.0000016675       -0.0000036875
       -0.0000566787        0.0000209575        0.0000589201
        0.0000102813       -0.0013742425        0.0010022588
        0.0001529225        0.0003359637       -0.0002104175
        0.0000011501       -0.0000009138        0.0000001150
       -0.0000053349       -0.0000146837        0.0000103438
        0.0001267863       -0.0001187400       -0.0001108587
       -0.0000018662       -0.0000270636       -0.0000170687
       -0.0000007187        0.0000037362       -0.0000027163
        0.0000801437        0.0000888400       -0.0000291050
        0.0046802300       -0.0000641912       -0.0032350648
        0.0000059963        0.0003211713        0.0000348051
        0.0281721675       -0.0000380474       -0.0358750462
       -0.0000769725       -0.0000299011        0.0000399326
        0.0047198463        0.0000641000       -0.0032896737
       -0.0000129700       -0.0000061225       -0.0000014413
       -0.0000508187       -0.0002989912        0.0001083600
       -0.0000465650       -0.0009723674       -0.0004984062
       -0.0000847987        0.0002029063        0.0000569300
       -0.0000219312       -0.0000178162        0.0000178425
       -0.0001180474       -0.0000994174        0.0002289813
       -0.0325703737        0.0000209975        0.0389884424
       -0.0041996463       -0.0000007587        0.0035590175
        0.0000019313       -0.0000033474       -0.0000127437
       -0.0000279887        0.0000580351        0.0000365576
       -0.0000545800        0.0009781201       -0.0004963488
       -0.0000816162       -0.0002081737        0.0000590525
        0.0000002839       -0.0000000275        0.0000007888
       -0.0000029512       -0.0000104387        0.0000076339
       -0.0000998524        0.0001048301        0.0002209338
       -0.0000217387        0.0000202839        0.0000182764
        0.0000008225       -0.0000050700       -0.0000000300
       -0.0000992587       -0.0000183987        0.0000310425
        0.0000147575        0.0000733125        0.0000731212
       -0.0000675625        0.0000814950       -0.0000662813
       -0.0548976814       -0.0000269888       -0.0287366026
        0.0001029587       -0.0000627425        0.0000993913
       -0.0000089400       -0.0001117425        0.0000525449
       -0.0000108150       -0.0000189550       -0.0000215076
       -0.0000284775       -0.0000427575       -0.0000105325
        0.0002724487       -0.0001578400       -0.0000852725
        0.0004673675        0.0000270325        0.0000471650
        0.0001430925       -0.0001226537        0.0001180249
        0.0000007039       -0.0000010913       -0.0000219300
       -0.0061405338        0.0000046349       -0.0041996463
        0.0592131900        0.0000150400        0.0325813262
       -0.0000002888        0.0000559775        0.0000279925
       -0.0000087562        0.0000031512        0.0000017300
        0.0002753362        0.0001569487       -0.0000884688
        0.0004782812       -0.0000255650        0.0000575562
        0.0000082738       -0.0000061026        0.0000028275
       -0.0000023375       -0.0000010075        0.0000003550
       -0.0000062612       -0.0000050238       -0.0000177525
        0.0001135137        0.0001287788        0.0001022275
        0.0000012687       -0.0000093251        0.0000058849
        0.0000803649        0.0000409975        0.0000883200
       -0.0067263824       -0.0001582237       -0.0046208511
       -0.0002667087        0.0004764975       -0.0001361662
       -0.0000220075       -0.0148496886       -0.0000481087
        0.0000135750       -0.0000198162       -0.0000400062
        0.0067329851       -0.0002077775        0.0046546763
        0.0000204837        0.0000117425        0.0000177362
        0.0002359850        0.0004614876        0.0001065338
        0.0001579825        0.0003359763        0.0002032075
        0.0000273888       -0.0013635637       -0.0009746562
        0.0001226587       -0.0001357712        0.0000993963
       -0.0000010849       -0.0000239987        0.0000178176
       -0.0000047287       -0.0000486175       -0.0000007587
        0.0000150400        0.0166060424        0.0000209825
        0.0000566988        0.0000209363        0.0000589163
       -0.0000031999        0.0000016638       -0.0000036987
       -0.0001529099        0.0003359713       -0.0002104213
       -0.0000102838       -0.0013742537        0.0010022600
        0.0000053313       -0.0000146787        0.0000103288
       -0.0000011462       -0.0000009212        0.0000001063
        0.0000018738       -0.0000270850       -0.0000170650
       -0.0001267750       -0.0001187261       -0.0001108599
        0.0000006875        0.0000037300       -0.0000027263
       -0.0000801587        0.0000888338       -0.0000291037
       -0.0046802787       -0.0000641949       -0.0032350825
       -0.0000060100        0.0003211613        0.0000348063
       -0.0281610975       -0.0000380525       -0.0358750462
        0.0000769488       -0.0000299012        0.0000399238
       -0.0047198662        0.0000640900       -0.0032896800
        0.0000129550       -0.0000061175       -0.0000014500
        0.0000508088       -0.0002989950        0.0001083525
        0.0000847888        0.0002029113        0.0000569350
        0.0000465275       -0.0009723850       -0.0004984199
        0.0001180250       -0.0000994187        0.0002289700
        0.0000219076       -0.0000178200        0.0000178438
        0.0041993588       -0.0000007575        0.0035590175
        0.0325813262        0.0000209825        0.0389884499
        0.0000279888        0.0000580312        0.0000365538
       -0.0000019249       -0.0000033437       -0.0000127449
        0.0000815925       -0.0002081600        0.0000590438
        0.0000545475        0.0009781100       -0.0004963513
        0.0000029400       -0.0000104337        0.0000076313
       -0.0000002987       -0.0000000338        0.0000007937
        0.0000217150        0.0000202650        0.0000182700
        0.0000998538        0.0001048401        0.0002209376
       -0.0000008674       -0.0000050837       -0.0000000301
        0.0000992375       -0.0000184024        0.0000310388
       -0.0000675887        0.0000813826       -0.0000607086
       -0.0000198325        0.0000531788        0.0000442151
        0.0001037163       -0.0000650586        0.0000998588
       -0.0554688413       -0.0000268586       -0.0291920261
       -0.0000116786       -0.0000165487       -0.0000248424
        0.0003099625       -0.0000627999        0.0002813150
        0.0000014601       -0.0000064912        0.0000078639
        0.0000002225       -0.0000015886       -0.0000220149
        0.0001442963       -0.0001227500        0.0001191189
        0.0004782962        0.0000102801        0.0000545550
        0.0002753313       -0.0001529161       -0.0000816037
       -0.0000087674        0.0000032225        0.0000019313
       -0.0000002888        0.0000566988        0.0000279888
        0.0596928874       -0.0000691462        0.0328857488
       -0.0061518262       -0.0000208112       -0.0041928212
       -0.0000024037       -0.0000011312        0.0000003551
        0.0000091163       -0.0000060049        0.0000036613
        0.0004528889       -0.0000186775        0.0001599513
        0.0002544251        0.0001397138       -0.0001022374
       -0.0000001374        0.0000008163       -0.0000007586
        0.0000012476        0.0000020977        0.0000015276
        0.0000082451        0.0002244413        0.0000007901
       -0.0000006437       -0.0000052837       -0.0000011374
       -0.0002647949        0.0004774050       -0.0001344974
       -0.0067612937       -0.0001853750       -0.0046615438
        0.0000142975       -0.0000208175       -0.0000418500
        0.0000536851       -0.0148030449        0.0000675013
        0.0000197825        0.0000113163        0.0000171325
        0.0068232112       -0.0000313650        0.0048318488
        0.0000002700        0.0000043975       -0.0000020275
       -0.0000005662       -0.0000236587        0.0000178925
        0.0001227163       -0.0001361875        0.0001001887
        0.0000255363       -0.0013742574       -0.0009781575
        0.0001569376        0.0003359738        0.0002081651
       -0.0000031375        0.0000016675       -0.0000033474
        0.0000559775        0.0000209363        0.0000580312
       -0.0000691462        0.0165318799       -0.0000633212
        0.0000207326       -0.0000511587       -0.0000186824
       -0.0000011338       -0.0000008937        0.0000001575
        0.0000060050       -0.0000143862        0.0000106050
       -0.0000770012       -0.0013729387        0.0010831525
       -0.0001657374        0.0003495425       -0.0002039287
       -0.0000002325       -0.0000000137       -0.0000006899
        0.0000014514        0.0000024339        0.0000008751
        0.0000378913        0.0002785824       -0.0002910213
       -0.0000002250       -0.0000002549        0.0000010263
       -0.0000069574        0.0003244563        0.0000385251
       -0.0047651550       -0.0001065388       -0.0032938787
        0.0000782300       -0.0000319437        0.0000403550
       -0.0285480350       -0.0000181874       -0.0362824412
        0.0000130701       -0.0000052700       -0.0000035637
       -0.0044046713       -0.0000211112       -0.0030362625
       -0.0000020912       -0.0000010087        0.0000039251
        0.0000222413       -0.0000180837        0.0000175476
        0.0001200900       -0.0000996037        0.0002321175
        0.0000575575       -0.0010022724       -0.0004963500
        0.0000884550        0.0002104213        0.0000590551
       -0.0000017200       -0.0000036875       -0.0000127437
        0.0000279925        0.0000589163        0.0000365538
        0.0328857488       -0.0000633212        0.0392245924
        0.0041925501       -0.0000186912        0.0036006475
       -0.0000003563       -0.0000001512        0.0000006075
        0.0000036638       -0.0000105987        0.0000080325
        0.0000631575        0.0010012600       -0.0004290500
        0.0000780739       -0.0002165525        0.0000347926
        0.0000003475       -0.0000000425       -0.0000018750
        0.0000017013        0.0000015839        0.0000000650
        0.0001069063        0.0000214912        0.0002593387
       -0.0000003912       -0.0000035313       -0.0000000537
       -0.0000675861       -0.0000813561        0.0000607213
       -0.0000198300       -0.0000531674       -0.0000442912
        0.0001037175        0.0000650651       -0.0000998475
       -0.0554688362        0.0000227627        0.0292032113
       -0.0000116812        0.0000165601        0.0000248563
        0.0003099700        0.0000628063       -0.0002813874
        0.0000014627        0.0000064776       -0.0000078712
        0.0001443150        0.0001227351       -0.0001190961
        0.0000002251        0.0000015901        0.0000220351
        0.0002753463        0.0001529376        0.0000816113
        0.0004783038       -0.0000102737       -0.0000545636
       -0.0000002699       -0.0000566787       -0.0000279887
       -0.0000087562       -0.0000031999       -0.0000019249
       -0.0061518262        0.0000207326        0.0041925501
        0.0596928749        0.0000647788       -0.0328746824
        0.0000091275        0.0000060238       -0.0000036800
       -0.0000024062        0.0000011438       -0.0000003512
        0.0002544164       -0.0001396975        0.0001022463
        0.0004529114        0.0000186689       -0.0001599724
        0.0000012539       -0.0000020975       -0.0000015274
       -0.0000001299       -0.0000008199        0.0000007601
        0.0000082488       -0.0002244400       -0.0000008063
       -0.0000006424        0.0000052814        0.0000011313
        0.0002648063        0.0004774151       -0.0001344862
        0.0067612287       -0.0001853700       -0.0046615425
       -0.0000143063       -0.0000208087       -0.0000418412
       -0.0000585838       -0.0148030487        0.0000675038
       -0.0000197612        0.0000113213        0.0000171450
       -0.0068232863       -0.0000313500        0.0048318675
       -0.0000002625        0.0000044125       -0.0000020312
       -0.0001227026       -0.0001361687        0.0001001876
        0.0000005775       -0.0000236675        0.0000179113
       -0.0001569488        0.0003359738        0.0002081700
       -0.0000255461       -0.0013742525       -0.0009781462
       -0.0000559712        0.0000209575        0.0000580351
        0.0000031512        0.0000016638       -0.0000033437
       -0.0000208112       -0.0000511587       -0.0000186912
        0.0000647788        0.0165318674       -0.0000633237
       -0.0000059987       -0.0000143600        0.0000105963
        0.0000011462       -0.0000008962        0.0000001687
        0.0001657588        0.0003495525       -0.0002039287
        0.0000769889       -0.0013729387        0.0010831639
       -0.0000014587        0.0000024288        0.0000008813
        0.0000002237        0.0000000101       -0.0000006687
       -0.0000378862        0.0002785863       -0.0002910138
        0.0000002100       -0.0000002537        0.0000010388
        0.0000069363        0.0003244501        0.0000385414
        0.0047651288       -0.0001065462       -0.0032938724
       -0.0000782375       -0.0000319336        0.0000403688
        0.0285591926       -0.0000181849       -0.0362824350
       -0.0000130649       -0.0000052624       -0.0000035688
        0.0044046338       -0.0000211037       -0.0030362587
        0.0000020888       -0.0000010024        0.0000039226
       -0.0001200812       -0.0000995799        0.0002321251
       -0.0000222337       -0.0000180924        0.0000175550
       -0.0000884462        0.0002104301        0.0000590487
       -0.0000575937       -0.0010022624       -0.0004963486
       -0.0000279899        0.0000589201        0.0000365576
        0.0000017300       -0.0000036987       -0.0000127449
       -0.0041928212       -0.0000186824        0.0036006475
       -0.0328746824       -0.0000633237        0.0392245849
       -0.0000036637       -0.0000105837        0.0000080300
        0.0000003551       -0.0000001562        0.0000006187
       -0.0000780787       -0.0002165499        0.0000347925
       -0.0000631599        0.0010012450       -0.0004290462
       -0.0000016987        0.0000015763        0.0000000588
       -0.0000003424       -0.0000000236       -0.0000018711
       -0.0001069237        0.0000215012        0.0002593412
        0.0000003750       -0.0000035199       -0.0000000512
       -0.0000675912        0.0000813838        0.0000607101
        0.0001037200       -0.0000650625       -0.0000998687
       -0.0000198463        0.0000531713       -0.0000443062
       -0.0000117063       -0.0000165650        0.0000248551
       -0.0554688388       -0.0000268487        0.0292032149
        0.0000014575       -0.0000064762       -0.0000078762
        0.0003099638       -0.0000628138       -0.0002813987
        0.0001443050       -0.0001227350       -0.0001191025
        0.0000002175       -0.0000016075        0.0000220263
       -0.0000087775        0.0000032163       -0.0000019313
       -0.0000002849        0.0000566900       -0.0000279962
        0.0004782975        0.0000102813       -0.0000545800
        0.0002753362       -0.0001529099        0.0000815925
       -0.0000024037       -0.0000011338       -0.0000003563
        0.0000091275       -0.0000059987       -0.0000036637
        0.0596928925       -0.0000691513       -0.0328746963
       -0.0061518537       -0.0000208237        0.0041925462
       -0.0000001462        0.0000008237        0.0000007437
        0.0000012576        0.0000020925       -0.0000015349
        0.0004528913       -0.0000186950       -0.0001599813
        0.0002544150        0.0001397225        0.0001022388
       -0.0000006575       -0.0000052988        0.0000011274
        0.0000082463        0.0002244513       -0.0000008063
       -0.0002647836        0.0004774126        0.0001345151
        0.0000143076       -0.0000208137        0.0000418576
       -0.0067612863       -0.0001853824        0.0046615413
        0.0000197726        0.0000113176       -0.0000171350
        0.0000536938       -0.0148030400       -0.0000702625
        0.0000002638        0.0000044200        0.0000020363
        0.0068232239       -0.0000313687       -0.0048318399
        0.0001227238       -0.0001361724       -0.0001001899
       -0.0000005687       -0.0000236712       -0.0000178949
       -0.0000031513        0.0000016676        0.0000033425
        0.0000559851        0.0000209363       -0.0000580374
        0.0000255413       -0.0013742425        0.0009781201
        0.0001569487        0.0003359713       -0.0002081600
       -0.0000011312       -0.0000008937       -0.0000001512
        0.0000060238       -0.0000143600       -0.0000105837
       -0.0000691513        0.0165318724        0.0000611963
        0.0000207200       -0.0000511712        0.0000187087
       -0.0000002211       -0.0000000112        0.0000006638
        0.0000014614        0.0000024288       -0.0000008862
       -0.0000769862       -0.0013729512       -0.0010831862
       -0.0001657411        0.0003495538        0.0002039325
       -0.0000002262       -0.0000002613       -0.0000010263
        0.0000378976        0.0002785951        0.0002910613
        0.0000069376       -0.0003244862        0.0000385263
       -0.0000782475        0.0000319275        0.0000403500
        0.0047651112        0.0001064613       -0.0032938900
       -0.0000130888        0.0000052588       -0.0000035787
        0.0285591950        0.0000155888       -0.0362824375
        0.0000020813        0.0000009913        0.0000039150
        0.0044046201        0.0000210525       -0.0030362862
       -0.0001200925        0.0000995639        0.0002321050
       -0.0000222538        0.0000180475        0.0000175400
        0.0000017126        0.0000036976       -0.0000127600
       -0.0000280124       -0.0000589237        0.0000365500
       -0.0000575962        0.0010022588       -0.0004963488
       -0.0000884688       -0.0002104213        0.0000590438
        0.0000003551        0.0000001575        0.0000006075
       -0.0000036800        0.0000105963        0.0000080300
       -0.0328746963        0.0000611963        0.0392246049
       -0.0041928388        0.0000186875        0.0036006300
       -0.0000003649        0.0000000225       -0.0000018837
       -0.0000017024       -0.0000016024        0.0000000551
       -0.0000631874       -0.0010012912       -0.0004290475
       -0.0000780850        0.0002165538        0.0000347976
        0.0000003688        0.0000035113       -0.0000000625
       -0.0001069200       -0.0000215200        0.0002593250
       -0.0000676024       -0.0000813587       -0.0000607137
        0.0001037075        0.0000650513        0.0000998688
       -0.0000198450       -0.0000531887        0.0000442075
       -0.0000117100        0.0000165550       -0.0000248613
       -0.0554688462        0.0000227525       -0.0291920350
        0.0000014600        0.0000064826        0.0000078725
        0.0003099601        0.0000627801        0.0002812887
        0.0000002187        0.0000015838       -0.0000220225
        0.0001442875        0.0001227100        0.0001191162
       -0.0000002913       -0.0000566975        0.0000279837
       -0.0000087787       -0.0000032225        0.0000019200
        0.0002753400        0.0001529225       -0.0000816162
        0.0004782812       -0.0000102838        0.0000545475
        0.0000091163        0.0000060050        0.0000036638
       -0.0000024062        0.0000011462        0.0000003551
       -0.0061518537        0.0000207200       -0.0041928388
        0.0596929050        0.0000647500        0.0328857450
        0.0000012313       -0.0000021000        0.0000015300
       -0.0000001499       -0.0000008350       -0.0000007738
        0.0002544000       -0.0001397274       -0.0001022475
        0.0004528837        0.0000186676        0.0001599513
       -0.0000006712        0.0000052650       -0.0000011400
        0.0000082487       -0.0002244388        0.0000007875
        0.0002647838        0.0004774013        0.0001345050
       -0.0000143113       -0.0000208188        0.0000418413
        0.0067612137       -0.0001853874        0.0046615325
       -0.0000197763        0.0000113038       -0.0000171487
       -0.0000585825       -0.0148030437       -0.0000702637
       -0.0000002700        0.0000043963        0.0000020188
       -0.0068232837       -0.0000313787       -0.0048318599
        0.0000005738       -0.0000236737       -0.0000178962
       -0.0001227325       -0.0001361937       -0.0001002137
       -0.0000559900        0.0000209375       -0.0000580488
        0.0000031388        0.0000016538        0.0000033325
       -0.0001569450        0.0003359637       -0.0002081737
       -0.0000255650       -0.0013742537        0.0009781100
       -0.0000060049       -0.0000143862       -0.0000105987
        0.0000011438       -0.0000008962       -0.0000001562
       -0.0000208237       -0.0000511712        0.0000186875
        0.0000647500        0.0165318924        0.0000611863
       -0.0000014612        0.0000024251       -0.0000008950
        0.0000002151       -0.0000000187        0.0000006538
        0.0001657389        0.0003495325        0.0002039200
        0.0000769788       -0.0013729287       -0.0010831937
        0.0000001987       -0.0000002787       -0.0000010413
       -0.0000378950        0.0002785813        0.0002910526
       -0.0000069537       -0.0003244788        0.0000385288
        0.0000782412        0.0000319375        0.0000403600
       -0.0047651538        0.0001064600       -0.0032938825
        0.0000130525        0.0000052701       -0.0000035713
       -0.0285480200        0.0000155912       -0.0362824238
       -0.0000020851        0.0000010024        0.0000039237
       -0.0044046637        0.0000210700       -0.0030362725
        0.0000222525        0.0000180576        0.0000175537
        0.0001200825        0.0000995550        0.0002321125
        0.0000279874       -0.0000589075        0.0000365424
       -0.0000017325        0.0000037038       -0.0000127562
        0.0000884662       -0.0002104175        0.0000590525
        0.0000575562        0.0010022600       -0.0004963513
        0.0000036613        0.0000106050        0.0000080325
       -0.0000003512        0.0000001687        0.0000006187
        0.0041925462        0.0000187087        0.0036006300
        0.0328857450        0.0000611863        0.0392245900
        0.0000016925       -0.0000015925        0.0000000538
        0.0000003500        0.0000000175       -0.0000018738
        0.0000780813        0.0002165487        0.0000348025
        0.0000631613       -0.0010012637       -0.0004290512
       -0.0000003975        0.0000035275       -0.0000000501
        0.0001069162       -0.0000215100        0.0002593275
        0.0000944139        0.0000554564        0.0000915089
       -0.0000421074       -0.0000711812       -0.0000215999
       -0.0000108250        0.0000152739       -0.0000243787
        0.0002025075       -0.0000891436        0.0001874651
        0.0000007938        0.0000049226        0.0000090950
       -0.0565962812        0.0012659401       -0.0301154087
       -0.0000018149        0.0000018938       -0.0000045462
       -0.0000077237       -0.0000027411        0.0000021139
       -0.0000022424       -0.0000517487        0.0000237051
        0.0001135076        0.0001267726        0.0000998338
       -0.0000062574        0.0000018676       -0.0000217450
       -0.0000023375        0.0000011501        0.0000002839
        0.0000082738        0.0000053313        0.0000029400
        0.0004528889       -0.0000770012        0.0000631575
        0.0002544164        0.0001657588       -0.0000780787
       -0.0000001462       -0.0000002211       -0.0000003649
        0.0000012313       -0.0000014612        0.0000016925
        0.0611189598       -0.0010521049        0.0339233838
       -0.0059080611        0.0000119226       -0.0043218949
       -0.0000006499        0.0000000413        0.0000000251
        0.0000021188        0.0000005551        0.0000012076
        0.0003290850       -0.0003181238        0.0001911938
        0.0000001151        0.0000022401        0.0000009413
       -0.0000222687       -0.0000215900        0.0000496526
        0.0003044300        0.0005169975        0.0001071800
       -0.0000203875        0.0000131251       -0.0000223012
        0.0067981938        0.0000095113        0.0045495000
       -0.0000005512        0.0000046801        0.0000055363
        0.0006986438       -0.0146758012        0.0003627451
        0.0000005650        0.0000012626       -0.0000015712
        0.0000052275        0.0000021463        0.0000027725
       -0.0000556850        0.0000244925       -0.0000595912
       -0.0001287712       -0.0001187312       -0.0001048637
       -0.0000050236       -0.0000270800       -0.0000203075
        0.0000009913       -0.0000009138       -0.0000000275
       -0.0000061026       -0.0000146787       -0.0000104337
       -0.0000186775       -0.0013729387        0.0010012600
       -0.0001396975        0.0003495525       -0.0002165499
        0.0000008237       -0.0000000112        0.0000000225
       -0.0000021000        0.0000024251       -0.0000015925
       -0.0010521049        0.0150371099       -0.0014781787
       -0.0000120436       -0.0001579324       -0.0000649000
        0.0000000576       -0.0000003212        0.0000001713
       -0.0000005613       -0.0000008023       -0.0000003374
       -0.0063499400        0.0004279450       -0.0041006925
        0.0000000113        0.0000013313       -0.0000000313
        0.0000659214        0.0000192188        0.0000394063
        0.0000402700       -0.0003304174        0.0000781763
        0.0000140762        0.0000047038       -0.0000072087
       -0.0046950012       -0.0000507312       -0.0032000074
       -0.0000029049       -0.0000003487        0.0000076875
       -0.0298272250        0.0007837713       -0.0361472862
       -0.0000009199        0.0000013150       -0.0000043136
        0.0000000951        0.0000047788       -0.0000138200
        0.0000260175       -0.0000548074        0.0000318963
        0.0001022263        0.0001108413        0.0002209337
        0.0000177276        0.0000170426        0.0000182763
       -0.0000003750        0.0000001150        0.0000007888
        0.0000028275        0.0000103288        0.0000076313
        0.0001599513        0.0010831525       -0.0004290500
        0.0001022463       -0.0002039287        0.0000347925
        0.0000007437        0.0000006638       -0.0000018837
        0.0000015300       -0.0000008950        0.0000000538
        0.0339233838       -0.0014781787        0.0387290899
        0.0043216101       -0.0000649062        0.0036861013
       -0.0000000599       -0.0000001937        0.0000003776
        0.0000012050        0.0000003251        0.0000016801
       -0.0042431075        0.0001421387       -0.0030537513
       -0.0000001263        0.0000033575        0.0000001588
        0.0000944114       -0.0000554636       -0.0000915111
       -0.0000420975        0.0000711901        0.0000215964
       -0.0000108287       -0.0000152824        0.0000243688
        0.0002025314        0.0000891077       -0.0001875836
        0.0000008014       -0.0000049299       -0.0000090899
       -0.0565962699       -0.0012701137        0.0301265313
       -0.0000018136       -0.0000019148        0.0000045264
       -0.0000022312        0.0000517164       -0.0000237086
       -0.0000077312        0.0000027026       -0.0000021149
       -0.0000062612       -0.0000018624        0.0000217214
        0.0001135177       -0.0001267774       -0.0000998399
        0.0000082851       -0.0000053349       -0.0000029512
       -0.0000023375       -0.0000011462       -0.0000002987
        0.0002544251       -0.0001657374        0.0000780739
        0.0004529114        0.0000769889       -0.0000631599
        0.0000012576        0.0000014614       -0.0000017024
       -0.0000001499        0.0000002151        0.0000003500
       -0.0059080611       -0.0000120436        0.0043216101
        0.0611189448        0.0010475926       -0.0339124324
        0.0000021213       -0.0000005712       -0.0000012099
       -0.0000006386       -0.0000000461       -0.0000000461
        0.0003290951        0.0003181576       -0.0001912199
        0.0000001164       -0.0000022449       -0.0000009536
        0.0000222438       -0.0000216011        0.0000496476
       -0.0003044288        0.0005169975        0.0001071763
        0.0000203600        0.0000131226       -0.0000223037
       -0.0067982674        0.0000095000        0.0045494988
        0.0000005351        0.0000046788        0.0000055262
       -0.0007036837       -0.0146758013        0.0003627388
       -0.0000005687        0.0000012513       -0.0000015774
        0.0000556825        0.0000244888       -0.0000595937
       -0.0000052500        0.0000021288        0.0000027539
        0.0000049925       -0.0000270812       -0.0000203225
        0.0001287551       -0.0001187462       -0.0001048749
        0.0000060875       -0.0000146837       -0.0000104387
       -0.0000010075       -0.0000009212       -0.0000000338
        0.0001397138        0.0003495425       -0.0002165525
        0.0000186689       -0.0013729387        0.0010012450
        0.0000020925        0.0000024288       -0.0000016024
       -0.0000008350       -0.0000000187        0.0000000175
        0.0000119226       -0.0001579324       -0.0000649062
        0.0010475926        0.0150371224       -0.0014781912
        0.0000005525       -0.0000008325       -0.0000003475
       -0.0000000612       -0.0000003149        0.0000001626
        0.0063498100        0.0004279338       -0.0041006950
       -0.0000000350        0.0000013313       -0.0000000412
       -0.0000659561        0.0000192200        0.0000394039
       -0.0000402737       -0.0003304174        0.0000781801
       -0.0000141112        0.0000047138       -0.0000072075
        0.0046949538       -0.0000507237       -0.0031999974
        0.0000028989       -0.0000003450        0.0000076850
        0.0298382288        0.0007837725       -0.0361472862
        0.0000008988        0.0000013238       -0.0000043187
       -0.0000260462       -0.0000548012        0.0000318926
       -0.0000001162        0.0000047713       -0.0000138062
       -0.0000177462        0.0000170451        0.0000182725
       -0.0001022337        0.0001108413        0.0002209351
       -0.0000028574        0.0000103438        0.0000076339
        0.0000003550        0.0000001063        0.0000007937
       -0.0001022374       -0.0002039287        0.0000347926
       -0.0001599724        0.0010831639       -0.0004290462
       -0.0000015349       -0.0000008862        0.0000000551
       -0.0000007738        0.0000006538       -0.0000018738
       -0.0043218949       -0.0000649000        0.0036861013
       -0.0339124324       -0.0014781912        0.0387290874
       -0.0000012124        0.0000003163        0.0000016813
        0.0000000376       -0.0000001836        0.0000003838
        0.0042430475        0.0001421375       -0.0030537399
        0.0000000938        0.0000033663        0.0000001563
        0.0000944151        0.0000554576       -0.0000915062
       -0.0000108224        0.0000152851        0.0000243701
       -0.0000421124       -0.0000711662        0.0000215925
        0.0000007901        0.0000049189       -0.0000091012
        0.0002025288       -0.0000891424       -0.0001875863
       -0.0000018137        0.0000019025        0.0000045250
       -0.0565962712        0.0012659439        0.0301265063
       -0.0000022350       -0.0000517237       -0.0000237062
       -0.0000077375       -0.0000027437       -0.0000021224
       -0.0000023500        0.0000011539       -0.0000003150
        0.0000082701        0.0000053363       -0.0000029611
        0.0001135213        0.0001267863       -0.0000998524
       -0.0000062612        0.0000018738        0.0000217150
       -0.0000001374       -0.0000002325        0.0000003475
        0.0000012539       -0.0000014587       -0.0000016987
        0.0004528913       -0.0000769862       -0.0000631874
        0.0002544000        0.0001657389        0.0000780813
       -0.0000006499        0.0000000576       -0.0000000599
        0.0000021213        0.0000005525       -0.0000012124
        0.0611189549       -0.0010521062       -0.0339124412
       -0.0059080600        0.0000119414        0.0043216063
        0.0000001138        0.0000022425       -0.0000009588
        0.0003290913       -0.0003181162       -0.0001912250
       -0.0000222774       -0.0000216062       -0.0000496786
       -0.0000203887        0.0000131251        0.0000222763
        0.0003044200        0.0005169876       -0.0001071900
       -0.0000005738        0.0000046639       -0.0000055437
        0.0067981951        0.0000094926       -0.0045495150
        0.0000005350        0.0000012513        0.0000015500
        0.0006986288       -0.0146758137       -0.0003654699
       -0.0000556875        0.0000244889        0.0000595826
        0.0000052013        0.0000021326       -0.0000027837
        0.0000009713       -0.0000009211       -0.0000000063
       -0.0000061137       -0.0000146849        0.0000104089
       -0.0001287787       -0.0001187400        0.0001048301
       -0.0000050238       -0.0000270850        0.0000202650
        0.0000008163       -0.0000000137       -0.0000000425
       -0.0000020975        0.0000024288        0.0000015763
       -0.0000186950       -0.0013729512       -0.0010012912
       -0.0001397274        0.0003495325        0.0002165487
        0.0000000413       -0.0000003212       -0.0000001937
       -0.0000005712       -0.0000008325        0.0000003163
       -0.0010521062        0.0150371274        0.0014760351
       -0.0000120474       -0.0001579274        0.0000648738
       -0.0000000062        0.0000013150        0.0000000038
       -0.0063499350        0.0004279438        0.0041006538
       -0.0000659561       -0.0000192625        0.0000394114
       -0.0000141037       -0.0000047362       -0.0000072162
       -0.0000402813        0.0003304026        0.0000781725
        0.0000028901        0.0000003264        0.0000076801
        0.0046949575        0.0000506400       -0.0031999875
        0.0000008976       -0.0000013587       -0.0000043087
        0.0298382263       -0.0007863125       -0.0361472961
       -0.0000260475        0.0000547751        0.0000318926
       -0.0000001074       -0.0000048112       -0.0000138074
        0.0000003575       -0.0000001187        0.0000007888
       -0.0000028712       -0.0000103462        0.0000076363
       -0.0001022399       -0.0001108587        0.0002209338
       -0.0000177525       -0.0000170650        0.0000182700
       -0.0000007586       -0.0000006899       -0.0000018750
       -0.0000015274        0.0000008813        0.0000000588
       -0.0001599813       -0.0010831862       -0.0004290475
       -0.0001022475        0.0002039200        0.0000348025
        0.0000000251        0.0000001713        0.0000003776
       -0.0000012099       -0.0000003475        0.0000016813
       -0.0339124412        0.0014760351        0.0387290899
       -0.0043218849        0.0000648951        0.0036861013
        0.0000000913       -0.0000033900        0.0000001525
        0.0042430612       -0.0001421875       -0.0030537462
        0.0000944214       -0.0000554586        0.0000915139
       -0.0000108124       -0.0000152812       -0.0000243661
       -0.0000420975        0.0000711864       -0.0000215899
        0.0000007963       -0.0000049261        0.0000090939
        0.0002025438        0.0000891125        0.0001874813
       -0.0000018037       -0.0000019111       -0.0000045249
       -0.0565962737       -0.0012701149       -0.0301154186
       -0.0000077149        0.0000027101        0.0000021201
       -0.0000022325        0.0000517088        0.0000237075
        0.0000082825       -0.0000053274        0.0000029413
       -0.0000023461       -0.0000011450        0.0000002913
       -0.0000062450       -0.0000018662       -0.0000217387
        0.0001135137       -0.0001267750        0.0000998538
        0.0000012476        0.0000014514        0.0000017013
       -0.0000001299        0.0000002237       -0.0000003424
        0.0002544150       -0.0001657411       -0.0000780850
        0.0004528837        0.0000769788        0.0000631613
        0.0000021188       -0.0000005613        0.0000012050
       -0.0000006386       -0.0000000612        0.0000000376
       -0.0059080600       -0.0000120474       -0.0043218849
        0.0611189424        0.0010476001        0.0339233851
        0.0000001163       -0.0000022462        0.0000009488
        0.0003290876        0.0003181650        0.0001912075
        0.0000222627       -0.0000215886       -0.0000496549
        0.0000203738        0.0000131426        0.0000222977
       -0.0003044287        0.0005170027       -0.0001071762
        0.0000005476        0.0000046864       -0.0000055387
       -0.0067982474        0.0000095126       -0.0045495050
       -0.0000005674        0.0000012689        0.0000015638
       -0.0007036699       -0.0146757962       -0.0003654498
       -0.0000052287        0.0000021614       -0.0000027624
        0.0000556788        0.0000245002        0.0000595901
        0.0000060901       -0.0000146699        0.0000104138
       -0.0000009936       -0.0000008999        0.0000000176
        0.0000050201       -0.0000270636        0.0000202839
        0.0001287788       -0.0001187261        0.0001048401
        0.0000020977        0.0000024339        0.0000015839
       -0.0000008199        0.0000000101       -0.0000000236
        0.0001397225        0.0003495538        0.0002165538
        0.0000186676       -0.0013729287       -0.0010012637
        0.0000005551       -0.0000008023        0.0000003251
       -0.0000000461       -0.0000003149       -0.0000001836
        0.0000119414       -0.0001579274        0.0000648951
        0.0010476001        0.0150370923        0.0014760563
       -0.0000000274        0.0000013351        0.0000000263
        0.0063498326        0.0004279551        0.0041006576
        0.0000659164       -0.0000192499        0.0000394026
        0.0000140875       -0.0000047262       -0.0000072074
        0.0000402562        0.0003303876        0.0000781838
       -0.0000029137        0.0000003276        0.0000076788
       -0.0046949786        0.0000506426       -0.0031999875
       -0.0000009175       -0.0000013462       -0.0000043013
       -0.0298272236       -0.0007863149       -0.0361472949
        0.0000000838       -0.0000048024       -0.0000138012
        0.0000260201        0.0000547638        0.0000319026
        0.0000028301       -0.0000103424        0.0000076338
       -0.0000003786       -0.0000001212        0.0000007951
        0.0000177325       -0.0000170687        0.0000182764
        0.0001022275       -0.0001108599        0.0002209376
        0.0000015276        0.0000008751        0.0000000650
        0.0000007601       -0.0000006687       -0.0000018711
        0.0001022388        0.0002039325        0.0000347976
        0.0001599513       -0.0010831937       -0.0004290512
        0.0000012076       -0.0000003374        0.0000016801
       -0.0000000461        0.0000001626        0.0000003838
        0.0043216063        0.0000648738        0.0036861013
        0.0339233851        0.0014760563        0.0387290824
       -0.0000001324       -0.0000033850        0.0000001550
       -0.0042430962       -0.0001421812       -0.0030537412
        0.0001646351       -0.0000000212       -0.0000000149
        0.0000520438       -0.0000000275       -0.0000000225
       -0.0000045326       -0.0000000099       -0.0000000150
       -0.0002501750       -0.0000000824       -0.0000000225
        0.0000007013       -0.0000000137       -0.0000000125
       -0.0146515337       -0.0000026912       -0.0000012937
       -0.0000015587       -0.0000000149       -0.0000000200
       -0.0000052363        0.0000222701       -0.0000137412
       -0.0000052412       -0.0000223112        0.0000137175
        0.0000803575        0.0000801388        0.0000992425
        0.0000803563       -0.0000801700       -0.0000992613
        0.0000012825       -0.0000007187        0.0000008225
        0.0000012687        0.0000006875       -0.0000008674
        0.0000082451        0.0000378913        0.0001069063
        0.0000082488       -0.0000378862       -0.0001069237
       -0.0000006575       -0.0000002262        0.0000003688
       -0.0000006712        0.0000001987       -0.0000003975
        0.0003290850       -0.0063499400       -0.0042431075
        0.0003290951        0.0063498100        0.0042430475
        0.0000001138       -0.0000000062        0.0000000913
        0.0000001163       -0.0000000274       -0.0000001324
        0.0138636224       -0.0000023988       -0.0000010301
        0.0000002125       -0.0000000124       -0.0000000187
       -0.0000000212       -0.0002665350       -0.0005383912
       -0.0000000175       -0.0009804351        0.0016981176
       -0.0000000125       -0.0001063224        0.0002021038
       -0.0000000275       -0.0056009437       -0.0052170450
       -0.0000000062       -0.0000339962       -0.0000840413
       -0.0000022288       -0.0576753975       -0.0299081675
       -0.0000000124       -0.0000167250        0.0000316038
       -0.0000352701       -0.0000017150        0.0000190513
        0.0000352713       -0.0000017325        0.0000190488
       -0.0000410225        0.0000888237        0.0000183800
        0.0000409963        0.0000888200        0.0000183875
        0.0000093050        0.0000037362       -0.0000050700
       -0.0000093251        0.0000037300       -0.0000050837
        0.0002244413        0.0002785824        0.0000214912
       -0.0002244400        0.0002785863        0.0000215012
       -0.0000052988       -0.0000002613        0.0000035113
        0.0000052650       -0.0000002787        0.0000035275
       -0.0003181238        0.0004279450        0.0001421387
        0.0003181576        0.0004279338        0.0001421375
        0.0000022425        0.0000013150       -0.0000033900
       -0.0000022462        0.0000013351       -0.0000033850
       -0.0000023988        0.0631043325        0.0334368087
       -0.0000000176       -0.0000209975       -0.0000033675
       -0.0000000087        0.0002647737        0.0002846362
       -0.0000000075        0.0007186337       -0.0008234701
       -0.0000000163        0.0000779650       -0.0000977238
       -0.0000000100        0.0049107600        0.0038206038
        0.0000000012        0.0000228112        0.0000306549
       -0.0000011900       -0.0306575387       -0.0360001750
       -0.0000000038        0.0000083538       -0.0000103113
        0.0000105025       -0.0000219113        0.0000079049
       -0.0000105188       -0.0000219225        0.0000079125
        0.0000883225        0.0000291151        0.0000310325
       -0.0000883387        0.0000291012        0.0000310387
       -0.0000059038       -0.0000027163       -0.0000000300
        0.0000058849       -0.0000027263       -0.0000000301
        0.0000007901       -0.0002910213        0.0002593387
       -0.0000008063       -0.0002910138        0.0002593412
        0.0000011274       -0.0000010263       -0.0000000625
       -0.0000011400       -0.0000010413       -0.0000000501
        0.0001911938       -0.0041006925       -0.0030537513
       -0.0001912199       -0.0041006950       -0.0030537399
       -0.0000009588        0.0000000038        0.0000001525
        0.0000009488        0.0000000263        0.0000001550
       -0.0000010301        0.0334368087        0.0383035825
       -0.0000000150        0.0000033437        0.0000028975
        0.0001646476       -0.0000000099       -0.0000000174
       -0.0000045225       -0.0000000100       -0.0000000150
        0.0000520338       -0.0000000212       -0.0000000162
        0.0000006938       -0.0000000112        0.0000000026
       -0.0002501624       -0.0000000750       -0.0000000025
       -0.0000015550       -0.0000000038       -0.0000000087
       -0.0146515150       -0.0000026937       -0.0000012974
       -0.0000052388       -0.0000222911       -0.0000137349
       -0.0000052475        0.0000222663        0.0000137263
        0.0000012687       -0.0000007162       -0.0000008563
        0.0000012788        0.0000006913        0.0000008338
        0.0000803701        0.0000801437       -0.0000992587
        0.0000803649       -0.0000801587        0.0000992375
       -0.0000006437       -0.0000002250       -0.0000003912
       -0.0000006424        0.0000002100        0.0000003750
        0.0000082463        0.0000378976       -0.0001069200
        0.0000082487       -0.0000378950        0.0001069162
        0.0000001151        0.0000000113       -0.0000001263
        0.0000001164       -0.0000000350        0.0000000938
        0.0003290913       -0.0063499350        0.0042430612
        0.0003290876        0.0063498326       -0.0042430962
        0.0000002125       -0.0000000176       -0.0000000150
        0.0138636099       -0.0000023775       -0.0000010149
       -0.0000000099       -0.0002665249        0.0005383751
       -0.0000000012       -0.0001063112       -0.0002021224
       -0.0000000188       -0.0009804262       -0.0016981762
       -0.0000000087       -0.0000339887        0.0000840375
       -0.0000000187       -0.0056009362        0.0052167613
        0.0000000013       -0.0000167112       -0.0000316362
       -0.0000022261       -0.0576754000        0.0299187288
        0.0000352838       -0.0000017025       -0.0000190650
       -0.0000352812       -0.0000017112       -0.0000190649
        0.0000093088        0.0000037413        0.0000050601
       -0.0000093236        0.0000037338        0.0000050589
       -0.0000410000        0.0000888400       -0.0000183987
        0.0000409975        0.0000888338       -0.0000184024
       -0.0000052837       -0.0000002549       -0.0000035313
        0.0000052814       -0.0000002537       -0.0000035199
        0.0002244513        0.0002785951       -0.0000215200
       -0.0002244388        0.0002785813       -0.0000215100
        0.0000022401        0.0000013313        0.0000033575
       -0.0000022449        0.0000013313        0.0000033663
       -0.0003181162        0.0004279438       -0.0001421875
        0.0003181650        0.0004279551       -0.0001421812
       -0.0000000124       -0.0000209975        0.0000033437
       -0.0000023775        0.0631043149       -0.0334264699
       -0.0000000099       -0.0002648125        0.0002846501
       -0.0000000025       -0.0000779800       -0.0000977199
       -0.0000000163       -0.0007186886       -0.0008234700
        0.0000000038       -0.0000228337        0.0000306550
        0.0000000026       -0.0049111825        0.0038206138
       -0.0000000063       -0.0000083837       -0.0000102938
       -0.0000011749        0.0306677389       -0.0360001787
        0.0000105100        0.0000218901        0.0000079126
       -0.0000105162        0.0000218812        0.0000079125
        0.0000058988        0.0000027225       -0.0000000300
       -0.0000059174        0.0000027212       -0.0000000274
       -0.0000883275       -0.0000291050        0.0000310425
        0.0000883200       -0.0000291037        0.0000310388
       -0.0000011374        0.0000010263       -0.0000000537
        0.0000011313        0.0000010388       -0.0000000512
       -0.0000008063        0.0002910613        0.0002593250
        0.0000007875        0.0002910526        0.0002593275
        0.0000009413       -0.0000000313        0.0000001588
       -0.0000009536       -0.0000000412        0.0000001563
       -0.0001912250        0.0041006538       -0.0030537462
        0.0001912075        0.0041006576       -0.0030537412
       -0.0000000187       -0.0000033675        0.0000028975
       -0.0000010149       -0.0334264699        0.0383035774
