   16   48
        0.4438093803        0.2113687996       -0.0276574214
       -0.1093950677       -0.0105290205        0.0143373690
       -0.0362076839       -0.0270410367        0.0076775293
        0.0138960061        0.0022300681       -0.0073621049
       -0.1719210519       -0.1430571910       -0.1026087620
       -0.1301631133       -0.0379303552        0.1156522198
        0.0006022310        0.0002946644        0.0007666691
       -0.0060940989       -0.0049563205       -0.0007223782
       -0.0042686620        0.0020994395       -0.0035402992
        0.0021383297        0.0003482665        0.0011534939
       -0.0000022599        0.0004119226        0.0008584464
       -0.0018666500        0.0053607174        0.0018753273
        0.0002014892        0.0017074761       -0.0006941189
        0.0000227140        0.0001960292        0.0000317172
        0.0007476660       -0.0010489664       -0.0000644941
       -0.0014992287        0.0005455069        0.0002968067
        0.2113687996        0.5296825456        0.1272629019
       -0.0106780818       -0.1076288503        0.0201026391
       -0.0065050930        0.0065150521       -0.0080291040
       -0.0248758943       -0.0377348390        0.0108530141
       -0.1432801772       -0.2794482058       -0.1748725250
       -0.0380214191       -0.1106393938        0.0281874966
        0.0022629545        0.0022851109        0.0001131860
        0.0024541572       -0.0005679441       -0.0047914024
        0.0037960930        0.0000121472        0.0021214970
       -0.0000354893       -0.0002287686        0.0003183814
       -0.0004489665        0.0015504040        0.0000795617
        0.0033196954       -0.0044280470       -0.0021376477
       -0.0009024740        0.0026966686        0.0004806967
        0.0002876345       -0.0001892223       -0.0004323692
        0.0000933663       -0.0013502062       -0.0002515706
        0.0011648948       -0.0005264511        0.0009952442
       -0.0276574214        0.1272629019        0.9043212637
        0.0060721887        0.0113011013       -0.0836049523
       -0.0068120110       -0.0127220482        0.0097458433
       -0.0037206584        0.0015911089        0.0032855718
       -0.1019073389       -0.1755988821       -0.2982569984
        0.1134818229        0.0274004279       -0.5063750775
       -0.0007978975       -0.0002673717       -0.0003393441
        0.0262747662        0.0261463986       -0.0177375670
       -0.0032821403        0.0002341030       -0.0041153705
       -0.0025254695       -0.0019202011       -0.0032546947
       -0.0007334691       -0.0040946441       -0.0025219981
        0.0007591415       -0.0018876791       -0.0021457579
       -0.0000489523        0.0008039464        0.0005321144
        0.0016497691        0.0002946862       -0.0011864379
       -0.0002496095       -0.0001673084       -0.0005166556
       -0.0005027206        0.0016234604        0.0021700607
       -0.1093950677       -0.0106780818        0.0060721887
        0.4427289145       -0.0388166991        0.0027669482
       -0.1546830627        0.0162941970       -0.0500476630
       -0.0969118087        0.0466871563        0.0127242015
        0.0015751252       -0.0278567556       -0.0003343490
        0.0053442456       -0.0112648144        0.0139918363
       -0.0151167442        0.0059806790       -0.0054223452
       -0.0502246604        0.0073151709        0.0274177182
       -0.0208721397        0.0025826540       -0.0130720120
        0.0009004634       -0.0014738024        0.0013866147
       -0.0029256496        0.0053794735        0.0005113840
        0.0072267788       -0.0205710940       -0.0044261951
       -0.0099720247        0.0278930911        0.0078823233
        0.0007693356       -0.0010323672       -0.0002630711
        0.0004192832        0.0013500684        0.0004892500
        0.0011370114       -0.0017888755        0.0003231704
       -0.0105290205       -0.1076288503        0.0113011013
       -0.0388166991        0.4574391770        0.0523759668
        0.0184296772       -0.0774122866        0.0097134499
        0.0475851947       -0.1733272569       -0.0265809128
       -0.0321429260       -0.0138458794       -0.0059593768
       -0.0068958361        0.0110961220        0.0033310030
        0.0297499395       -0.0049044621        0.0159956964
        0.0043658194       -0.0558018755       -0.0393438844
       -0.0198655767        0.0013177956       -0.0107183000
       -0.0030143002       -0.0004905924       -0.0022677751
        0.0008898982       -0.0061684172       -0.0012377706
        0.0094139933       -0.0210014989       -0.0063254501
       -0.0008787961       -0.0046504304       -0.0004979128
       -0.0003787387        0.0015215815        0.0003521472
        0.0021602577       -0.0064375968       -0.0008382967
       -0.0000728866        0.0002944704        0.0007003147
        0.0143373690        0.0201026391       -0.0836049523
        0.0027669482        0.0523759668        0.6399918262
       -0.0475289741        0.0109662682       -0.1141590014
        0.0126187382       -0.0227313976       -0.0885683168
       -0.0201245728       -0.0294138803        0.0023045476
        0.0312038568        0.0236246784       -0.0329833556
        0.0049794473        0.0007013372        0.0033507013
        0.0162890541       -0.0515893658       -0.3087372749
        0.0118870487       -0.0014049241        0.0041867845
       -0.0322664058        0.0052832784       -0.0189245167
        0.0136983048       -0.0330747851       -0.0069567240
       -0.0051288454        0.0119017787        0.0011290949
       -0.0052621282        0.0164319272        0.0026560848
        0.0015509953       -0.0009546533        0.0005290851
        0.0013244660       -0.0023051011       -0.0000225343
       -0.0003453021        0.0000862333       -0.0001914485
       -0.0362076839       -0.0065050930       -0.0068120110
       -0.1546830627        0.0184296772       -0.0475289741
        0.5037316817        0.0429539289       -0.0393721703
       -0.0126955369        0.0075358661       -0.0068411330
        0.0001946426       -0.0007965814        0.0002524127
        0.0009230506       -0.0010524796       -0.0029148793
       -0.0932966690        0.0393543234        0.0085464739
        0.0023359536       -0.0000037477        0.0011112861
       -0.1558923060       -0.1160092519        0.0572134721
       -0.0523227946        0.0052874053        0.0346553851
        0.0005567720       -0.0015703167       -0.0004751665
        0.0004307218       -0.0014797550       -0.0000263746
        0.0001292110        0.0005431177        0.0001381907
       -0.0027002991        0.0043492923        0.0000715292
       -0.0090547482        0.0286733540        0.0066907403
        0.0085510671       -0.0197097394       -0.0047087812
       -0.0270410367        0.0065150521       -0.0127220482
        0.0162941970       -0.0774122866        0.0109662682
        0.0429539289        0.5245566773       -0.0057964976
        0.0314032794       -0.0058781039        0.0162017707
       -0.0010921036       -0.0076667938        0.0003353534
        0.0001371022       -0.0024686905        0.0003350125
        0.0375646698       -0.1842622861       -0.0210194437
       -0.0031939586        0.0009506264       -0.0024302300
       -0.1154606737       -0.1664529248        0.0590565443
        0.0053681542       -0.0539961761       -0.0385252962
       -0.0005746216        0.0015188768        0.0004879206
       -0.0000729330        0.0013287118        0.0002822797
        0.0027660867       -0.0060933854       -0.0012689255
        0.0018086966       -0.0057119018       -0.0001154003
       -0.0007462158       -0.0029832046       -0.0008300739
        0.0098854280       -0.0219441909       -0.0049572341
        0.0076775293       -0.0080291040        0.0097458433
       -0.0500476630        0.0097134499       -0.1141590014
       -0.0393721703       -0.0057964976        0.5761935171
        0.0057402261       -0.0000302019        0.0035095891
        0.0004438077        0.0025571874        0.0000134015
        0.0003171003        0.0023215354       -0.0026659219
        0.0070667142       -0.0193792024       -0.0848854590
       -0.0301640890        0.0047706329       -0.0133600660
        0.0553946532        0.0588256593       -0.0767600492
        0.0387796444       -0.0370010992       -0.2981635690
        0.0012285416       -0.0006802370        0.0006485470
       -0.0000969995        0.0002742138       -0.0000565949
        0.0012813439       -0.0021897117        0.0001034215
        0.0121142882       -0.0327508914       -0.0041919876
       -0.0048136228        0.0158080060        0.0022237935
       -0.0055493043        0.0115862605        0.0018045361
        0.0138960061       -0.0248758943       -0.0037206584
       -0.0969118087        0.0475851947        0.0126187382
       -0.0126955369        0.0314032794        0.0057402261
        0.5687559259        0.0330710060        0.0080269991
       -0.0066953869       -0.0024541110       -0.0008702139
       -0.0020358715       -0.0006293848        0.0001086927
       -0.0051869463       -0.0005530301       -0.0033683566
       -0.0009020277        0.0038847040       -0.0003677523
        0.0012202494        0.0002954320        0.0006303147
        0.0017550623       -0.0003487593        0.0008586388
       -0.0530009803        0.0037479714        0.0346443506
       -0.1565810761       -0.1179755955        0.0566117788
       -0.2510783413        0.0250771466       -0.1110071768
        0.0000107702       -0.0001972095        0.0000540547
       -0.0006190001        0.0018110908        0.0001856701
        0.0000689620        0.0001581597       -0.0001453058
        0.0022300681       -0.0377348390        0.0015911089
        0.0466871563       -0.1733272569       -0.0227313976
        0.0075358661       -0.0058781039       -0.0000302019
        0.0330710060        0.4942315352       -0.0189397191
       -0.0017885306        0.0002252724       -0.0002048012
       -0.0001724178        0.0001317412       -0.0032804676
       -0.0004494485        0.0004497404       -0.0001348658
        0.0025504827       -0.0045294433       -0.0000813122
       -0.0010143023        0.0002277362       -0.0003595929
       -0.0012850895        0.0004329789       -0.0005862290
        0.0049170608       -0.0488978603       -0.0316328294
       -0.1202221540       -0.1746330014        0.0620195774
        0.0280014857       -0.0508243350        0.0144947259
        0.0001088175       -0.0000928762        0.0000176578
       -0.0001954910        0.0002036758       -0.0001581953
        0.0000254905        0.0000150360        0.0000165421
       -0.0073621049        0.0108530141        0.0032855718
        0.0127242015       -0.0265809128       -0.0885683168
       -0.0068411330        0.0162017707        0.0035095891
        0.0080269991       -0.0189397191        0.5768271928
        0.0008137853        0.0001023380        0.0004208076
        0.0018922853       -0.0000230315       -0.0007569116
       -0.0028852101       -0.0001512810       -0.0019264068
        0.0120928361       -0.0303297441       -0.0018550122
        0.0008452074       -0.0000248366        0.0002963557
       -0.0001358657        0.0009151869        0.0006288840
        0.0339122439       -0.0275557910       -0.3089808464
        0.0571418577        0.0610911616       -0.0753783078
       -0.1096705057        0.0135108711       -0.1083070497
       -0.0001461668        0.0001214465        0.0003747201
       -0.0005291262        0.0009458888        0.0004360420
        0.0001206962       -0.0001363618       -0.0000063118
       -0.1719210519       -0.1432801772       -0.1019073389
        0.0015751252       -0.0321429260       -0.0201245728
        0.0001946426       -0.0010921036        0.0004438077
       -0.0066953869       -0.0017885306        0.0008137853
        0.1420456339        0.1705008413        0.1288133205
        0.0335411758        0.0099919716       -0.0050248909
       -0.0001222096       -0.0002084257       -0.0002018071
        0.0003127037       -0.0001023465       -0.0020805910
       -0.0006093908        0.0001089123        0.0000594627
       -0.0000257256       -0.0000334616       -0.0001481565
        0.0003221858       -0.0001469436       -0.0000299300
        0.0009632315       -0.0019350462       -0.0004490448
        0.0003516589       -0.0004461118        0.0001865831
        0.0000416687        0.0000530669        0.0000323831
        0.0000013172        0.0001373418       -0.0001411030
        0.0000244218        0.0003839389       -0.0002419075
       -0.1430571910       -0.2794482058       -0.1755988821
       -0.0278567556       -0.0138458794       -0.0294138803
       -0.0007965814       -0.0076667938        0.0025571874
       -0.0024541110        0.0002252724        0.0001023380
        0.1705008413        0.2793576312        0.2377304686
        0.0044484861        0.0214190366       -0.0337193859
        0.0004921704       -0.0011828244        0.0005841708
        0.0002775548       -0.0000691455       -0.0013322534
       -0.0022463580        0.0005199291       -0.0011522211
        0.0000245080        0.0003904997        0.0001448460
       -0.0000496559        0.0002045072        0.0000540403
        0.0003981078       -0.0009622230        0.0002075377
        0.0006267733       -0.0002673154        0.0002880743
       -0.0005887587        0.0000136841        0.0004600363
        0.0002091022        0.0008073680        0.0001000889
        0.0000718677        0.0005044591       -0.0010121655
       -0.1026087620       -0.1748725250       -0.2982569984
       -0.0003343490       -0.0059593768        0.0023045476
        0.0002524127        0.0003353534        0.0000134015
       -0.0008702139       -0.0002048012        0.0004208076
        0.1288133205        0.2377304686        0.3793422765
       -0.0263462106       -0.0586958179       -0.0906742633
        0.0003889067       -0.0002601984        0.0001464127
       -0.0005559821        0.0005713963        0.0039150690
       -0.0001743454        0.0000779902        0.0007410129
        0.0011172395        0.0004233193        0.0011727457
        0.0000875665        0.0014294758        0.0008149833
        0.0001249998       -0.0001921258        0.0006307797
        0.0002997307       -0.0006325685       -0.0001613312
       -0.0006254437       -0.0000058127        0.0003970625
        0.0002453325        0.0002651311        0.0001154184
        0.0001857978       -0.0000099083       -0.0009219246
       -0.1301631133       -0.0380214191        0.1134818229
        0.0053442456       -0.0068958361        0.0312038568
        0.0009230506        0.0001371022        0.0003171003
       -0.0020358715       -0.0001724178        0.0018922853
        0.0335411758        0.0044484861       -0.0263462106
        0.0957766347        0.0472747367       -0.1250527126
        0.0000635633       -0.0002910219        0.0002007522
       -0.0031373004       -0.0050213419        0.0028015152
        0.0001204183        0.0001965316        0.0010296280
       -0.0007355721       -0.0000759087        0.0012489225
       -0.0005051831       -0.0004445785       -0.0005039399
        0.0008738245       -0.0008894855       -0.0006411437
        0.0001582737       -0.0004544145        0.0005385544
       -0.0001626951       -0.0000942591        0.0000675295
       -0.0000509184        0.0002026834       -0.0000297888
       -0.0000105325        0.0001011428       -0.0002081716
       -0.0379303552       -0.1106393938        0.0274004279
       -0.0112648144        0.0110961220        0.0236246784
       -0.0010524796       -0.0024686905        0.0023215354
       -0.0006293848        0.0001317412       -0.0000230315
        0.0099919716        0.0214190366       -0.0586958179
        0.0472747367        0.0833247355        0.0000374772
       -0.0003150646       -0.0008536041       -0.0000923087
       -0.0049266383       -0.0032815001        0.0028533483
       -0.0008714072        0.0004445711       -0.0004964450
       -0.0000701160       -0.0004239559        0.0003850557
       -0.0005268064        0.0000808001        0.0015562060
       -0.0001602068        0.0002244995        0.0010765916
        0.0003799430       -0.0001762571        0.0001351924
        0.0002261865        0.0002187598       -0.0000838090
       -0.0000374339        0.0003324327       -0.0000955039
       -0.0000881306        0.0005707030        0.0000964030
        0.1156522198        0.0281874966       -0.5063750775
        0.0139918363        0.0033310030       -0.0329833556
       -0.0029148793        0.0003350125       -0.0026659219
        0.0001086927       -0.0032804676       -0.0007569116
       -0.0050248909       -0.0337193859       -0.0906742633
       -0.1250527126        0.0000374772        0.6261761063
        0.0007166378        0.0003497813        0.0000518246
        0.0030197888        0.0034699999        0.0005328399
       -0.0001642583       -0.0001845707        0.0017946166
        0.0014014946        0.0006490142        0.0022526976
       -0.0000682622        0.0019817202        0.0013836271
       -0.0006487830        0.0000410788        0.0012958090
       -0.0002073617        0.0002258652       -0.0002885266
       -0.0008431760       -0.0000285399        0.0007272431
       -0.0000232718       -0.0001950329        0.0003731666
        0.0000569256       -0.0012004520       -0.0008438744
        0.0006022310        0.0022629545       -0.0007978975
       -0.0151167442        0.0297499395        0.0049794473
       -0.0932966690        0.0375646698        0.0070667142
       -0.0051869463       -0.0004494485       -0.0028852101
       -0.0001222096        0.0004921704        0.0003889067
        0.0000635633       -0.0003150646        0.0007166378
        0.5629617374        0.0295624505        0.0095280639
        0.0016101714       -0.0005905108        0.0007907029
        0.0091233213       -0.0197087387       -0.0038704770
       -0.0019038239        0.0047637009        0.0004247395
       -0.0000522622       -0.0001181803       -0.0000375271
        0.0002520854        0.0002137851       -0.0002205891
       -0.0003518653        0.0018586291        0.0002384230
       -0.0517724327        0.0048686646        0.0322031156
       -0.2563990190        0.0225345007       -0.1084559313
       -0.1504111377       -0.1126895222        0.0599308811
        0.0002946644        0.0022851109       -0.0002673717
        0.0059806790       -0.0049044621        0.0007013372
        0.0393543234       -0.1842622861       -0.0193792024
       -0.0005530301        0.0004497404       -0.0001512810
       -0.0002084257       -0.0011828244       -0.0002601984
       -0.0002910219       -0.0008536041        0.0003497813
        0.0295624505        0.4902928639       -0.0148035192
       -0.0013283589        0.0004997939       -0.0001793393
        0.0110688388       -0.0219688261       -0.0047157497
        0.0019291412       -0.0054971224       -0.0000548279
        0.0001115863       -0.0000648540        0.0000027160
       -0.0000049243        0.0001402850       -0.0000439744
       -0.0002968920        0.0003841864       -0.0002382946
        0.0047244905       -0.0537691694       -0.0406954853
        0.0244177897       -0.0483848380        0.0126467824
       -0.1147613110       -0.1731639937        0.0670886271
        0.0007666691        0.0001131860       -0.0003393441
       -0.0054223452        0.0159956964        0.0033507013
        0.0085464739       -0.0210194437       -0.0848854590
       -0.0033683566       -0.0001348658       -0.0019264068
       -0.0002018071        0.0005841708        0.0001464127
        0.0002007522       -0.0000923087        0.0000518246
        0.0095280639       -0.0148035192        0.5674967958
       -0.0001539044        0.0009801835        0.0006403907
       -0.0048393235        0.0105867809        0.0017055182
        0.0120920699       -0.0315854525       -0.0027249672
       -0.0001788765        0.0001296891        0.0003332480
        0.0000327281       -0.0003589068       -0.0000334949
       -0.0006934136        0.0010087005        0.0006287719
        0.0313804092       -0.0392496031       -0.2987921680
       -0.1077956352        0.0116310418       -0.1027252346
        0.0601064959        0.0662146508       -0.0829265886
       -0.0060940989        0.0024541572        0.0262747662
       -0.0502246604        0.0043658194        0.0162890541
        0.0023359536       -0.0031939586       -0.0301640890
       -0.0009020277        0.0025504827        0.0120928361
        0.0003127037        0.0002775548       -0.0005559821
       -0.0031373004       -0.0049266383        0.0030197888
        0.0016101714       -0.0013283589       -0.0001539044
        0.0599950837       -0.0027360801       -0.0261599976
        0.0010743221       -0.0003177535        0.0008226512
       -0.0051208653        0.0012407830       -0.0029288357
       -0.0002718774        0.0022473285        0.0005068563
        0.0003835694       -0.0002386331       -0.0003860793
        0.0000942774       -0.0006976066        0.0002275790
       -0.0001193263        0.0004203318        0.0007537128
        0.0001072733       -0.0002372999        0.0003087250
       -0.0000431984        0.0001198718        0.0000529185
       -0.0049563205       -0.0005679441        0.0261463986
        0.0073151709       -0.0558018755       -0.0515893658
       -0.0000037477        0.0009506264        0.0047706329
        0.0038847040       -0.0045294433       -0.0303297441
       -0.0001023465       -0.0000691455        0.0005713963
       -0.0050213419       -0.0032815001        0.0034699999
       -0.0005905108        0.0004997939        0.0009801835
       -0.0027360801        0.0656222026        0.0455907985
       -0.0001560810        0.0001307759       -0.0003740618
        0.0007441169        0.0003420149        0.0007159867
        0.0024029780       -0.0055338075       -0.0007319977
       -0.0007144243        0.0009579733        0.0004425975
       -0.0001270649        0.0012325162        0.0006954644
        0.0001528492        0.0001170706       -0.0002234262
       -0.0000561756       -0.0000187071       -0.0001358366
       -0.0000357258       -0.0000505507        0.0000009739
       -0.0007223782       -0.0047914024       -0.0177375670
        0.0274177182       -0.0393438844       -0.3087372749
        0.0011112861       -0.0024302300       -0.0133600660
       -0.0003677523       -0.0000813122       -0.0018550122
       -0.0020805910       -0.0013322534        0.0039150690
        0.0028015152        0.0028533483        0.0005328399
        0.0007907029       -0.0001793393        0.0006403907
       -0.0261599976        0.0455907985        0.3339343366
       -0.0002909924       -0.0002205507        0.0003712576
       -0.0023183761        0.0001344866        0.0000364184
       -0.0000638121       -0.0001387578        0.0011780880
       -0.0000098327       -0.0005486982        0.0000731745
        0.0002981309       -0.0001314741        0.0003772295
       -0.0003942959        0.0006952310        0.0002545990
        0.0000271017       -0.0000803413        0.0003825204
       -0.0000384268        0.0000043796       -0.0000060033
       -0.0042686620        0.0037960930       -0.0032821403
       -0.0208721397       -0.0198655767        0.0118870487
       -0.1558923060       -0.1154606737        0.0553946532
        0.0012202494       -0.0010143023        0.0008452074
       -0.0006093908       -0.0022463580       -0.0001743454
        0.0001204183       -0.0008714072       -0.0001642583
        0.0091233213        0.0110688388       -0.0048393235
        0.0010743221       -0.0001560810       -0.0002909924
        0.1722661325        0.1238293546       -0.0598923803
       -0.0029002744       -0.0019862496        0.0008497900
       -0.0000631764        0.0000617877       -0.0000224120
       -0.0000942403        0.0009975734       -0.0002667004
        0.0004903586        0.0001301111       -0.0002538649
        0.0002098279       -0.0008022537       -0.0001326010
        0.0006863957       -0.0006536383       -0.0002274570
       -0.0004908360        0.0031727820        0.0005697762
        0.0020994395        0.0000121472        0.0002341030
        0.0025826540        0.0013177956       -0.0014049241
       -0.1160092519       -0.1664529248        0.0588256593
        0.0002954320        0.0002277362       -0.0000248366
        0.0001089123        0.0005199291        0.0000779902
        0.0001965316        0.0004445711       -0.0001845707
       -0.0197087387       -0.0219688261        0.0105867809
       -0.0003177535        0.0001307759       -0.0002205507
        0.1238293546        0.1849847049       -0.0647871098
        0.0036621051        0.0030423750       -0.0013202004
        0.0000197819        0.0000247929       -0.0001191371
        0.0003196176        0.0001909195        0.0001825186
       -0.0000099262        0.0001789866       -0.0001591352
       -0.0003200734        0.0011161686       -0.0004670905
        0.0000851403        0.0013477989        0.0004058376
        0.0031667749       -0.0051169504       -0.0016253344
       -0.0035402992        0.0021214970       -0.0041153705
       -0.0130720120       -0.0107183000        0.0041867845
        0.0572134721        0.0590565443       -0.0767600492
        0.0006303147       -0.0003595929        0.0002963557
        0.0000594627       -0.0011522211        0.0007410129
        0.0010296280       -0.0004964450        0.0017946166
       -0.0038704770       -0.0047157497        0.0017055182
        0.0008226512       -0.0003740618        0.0003712576
       -0.0598923803       -0.0647871098        0.0797437217
        0.0210784719        0.0220208299       -0.0091306643
        0.0000486571        0.0001205209       -0.0000200576
        0.0000890030        0.0000462806        0.0002116011
        0.0000660841       -0.0002280165       -0.0001179016
       -0.0006047872        0.0001621995        0.0003222665
       -0.0000933193        0.0006457319       -0.0000408226
        0.0000355302       -0.0013421074        0.0008117310
        0.0021383297       -0.0000354893       -0.0025254695
        0.0009004634       -0.0030143002       -0.0322664058
       -0.0523227946        0.0053681542        0.0387796444
        0.0017550623       -0.0012850895       -0.0001358657
       -0.0000257256        0.0000245080        0.0011172395
       -0.0007355721       -0.0000701160        0.0014014946
       -0.0019038239        0.0019291412        0.0120920699
       -0.0051208653        0.0007441169       -0.0023183761
       -0.0029002744        0.0036621051        0.0210784719
        0.0581204804       -0.0095065324       -0.0373774970
       -0.0001257287        0.0004586998        0.0004878809
        0.0000083500        0.0001151469        0.0000999140
        0.0000581300       -0.0002325500        0.0002806734
       -0.0002019092        0.0026275990       -0.0001742391
       -0.0000720026       -0.0004509042        0.0001214699
        0.0004278805       -0.0003344896       -0.0006610053
        0.0003482665       -0.0002287686       -0.0019202011
       -0.0014738024       -0.0004905924        0.0052832784
        0.0052874053       -0.0539961761       -0.0370010992
       -0.0003487593        0.0004329789        0.0009151869
       -0.0000334616        0.0003904997        0.0004233193
       -0.0000759087       -0.0004239559        0.0006490142
        0.0047637009       -0.0054971224       -0.0315854525
        0.0012407830        0.0003420149        0.0001344866
       -0.0019862496        0.0030423750        0.0220208299
       -0.0095065324        0.0598496421        0.0414547685
        0.0003920334        0.0001048943       -0.0000967004
       -0.0000424840       -0.0000417343        0.0000974617
       -0.0000933648       -0.0000608398       -0.0001537441
        0.0025940805       -0.0058873672       -0.0009167660
       -0.0001901880        0.0012638553        0.0005568543
       -0.0008755187        0.0012002966        0.0001387639
        0.0011534939        0.0003183814       -0.0032546947
        0.0013866147       -0.0022677751       -0.0189245167
        0.0346553851       -0.0385252962       -0.2981635690
        0.0008586388       -0.0005862290        0.0006288840
       -0.0001481565        0.0001448460        0.0011727457
        0.0012489225        0.0003850557        0.0022526976
        0.0004247395       -0.0000548279       -0.0027249672
       -0.0029288357        0.0007159867        0.0000364184
        0.0008497900       -0.0013202004       -0.0091306643
       -0.0373774970        0.0414547685        0.3252105544
       -0.0004250612        0.0006799608        0.0004556015
       -0.0001063364       -0.0000076483       -0.0000293413
        0.0000074873       -0.0000528775        0.0004755753
        0.0002331790       -0.0004040019        0.0013795219
        0.0003422685       -0.0002841129        0.0002991906
       -0.0001746325       -0.0001960298        0.0003165640
       -0.0000022599       -0.0004489665       -0.0007334691
       -0.0029256496        0.0008898982        0.0136983048
        0.0005567720       -0.0005746216        0.0012285416
       -0.0530009803        0.0049170608        0.0339122439
        0.0003221858       -0.0000496559        0.0000875665
       -0.0005051831       -0.0005268064       -0.0000682622
       -0.0000522622        0.0001115863       -0.0001788765
       -0.0002718774        0.0024029780       -0.0000638121
       -0.0000631764        0.0000197819        0.0000486571
       -0.0001257287        0.0003920334       -0.0004250612
        0.0537950905       -0.0071814573       -0.0389611936
       -0.0029412281        0.0039190445        0.0203553106
        0.0051925846       -0.0037158830       -0.0287336866
        0.0000280119       -0.0001154639       -0.0001386948
       -0.0000147630        0.0000022118       -0.0000343995
        0.0000084638       -0.0000417402        0.0000068311
        0.0004119226        0.0015504040       -0.0040946441
        0.0053794735       -0.0061684172       -0.0330747851
       -0.0015703167        0.0015188768       -0.0006802370
        0.0037479714       -0.0488978603       -0.0275557910
       -0.0001469436        0.0002045072        0.0014294758
       -0.0004445785        0.0000808001        0.0019817202
       -0.0001181803       -0.0000648540        0.0001296891
        0.0022473285       -0.0055338075       -0.0001387578
        0.0000617877        0.0000247929        0.0001205209
        0.0004586998        0.0001048943        0.0006799608
       -0.0071814573        0.0545000798        0.0343696515
       -0.0016555700        0.0032101055        0.0230750793
       -0.0010970647       -0.0006191194        0.0035281572
       -0.0000912679        0.0001346076        0.0001401179
       -0.0000071559        0.0000120853        0.0000879753
        0.0000053516       -0.0000570953        0.0000018671
        0.0008584464        0.0000795617       -0.0025219981
        0.0005113840       -0.0012377706       -0.0069567240
       -0.0004751665        0.0004879206        0.0006485470
        0.0346443506       -0.0316328294       -0.3089808464
       -0.0000299300        0.0000540403        0.0008149833
       -0.0005039399        0.0015562060        0.0013836271
       -0.0000375271        0.0000027160        0.0003332480
        0.0005068563       -0.0007319977        0.0011780880
       -0.0000224120       -0.0001191371       -0.0000200576
        0.0004878809       -0.0000967004        0.0004556015
       -0.0389611936        0.0343696515        0.3343191199
       -0.0000094538       -0.0014896852       -0.0080171394
        0.0031075870       -0.0013464024       -0.0126123554
       -0.0001038947        0.0001565347       -0.0000239079
        0.0000162154       -0.0000451919        0.0000042665
        0.0000107971       -0.0000069160       -0.0000044524
       -0.0018666500        0.0033196954        0.0007591415
        0.0072267788        0.0094139933       -0.0051288454
        0.0004307218       -0.0000729330       -0.0000969995
       -0.1565810761       -0.1202221540        0.0571418577
        0.0009632315        0.0003981078        0.0001249998
        0.0008738245       -0.0001602068       -0.0006487830
        0.0002520854       -0.0000049243        0.0000327281
        0.0003835694       -0.0007144243       -0.0000098327
       -0.0000942403        0.0003196176        0.0000890030
        0.0000083500       -0.0000424840       -0.0001063364
       -0.0029412281       -0.0016555700       -0.0000094538
        0.1679286322        0.1291873475       -0.0627390722
       -0.0165645774       -0.0196960055        0.0106171694
        0.0000020183       -0.0000153086       -0.0000077463
        0.0000173876       -0.0000648126       -0.0000029356
       -0.0000388278        0.0000100616       -0.0000148945
        0.0053607174       -0.0044280470       -0.0018876791
       -0.0205710940       -0.0210014989        0.0119017787
       -0.0014797550        0.0013287118        0.0002742138
       -0.1179755955       -0.1746330014        0.0610911616
       -0.0019350462       -0.0009622230       -0.0001921258
       -0.0008894855        0.0002244995        0.0000410788
        0.0002137851        0.0001402850       -0.0003589068
       -0.0002386331        0.0009579733       -0.0005486982
        0.0009975734        0.0001909195        0.0000462806
        0.0001151469       -0.0000417343       -0.0000076483
        0.0039190445        0.0032101055       -0.0014896852
        0.1291873475        0.1914846512       -0.0666759770
        0.0033737809        0.0032545813       -0.0021671800
       -0.0000172495       -0.0000479646        0.0000004054
        0.0000145066        0.0000557109       -0.0000108473
       -0.0000750433        0.0002670310       -0.0000161713
        0.0018753273       -0.0021376477       -0.0021457579
       -0.0044261951       -0.0063254501        0.0011290949
       -0.0000263746        0.0002822797       -0.0000565949
        0.0566117788        0.0620195774       -0.0753783078
       -0.0004490448        0.0002075377        0.0006307797
       -0.0006411437        0.0010765916        0.0012958090
       -0.0002205891       -0.0000439744       -0.0000334949
       -0.0003860793        0.0004425975        0.0000731745
       -0.0002667004        0.0001825186        0.0002116011
        0.0000999140        0.0000974617       -0.0000293413
        0.0203553106        0.0230750793       -0.0080171394
       -0.0627390722       -0.0666759770        0.0775633069
       -0.0098136010       -0.0121481573        0.0048154990
        0.0000173942       -0.0000434723       -0.0000305356
       -0.0000137265        0.0000478930       -0.0000069348
        0.0000228018       -0.0000568576       -0.0000211587
        0.0002014892       -0.0009024740       -0.0000489523
       -0.0099720247       -0.0008787961       -0.0052621282
        0.0001292110        0.0027660867        0.0012813439
       -0.2510783413        0.0280014857       -0.1096705057
        0.0003516589        0.0006267733        0.0002997307
        0.0001582737        0.0003799430       -0.0002073617
       -0.0003518653       -0.0002968920       -0.0006934136
        0.0000942774       -0.0001270649        0.0002981309
        0.0004903586       -0.0000099262        0.0000660841
        0.0000581300       -0.0000933648        0.0000074873
        0.0051925846       -0.0010970647        0.0031075870
       -0.0165645774        0.0033737809       -0.0098136010
        0.2714166929       -0.0321429452        0.1205667644
       -0.0000073226       -0.0000079710        0.0000418082
       -0.0000886353        0.0002740271        0.0000276406
       -0.0000299098        0.0001344023       -0.0000006147
        0.0017074761        0.0026966686        0.0008039464
        0.0278930911       -0.0046504304        0.0164319272
        0.0005431177       -0.0060933854       -0.0021897117
        0.0250771466       -0.0508243350        0.0135108711
       -0.0004461118       -0.0002673154       -0.0006325685
       -0.0004544145       -0.0001762571        0.0002258652
        0.0018586291        0.0003841864        0.0010087005
       -0.0006976066        0.0012325162       -0.0001314741
        0.0001301111        0.0001789866       -0.0002280165
       -0.0002325500       -0.0000608398       -0.0000528775
       -0.0037158830       -0.0006191194       -0.0013464024
       -0.0196960055        0.0032545813       -0.0121481573
       -0.0321429452        0.0555112182       -0.0151171217
       -0.0000094483        0.0000364582       -0.0000640233
        0.0002729095       -0.0006449793       -0.0001218159
       -0.0000875163        0.0000420464        0.0000508585
       -0.0006941189        0.0004806967        0.0005321144
        0.0078823233       -0.0004979128        0.0026560848
        0.0001381907       -0.0012689255        0.0001034215
       -0.1110071768        0.0144947259       -0.1083070497
        0.0001865831        0.0002880743       -0.0001613312
        0.0005385544        0.0001351924       -0.0002885266
        0.0002384230       -0.0002382946        0.0006287719
        0.0002275790        0.0006954644        0.0003772295
       -0.0002538649       -0.0001591352       -0.0001179016
        0.0002806734       -0.0001537441        0.0004755753
       -0.0287336866        0.0035281572       -0.0126123554
        0.0106171694       -0.0021671800        0.0048154990
        0.1205667644       -0.0151171217        0.1119308025
       -0.0000595142        0.0001235472       -0.0000014834
        0.0000644810       -0.0001194014       -0.0000222192
        0.0000076197       -0.0000241427       -0.0000086316
        0.0000227140        0.0002876345        0.0016497691
        0.0007693356       -0.0003787387        0.0015509953
       -0.0027002991        0.0018086966        0.0121142882
        0.0000107702        0.0001088175       -0.0001461668
        0.0000416687       -0.0005887587       -0.0006254437
       -0.0001626951        0.0002261865       -0.0008431760
       -0.0517724327        0.0047244905        0.0313804092
       -0.0001193263        0.0001528492       -0.0003942959
        0.0002098279       -0.0003200734       -0.0006047872
       -0.0002019092        0.0025940805        0.0002331790
        0.0000280119       -0.0000912679       -0.0001038947
        0.0000020183       -0.0000172495        0.0000173942
       -0.0000073226       -0.0000094483       -0.0000595142
        0.0516299207       -0.0079458317       -0.0355665850
        0.0048520067       -0.0049182378       -0.0290117020
       -0.0026022891        0.0043668507        0.0204095305
        0.0001960292       -0.0001892223        0.0002946862
       -0.0010323672        0.0015215815       -0.0009546533
        0.0043492923       -0.0057119018       -0.0327508914
       -0.0001972095       -0.0000928762        0.0001214465
        0.0000530669        0.0000136841       -0.0000058127
       -0.0000942591        0.0002187598       -0.0000285399
        0.0048686646       -0.0537691694       -0.0392496031
        0.0004203318        0.0001170706        0.0006952310
       -0.0008022537        0.0011161686        0.0001621995
        0.0026275990       -0.0058873672       -0.0004040019
       -0.0001154639        0.0001346076        0.0001565347
       -0.0000153086       -0.0000479646       -0.0000434723
       -0.0000079710        0.0000364582        0.0001235472
       -0.0079458317        0.0592490080        0.0458802525
       -0.0010008865       -0.0006506187        0.0033635686
       -0.0013034326        0.0039417820        0.0226395083
        0.0000317172       -0.0004323692       -0.0011864379
       -0.0002630711        0.0003521472        0.0005290851
        0.0000715292       -0.0001154003       -0.0041919876
        0.0000540547        0.0000176578        0.0003747201
        0.0000323831        0.0004600363        0.0003970625
        0.0000675295       -0.0000838090        0.0007272431
        0.0322031156       -0.0406954853       -0.2987921680
        0.0007537128       -0.0002234262        0.0002545990
       -0.0001326010       -0.0004670905        0.0003222665
       -0.0001742391       -0.0009167660        0.0013795219
       -0.0001386948        0.0001401179       -0.0000239079
       -0.0000077463        0.0000004054       -0.0000305356
        0.0000418082       -0.0000640233       -0.0000014834
       -0.0355665850        0.0458802525        0.3243004093
        0.0028646647       -0.0017259047       -0.0133741716
        0.0001624224       -0.0021263427       -0.0106842154
        0.0007476660        0.0000933663       -0.0002496095
        0.0004192832        0.0021602577        0.0013244660
       -0.0090547482       -0.0007462158       -0.0048136228
       -0.0006190001       -0.0001954910       -0.0005291262
        0.0000013172        0.0002091022        0.0002453325
       -0.0000509184       -0.0000374339       -0.0000232718
       -0.2563990190        0.0244177897       -0.1077956352
        0.0001072733       -0.0000561756        0.0000271017
        0.0006863957        0.0000851403       -0.0000933193
       -0.0000720026       -0.0001901880        0.0003422685
       -0.0000147630       -0.0000071559        0.0000162154
        0.0000173876        0.0000145066       -0.0000137265
       -0.0000886353        0.0002729095        0.0000644810
        0.0048520067       -0.0010008865        0.0028646647
        0.2767520947       -0.0277944518        0.1182499366
       -0.0172843378        0.0027749263       -0.0096161551
       -0.0010489664       -0.0013502062       -0.0001673084
        0.0013500684       -0.0064375968       -0.0023051011
        0.0286733540       -0.0029832046        0.0158080060
        0.0018110908        0.0002036758        0.0009458888
        0.0001373418        0.0008073680        0.0002651311
        0.0002026834        0.0003324327       -0.0001950329
        0.0225345007       -0.0483848380        0.0116310418
       -0.0002372999       -0.0000187071       -0.0000803413
       -0.0006536383        0.0013477989        0.0006457319
       -0.0004509042        0.0012638553       -0.0002841129
        0.0000022118        0.0000120853       -0.0000451919
       -0.0000648126        0.0000557109        0.0000478930
        0.0002740271       -0.0006449793       -0.0001194014
       -0.0049182378       -0.0006506187       -0.0017259047
       -0.0277944518        0.0538888576       -0.0127220353
       -0.0198169670        0.0025583662       -0.0116992629
       -0.0000644941       -0.0002515706       -0.0005166556
        0.0004892500       -0.0008382967       -0.0000225343
        0.0066907403       -0.0008300739        0.0022237935
        0.0001856701       -0.0001581953        0.0004360420
       -0.0001411030        0.0001000889        0.0001154184
       -0.0000297888       -0.0000955039        0.0003731666
       -0.1084559313        0.0126467824       -0.1027252346
        0.0003087250       -0.0001358366        0.0003825204
       -0.0002274570        0.0004058376       -0.0000408226
        0.0001214699        0.0005568543        0.0002991906
       -0.0000343995        0.0000879753        0.0000042665
       -0.0000029356       -0.0000108473       -0.0000069348
        0.0000276406       -0.0001218159       -0.0000222192
       -0.0290117020        0.0033635686       -0.0133741716
        0.1182499366       -0.0127220353        0.1074898791
        0.0118943786       -0.0019969318        0.0053842958
       -0.0014992287        0.0011648948       -0.0005027206
        0.0011370114       -0.0000728866       -0.0003453021
        0.0085510671        0.0098854280       -0.0055493043
        0.0000689620        0.0000254905        0.0001206962
        0.0000244218        0.0000718677        0.0001857978
       -0.0000105325       -0.0000881306        0.0000569256
       -0.1504111377       -0.1147613110        0.0601064959
       -0.0000431984       -0.0000357258       -0.0000384268
       -0.0004908360        0.0031667749        0.0000355302
        0.0004278805       -0.0008755187       -0.0001746325
        0.0000084638        0.0000053516        0.0000107971
       -0.0000388278       -0.0000750433        0.0000228018
       -0.0000299098       -0.0000875163        0.0000076197
       -0.0026022891       -0.0013034326        0.0001624224
       -0.0172843378       -0.0198169670        0.0118943786
        0.1621924913        0.1227967242       -0.0659930789
        0.0005455069       -0.0005264511        0.0016234604
       -0.0017888755        0.0002944704        0.0000862333
       -0.0197097394       -0.0219441909        0.0115862605
        0.0001581597        0.0000150360       -0.0001363618
        0.0003839389        0.0005044591       -0.0000099083
        0.0001011428        0.0005707030       -0.0012004520
       -0.1126895222       -0.1731639937        0.0662146508
        0.0001198718       -0.0000505507        0.0000043796
        0.0031727820       -0.0051169504       -0.0013421074
       -0.0003344896        0.0012002966       -0.0001960298
       -0.0000417402       -0.0000570953       -0.0000069160
        0.0000100616        0.0002670310       -0.0000568576
        0.0001344023        0.0000420464       -0.0000241427
        0.0043668507        0.0039417820       -0.0021263427
        0.0027749263        0.0025583662       -0.0019969318
        0.1227967242        0.1914650416       -0.0724189347
        0.0002968067        0.0009952442        0.0021700607
        0.0003231704        0.0007003147       -0.0001914485
       -0.0047087812       -0.0049572341        0.0018045361
       -0.0001453058        0.0000165421       -0.0000063118
       -0.0002419075       -0.0010121655       -0.0009219246
       -0.0002081716        0.0000964030       -0.0008438744
        0.0599308811        0.0670886271       -0.0829265886
        0.0000529185        0.0000009739       -0.0000060033
        0.0005697762       -0.0016253344        0.0008117310
       -0.0006610053        0.0001387639        0.0003165640
        0.0000068311        0.0000018671       -0.0000044524
       -0.0000148945       -0.0000161713       -0.0000211587
       -0.0000006147        0.0000508585       -0.0000086316
        0.0204095305        0.0226395083       -0.0106842154
       -0.0096161551       -0.0116992629        0.0053842958
       -0.0659930789       -0.0724189347        0.0851274217
