   23   69
        0.5918032997       -0.0000284751        0.0000398100
       -0.0787720600       -0.0000049948       -0.0000044648
       -0.0787729348       -0.0000058898       -0.0000044199
       -0.0014041251       -0.0000010400       -0.0000008697
       -0.0014041402       -0.0000014697       -0.0000005349
       -0.0005680400       -0.0000013597       -0.0000012497
       -0.0005679448       -0.0000008794       -0.0000008649
       -0.2163857951       -0.0000105499        0.1190211350
       -0.2163850149       -0.0000109648       -0.1189782799
       -0.0000552950        0.0236023499       -0.0159541401
       -0.0000553501       -0.0236051801        0.0159517901
       -0.0000557847        0.0236019102        0.0159521304
       -0.0000553351       -0.0236047450       -0.0159540446
        0.0000525904       -0.0010911100        0.0001911852
        0.0000530704        0.0010897853       -0.0001928848
        0.0000534700       -0.0010914948       -0.0001928700
        0.0000530150        0.0010898100        0.0001906599
        0.0002980201       -0.0001244598        0.0002424002
        0.0002976850        0.0001231254       -0.0002448996
        0.0002985254       -0.0001240900       -0.0002445449
        0.0002980951        0.0001226351        0.0002431150
        0.0006275502       -0.0000012597       -0.0000008947
        0.0006271102       -0.0000008697       -0.0000013500
       -0.0000284751        0.4579822303        0.0000087047
       -0.0000050005       -0.1496101203        0.0561241197
       -0.0000055005       -0.1496109800       -0.0561062149
       -0.0000010104       -0.0282549451        0.0152543703
       -0.0000002001       -0.0282545099       -0.0152561500
       -0.0000004650       -0.0032854902       -0.0033261000
       -0.0000004550       -0.0032855399        0.0033241548
       -0.0000091202       -0.0451517701       -0.0000056951
       -0.0000083500       -0.0451517502       -0.0000052401
       -0.0007523352       -0.0027245355        0.0007337496
        0.0007509297       -0.0027249553        0.0007333847
       -0.0007528502       -0.0027245250       -0.0007350150
        0.0007505847       -0.0027249104       -0.0007349800
        0.0001664202        0.0019361997        0.0011732701
       -0.0001676352        0.0019357850        0.0011727698
        0.0001668599        0.0019358399       -0.0011741702
       -0.0001676602        0.0019358248       -0.0011741352
        0.0001214551       -0.0001050401       -0.0000429051
       -0.0001227554       -0.0001049949       -0.0000420650
        0.0001219800       -0.0001055403        0.0000416298
       -0.0001227301       -0.0001055150        0.0000415798
       -0.0000004499       -0.0009055199        0.0010107749
       -0.0000004201       -0.0009054801       -0.0010121650
        0.0000398100        0.0000087047        0.5351409300
       -0.0000031750        0.0562315248       -0.1202563652
       -0.0000043903       -0.0562136051       -0.1202558300
       -0.0000005002       -0.0148230902        0.0133750501
       -0.0000010002        0.0148197253        0.0133750549
       -0.0000005150       -0.0040256802       -0.0037706300
       -0.0000004451        0.0040250603       -0.0037703148
        0.1195105799       -0.0000060649       -0.1343713950
       -0.1194665600       -0.0000060601       -0.1343718000
        0.0007475899        0.0169234897       -0.0122734102
       -0.0007494401        0.0169234698       -0.0122733300
       -0.0007489547       -0.0169249100       -0.0122733550
        0.0007475299       -0.0169248199       -0.0122733198
        0.0001721904       -0.0009068449        0.0004074201
       -0.0001732150       -0.0009068748        0.0004068900
       -0.0001727753        0.0009054651        0.0004069599
        0.0001713451        0.0009062651        0.0004065197
        0.0002867651        0.0001221650        0.0000985901
       -0.0002882254        0.0001217251        0.0000985952
       -0.0002873549       -0.0001223353        0.0000990403
        0.0002872451       -0.0001223648        0.0000989402
       -0.0000013247       -0.0018218100        0.0009817950
       -0.0000008998        0.0018200350        0.0009813800
       -0.0787720600       -0.0000050005       -0.0000031750
        0.5918220404       -0.0000267153        0.0000402349
       -0.0014069252       -0.0000001151       -0.0000004752
       -0.0793457153       -0.0000049951       -0.0000030400
       -0.0007221053       -0.0000000549       -0.0000004550
       -0.0006848654       -0.0000001353        0.0000000099
        0.0006660298        0.0000004451       -0.0000004101
       -0.0000913752       -0.0236531403        0.0160195398
       -0.0000905854        0.0236529249       -0.0160192053
       -0.2161812554        0.0000823596       -0.1189486053
       -0.2161817102       -0.0001015903        0.1189923199
        0.0000577299        0.0010941298       -0.0002004799
        0.0000581997       -0.0010940352        0.0002008298
       -0.0001284150       -0.0237594054       -0.0162978401
       -0.0001288601        0.0237591499        0.0162977000
        0.0003300545        0.0000985696       -0.0002852602
        0.0003291450       -0.0000985301        0.0002852997
        0.0001309550        0.0012656596        0.0003743548
        0.0001310346       -0.0012655650       -0.0003742849
       -0.0000194652       -0.0000874903       -0.0000665051
       -0.0000194703        0.0000878700        0.0000673097
        0.0002506400        0.0000000801        0.0000004397
       -0.0000056852       -0.0000008004       -0.0000004553
       -0.0000049948       -0.1496101203        0.0562315248
       -0.0000267153        0.4588917801       -0.0004157300
       -0.0000001404       -0.0287587753        0.0152428001
       -0.0000059302       -0.1498261500       -0.0558175751
       -0.0000000853       -0.0027253350       -0.0035309449
       -0.0000001353       -0.0295697004       -0.0149207648
       -0.0000003649       -0.0006646997        0.0012779901
        0.0007347396       -0.0026941350        0.0007301549
       -0.0007344300       -0.0026945949        0.0007306349
        0.0000719197       -0.0452330201        0.0001062597
       -0.0000889003       -0.0452325702        0.0001063151
       -0.0001693002        0.0019363549        0.0011534249
        0.0001689747        0.0019359649        0.0011529502
        0.0006225102       -0.0028250653       -0.0008988300
       -0.0006224749       -0.0028250651       -0.0008980399
       -0.0001575202       -0.0001012151        0.0000053251
        0.0001578800       -0.0001003949        0.0000052947
       -0.0001280401        0.0020527798       -0.0012255049
        0.0001272397        0.0020523851       -0.0012251098
        0.0000536551        0.0000361050       -0.0000091151
       -0.0000535749        0.0000357701       -0.0000091450
       -0.0000004999       -0.0036653250        0.0025296799
       -0.0000003800       -0.0004171551       -0.0003095499
       -0.0000044648        0.0561241197       -0.1202563652
        0.0000402349       -0.0004157300        0.5361161902
       -0.0000009402       -0.0152464702        0.0136864398
       -0.0000043653       -0.0571909851       -0.1200612650
       -0.0000005454       -0.0034732000       -0.0043588801
       -0.0000013804        0.0165671898        0.0124804700
       -0.0000008802       -0.0015624448        0.0014417850
       -0.0007348754        0.0169348900       -0.0123188352
        0.0007330900        0.0169348451       -0.0123183503
       -0.1194514351        0.0001450448       -0.1342708950
        0.1194942246        0.0001441745       -0.1342712650
       -0.0001561000       -0.0009192351        0.0003990002
        0.0001534048       -0.0009191351        0.0003986102
        0.0006425353       -0.0171106453       -0.0125457350
       -0.0006446700       -0.0171110452       -0.0125454051
       -0.0003183803        0.0000949998        0.0001008848
        0.0003169549        0.0000953750        0.0001003696
        0.0003146602        0.0008213348        0.0005678550
       -0.0003164203        0.0008208852        0.0005678552
        0.0000629748        0.0001001149        0.0000142700
       -0.0000639400        0.0001001951        0.0000142398
       -0.0000017752        0.0057739251       -0.0026165353
       -0.0000008802       -0.0007147401       -0.0003446499
       -0.0787729348       -0.0000055005       -0.0000043903
       -0.0014069252       -0.0000001404       -0.0000009402
        0.5918237804       -0.0000284351        0.0000390051
       -0.0007230054       -0.0000009251       -0.0000003948
       -0.0793462152       -0.0000063500       -0.0000043252
        0.0006646499       -0.0000013051       -0.0000007952
       -0.0006861453       -0.0000009800       -0.0000013651
       -0.0000921952        0.0236520998        0.0160186298
       -0.0000914551       -0.0236540302       -0.0160200551
        0.0000573098        0.0010932845        0.0001994997
        0.0000572547       -0.0010958001       -0.0002017151
       -0.2161821502        0.0000810249        0.1189918848
       -0.2161825702       -0.0001024301       -0.1189489799
        0.0003287349        0.0000981345        0.0002840349
        0.0003283449       -0.0000993953       -0.0002865602
       -0.0001288703       -0.0237610902        0.0162968900
       -0.0001293552        0.0237582950       -0.0162991503
       -0.0000208252       -0.0000882952        0.0000656451
       -0.0000211602        0.0000865697       -0.0000677798
        0.0001306051        0.0012647197       -0.0003751953
        0.0001305901       -0.0012664802        0.0003738549
       -0.0000061002       -0.0000012301       -0.0000008802
        0.0002496949       -0.0000008552       -0.0000009200
       -0.0000058898       -0.1496109800       -0.0562136051
       -0.0000001151       -0.0287587753       -0.0152464702
       -0.0000284351        0.4588935201        0.0004317701
       -0.0000009001       -0.0027265901        0.0035297901
       -0.0000059802       -0.1498270700        0.0558363800
       -0.0000013202       -0.0006659351       -0.0012789101
       -0.0000009251       -0.0295706548        0.0149170799
       -0.0007364653       -0.0026950602       -0.0007317300
        0.0007342649       -0.0026954902       -0.0007309200
       -0.0001705050        0.0019354997       -0.0011544202
        0.0001680147        0.0019354746       -0.0011547999
        0.0000714550       -0.0452334800       -0.0001173700
       -0.0000897251       -0.0452333799       -0.0001182201
       -0.0001588350       -0.0001012302       -0.0000066251
        0.0001571149       -0.0001025450       -0.0000061848
        0.0006216146       -0.0028258950        0.0008968297
       -0.0006238750       -0.0028254900        0.0008967598
        0.0000522903        0.0000348550        0.0000077901
       -0.0000544202        0.0000352702        0.0000073902
       -0.0001283698        0.0020518650        0.0012245599
        0.0001271653        0.0020518749        0.0012241350
       -0.0000007898       -0.0004179896        0.0003082098
       -0.0000008899       -0.0036661950       -0.0025303851
       -0.0000044199       -0.0561062149       -0.1202558300
       -0.0000004752        0.0152428001        0.0136864398
        0.0000390051        0.0004317701        0.5361161300
       -0.0000013600        0.0034711249       -0.0043592198
       -0.0000040004        0.0572080700       -0.1200621600
       -0.0000013199        0.0015610451        0.0014410253
       -0.0000009049       -0.0165713496        0.0124809000
       -0.0007348402       -0.0169371350       -0.0123187849
        0.0007327449       -0.0169367348       -0.0123187800
        0.0001538450        0.0009174349        0.0003985650
       -0.0001556853        0.0009169949        0.0003990601
        0.1194938352       -0.0001579249       -0.1342704348
       -0.1194514201       -0.0001579102       -0.1342704050
        0.0003170652       -0.0000972301        0.0001009300
       -0.0003187847       -0.0000971798        0.0001008098
       -0.0006442653        0.0171088649       -0.0125457299
        0.0006420501        0.0171091801       -0.0125453752
       -0.0000644047       -0.0001011350        0.0000134801
        0.0000617447       -0.0001015400        0.0000139653
       -0.0003160099       -0.0008223302        0.0005682750
        0.0003151550       -0.0008223148        0.0005683000
       -0.0000008799        0.0007125652       -0.0003442102
       -0.0000012801       -0.0057762350       -0.0026169400
       -0.0014041251       -0.0000010104       -0.0000005002
       -0.0793457153       -0.0000059302       -0.0000043653
       -0.0007230054       -0.0000009001       -0.0000013600
        0.5971077803       -0.0000286502        0.0000401252
        0.0007004996       -0.0000008953       -0.0000004852
       -0.0796186902       -0.0000062403       -0.0000042300
       -0.0000363752       -0.0000008549       -0.0000012503
        0.0000623547       -0.0010847000       -0.0001944403
        0.0000627250        0.0010817348        0.0001931198
       -0.0001594651       -0.0236718202       -0.0161397654
       -0.0001595552        0.0236697747        0.0161374248
        0.0003250949       -0.0000977451       -0.0002756352
        0.0003251048        0.0000952298        0.0002734149
       -0.2185532901       -0.0000057003       -0.1203777450
       -0.2185536403       -0.0000155902        0.1204208948
       -0.0000250154        0.0000819850       -0.0000652301
       -0.0000255201       -0.0000836550        0.0000630547
        0.0008077600        0.0240045549       -0.0161500850
        0.0008078345       -0.0240065100        0.0161474051
        0.0000040450       -0.0000085052        0.0000087297
        0.0000036098        0.0000062400       -0.0000100951
       -0.0016239852       -0.0000008902       -0.0000009501
        0.0000005397       -0.0000008703       -0.0000012804
       -0.0000010400       -0.0282549451       -0.0148230902
       -0.0000049951       -0.1498261500       -0.0571909851
       -0.0000009251       -0.0027265901        0.0034711249
       -0.0000286502        0.4568944701       -0.0051363850
       -0.0000005201       -0.0004733150       -0.0013496700
       -0.0000058151       -0.1577255551        0.0588443052
       -0.0000016800       -0.0003823098        0.0003855399
        0.0001755598        0.0018898851       -0.0011354803
       -0.0001768501        0.0018894949       -0.0011353850
        0.0009321451       -0.0028395652       -0.0007007253
       -0.0009340104       -0.0028400603       -0.0007007353
        0.0001472202       -0.0000967651        0.0000044599
       -0.0001493601       -0.0000966600        0.0000040401
        0.0003693501       -0.0456539601        0.0002587450
       -0.0003877750       -0.0456544348        0.0002586950
       -0.0000604001        0.0000270299        0.0000116549
        0.0000585800        0.0000274198        0.0000116199
       -0.0006011700       -0.0019005600        0.0003672150
        0.0005992098       -0.0019006151        0.0003668302
        0.0000157502        0.0000218247        0.0000057400
       -0.0000166449        0.0000218301        0.0000057250
       -0.0000011798       -0.0202781547        0.0182622750
       -0.0000008899       -0.0001417550       -0.0000901150
       -0.0000008697        0.0152543703        0.0133750501
       -0.0000030400       -0.0558175751       -0.1200612650
       -0.0000003948        0.0035297901       -0.0043592198
        0.0000401252       -0.0051363850        0.5390586097
       -0.0000000199        0.0013487252        0.0016002252
       -0.0000039049        0.0566195152       -0.1206744295
       -0.0000003249        0.0005090203       -0.0005526400
       -0.0001570049        0.0009084101        0.0004175851
        0.0001562151        0.0009079702        0.0004176050
        0.0006952101       -0.0170308201       -0.0124530399
       -0.0006968602       -0.0170304602       -0.0124529498
       -0.0003178749       -0.0000877000        0.0000977252
        0.0003171201       -0.0000871648        0.0000972753
       -0.1212082398        0.0000181151       -0.1363521096
        0.1212523603        0.0000172054       -0.1363526349
        0.0000639753       -0.0000825148        0.0000290854
       -0.0000647597       -0.0000821098        0.0000294250
        0.0011549554        0.0166524552       -0.0123226997
       -0.0011562949        0.0166520201       -0.0123226945
       -0.0000260445       -0.0000223997        0.0000154103
        0.0000256853       -0.0000227797        0.0000153452
       -0.0000012699       -0.0173101046        0.0126275401
       -0.0000012147        0.0002985450        0.0001131403
       -0.0014041402       -0.0000002001       -0.0000010002
       -0.0007221053       -0.0000000853       -0.0000005454
       -0.0793462152       -0.0000059802       -0.0000040004
        0.0007004996       -0.0000005201       -0.0000000199
        0.5971069504       -0.0000278200        0.0000400749
       -0.0000360154       -0.0000008953       -0.0000008251
       -0.0796182402       -0.0000050250       -0.0000043102
        0.0000631547        0.0010820847       -0.0001940603
        0.0000631047       -0.0010834199        0.0001935348
        0.0003260348       -0.0000969203        0.0002737747
        0.0003255246        0.0000959895       -0.0002756201
       -0.0001595100       -0.0236714553        0.0161378199
       -0.0001590902        0.0236694396       -0.0161393152
       -0.0000246249        0.0000828146        0.0000631249
       -0.0000245350       -0.0000833151       -0.0000644152
       -0.2185524303       -0.0000065202        0.1204213598
       -0.2185528851       -0.0000147000       -0.1203778103
        0.0000035348       -0.0000071600       -0.0000100800
        0.0000032145        0.0000066848        0.0000091501
        0.0008086948        0.0240052998        0.0161482399
        0.0008086451       -0.0240061601       -0.0161488802
        0.0000009800       -0.0000008652       -0.0000009103
       -0.0016239903       -0.0000009453       -0.0000005500
       -0.0000014697       -0.0282545099        0.0148197253
       -0.0000000549       -0.0027253350       -0.0034732000
       -0.0000063500       -0.1498270700        0.0572080700
       -0.0000008953       -0.0004733150        0.0013487252
       -0.0000278200        0.4568945099        0.0051543651
       -0.0000013600       -0.0003828148       -0.0003872998
       -0.0000061797       -0.1577251496       -0.0588272647
       -0.0001776351        0.0018898854        0.0011331952
        0.0001755001        0.0018893951        0.0011335803
        0.0001467350       -0.0000971102       -0.0000058949
       -0.0001490551       -0.0000971352       -0.0000063199
        0.0009316150       -0.0028400652        0.0006982000
       -0.0009339848       -0.0028396150        0.0006973352
       -0.0000608398        0.0000270001       -0.0000133849
        0.0000586704        0.0000269702       -0.0000139150
        0.0003697349       -0.0456543998       -0.0002710297
       -0.0003878199       -0.0456539951       -0.0002714751
        0.0000152551        0.0000218452       -0.0000079700
       -0.0000179051        0.0000217852       -0.0000075147
       -0.0006007096       -0.0019006899       -0.0003688851
        0.0005996503       -0.0019014897       -0.0003693350
       -0.0000012901       -0.0001409148        0.0000882599
       -0.0000020350       -0.0202777250       -0.0182665548
       -0.0000005349       -0.0152561500        0.0133750549
       -0.0000004550       -0.0035309449       -0.0043588801
       -0.0000043252        0.0558363800       -0.1200621600
       -0.0000004852       -0.0013496700        0.0016002252
        0.0000400749        0.0051543651        0.5390587000
       -0.0000004303       -0.0005094651       -0.0005530347
       -0.0000043201       -0.0565990996       -0.1206744898
       -0.0001570953       -0.0009096900        0.0004170550
        0.0001561750       -0.0009096749        0.0004175848
        0.0003166198        0.0000860146        0.0000967600
       -0.0003179653        0.0000864148        0.0000972449
       -0.0006973147        0.0170290198       -0.0124526451
        0.0006956350        0.0170290849       -0.0124534350
       -0.0000651551        0.0000820501        0.0000290001
        0.0000638900        0.0000812250        0.0000289501
        0.1212523100       -0.0000300102       -0.1363517649
       -0.1212087301       -0.0000300150       -0.1363518103
        0.0000251501        0.0000223849        0.0000149299
       -0.0000265351        0.0000223650        0.0000149052
       -0.0011562949       -0.0166524700       -0.0123219098
        0.0011549798       -0.0166528847       -0.0123227900
       -0.0000008600       -0.0003006349        0.0001131198
       -0.0000009049        0.0173077999        0.0126266900
       -0.0005680400       -0.0000004650       -0.0000005150
       -0.0006848654       -0.0000001353       -0.0000013804
        0.0006646499       -0.0000013202       -0.0000013199
       -0.0796186902       -0.0000058151       -0.0000039049
       -0.0000360154       -0.0000013600       -0.0000004303
        0.5722766502       -0.0000343351        0.0000363400
        0.0000094249       -0.0000008296       -0.0000008552
        0.0003277597        0.0001419551       -0.0002932251
        0.0003276799       -0.0001440100        0.0002920046
        0.0001974149       -0.0009229302        0.0003763549
        0.0001973697        0.0009212897       -0.0003785200
       -0.0000243202       -0.0000868800       -0.0000618499
       -0.0000239001        0.0000847999        0.0000606300
        0.0009712349        0.0240446948       -0.0150189749
        0.0009712699       -0.0240467301        0.0150171650
        0.0000066748        0.0000046097        0.0000061948
        0.0000062050       -0.0000058148       -0.0000082852
       -0.2233892701        0.0036241599       -0.1246907300
       -0.2233892053       -0.0036466750        0.1247332452
       -0.0000038801        0.0000003098        0.0000002899
       -0.0000034450       -0.0000020950       -0.0000016402
       -0.0482245900       -0.0000098299       -0.0000052353
       -0.0000063150       -0.0000012102       -0.0000008802
       -0.0000013597       -0.0032854902       -0.0040256802
       -0.0000001353       -0.0295697004        0.0165671898
       -0.0000013051       -0.0006659351        0.0015610451
       -0.0000062403       -0.1577255551        0.0566195152
       -0.0000008953       -0.0003828148       -0.0005094651
       -0.0000343351        0.5116725703        0.0507845550
       -0.0000007901       -0.0001396501        0.0001685098
       -0.0001610803       -0.0000694700       -0.0000110600
        0.0001598949       -0.0000690602       -0.0000101801
        0.0000260448        0.0019315448        0.0011163499
       -0.0000281003        0.0019315749        0.0011169450
        0.0000680501        0.0000327898       -0.0000147651
       -0.0000696653        0.0000332648       -0.0000147750
       -0.0006838749       -0.0019063850        0.0003584049
        0.0006817351       -0.0019068500        0.0003587400
       -0.0000255253        0.0000189249       -0.0000016902
        0.0000242849        0.0000197500       -0.0000016550
        0.0039531750       -0.0471038652        0.0016938299
       -0.0039727004       -0.0471034201        0.0016946649
        0.0000072751        0.0000071248       -0.0000068999
       -0.0000080851        0.0000066851       -0.0000068951
       -0.0000118700       -0.2256596051       -0.1273799251
       -0.0000007751       -0.0000822402       -0.0000373953
       -0.0000012497       -0.0033261000       -0.0037706300
        0.0000000099       -0.0149207648        0.0124804700
       -0.0000007952       -0.0012789101        0.0014410253
       -0.0000042300        0.0588443052       -0.1206744295
       -0.0000008251       -0.0003872998       -0.0005530347
        0.0000363400        0.0507845550        0.5429199598
       -0.0000007248       -0.0001705845        0.0001953302
       -0.0003120252        0.0000322902        0.0001085300
        0.0003095553        0.0000318551        0.0001089501
        0.0002970850       -0.0007399552        0.0006320198
       -0.0002987602       -0.0007400152        0.0006321301
        0.0000555602        0.0000827200        0.0000282603
       -0.0000576702        0.0000818852        0.0000282751
        0.0016261600        0.0177948399       -0.0112375048
       -0.0016286049        0.0177935752       -0.0112376196
       -0.0000257799        0.0000076250        0.0000035050
        0.0000237353        0.0000076500        0.0000039000
       -0.1249292299        0.0014013301       -0.1370469599
        0.1249716547        0.0014013651       -0.1370469047
        0.0000110202        0.0000093900       -0.0000107801
       -0.0000117899        0.0000094002       -0.0000108000
       -0.0000067845       -0.1265775398       -0.1369706550
       -0.0000007998       -0.0001176701       -0.0000405248
       -0.0005679448       -0.0000004550       -0.0000004451
        0.0006660298       -0.0000003649       -0.0000008802
       -0.0006861453       -0.0000009251       -0.0000009049
       -0.0000363752       -0.0000016800       -0.0000003249
       -0.0796182402       -0.0000061797       -0.0000043201
        0.0000094249       -0.0000007901       -0.0000007248
        0.5722765701       -0.0000334646        0.0000363198
        0.0003278149       -0.0001443902       -0.0002932350
        0.0003277350        0.0001423700        0.0002920649
       -0.0000238202       -0.0000868053        0.0000605749
       -0.0000243401        0.0000847797       -0.0000626900
        0.0001974402       -0.0009228651       -0.0003785200
        0.0001974249        0.0009209697        0.0003768452
        0.0000062201        0.0000046299       -0.0000077750
        0.0000058299       -0.0000062400        0.0000057949
        0.0009716797        0.0240443501        0.0150172150
        0.0009712400       -0.0240462401       -0.0150197954
       -0.0000038551        0.0000012801       -0.0000027998
       -0.0000042905       -0.0000024500       -0.0000000298
       -0.2233891601        0.0036249799        0.1247336900
       -0.2233892099       -0.0036458349       -0.1246907300
       -0.0000071151       -0.0000007947       -0.0000004201
       -0.0482245852       -0.0000098251       -0.0000055550
       -0.0000008794       -0.0032855399        0.0040250603
        0.0000004451       -0.0006646997       -0.0015624448
       -0.0000009800       -0.0295706548       -0.0165713496
       -0.0000008549       -0.0003823098        0.0005090203
       -0.0000050250       -0.1577251496       -0.0565990996
       -0.0000008296       -0.0001396501       -0.0001705845
       -0.0000334646        0.5116717296       -0.0507441598
        0.0001599651       -0.0000694496        0.0000089503
       -0.0001611497       -0.0000685998        0.0000089801
        0.0000680902        0.0000336752        0.0000134452
       -0.0000697898        0.0000332452        0.0000131050
        0.0000264353        0.0019319850       -0.0011178147
       -0.0000280599        0.0019320504       -0.0011181746
       -0.0000255147        0.0000201354       -0.0000003547
        0.0000243455        0.0000197852        0.0000000404
       -0.0006826048       -0.0019067647       -0.0003601548
        0.0006812351       -0.0019063546       -0.0003605999
        0.0000072350        0.0000075701        0.0000056505
       -0.0000080348        0.0000071202        0.0000055604
        0.0039536855       -0.0471030700       -0.0017057999
       -0.0039714448       -0.0471029645       -0.0017058298
       -0.0000003297       -0.0000818397        0.0000365151
       -0.0000110248       -0.2256596147        0.1274201401
       -0.0000008649        0.0033241548       -0.0037703148
       -0.0000004101        0.0012779901        0.0014417850
       -0.0000013651        0.0149170799        0.0124809000
       -0.0000012503        0.0003855399       -0.0005526400
       -0.0000043102       -0.0588272647       -0.1206744898
       -0.0000008552        0.0001685098        0.0001953302
        0.0000363198       -0.0507441598        0.5429200399
       -0.0003120252       -0.0000339452        0.0001084300
        0.0003099100       -0.0000340000        0.0001089302
       -0.0000576600       -0.0000843502        0.0000282100
        0.0000559348       -0.0000848300        0.0000282250
       -0.0002991899        0.0007384000        0.0006316199
        0.0002970251        0.0007383952        0.0006316151
        0.0000236651       -0.0000093300        0.0000035300
       -0.0000253348       -0.0000093050        0.0000034203
       -0.0016282101       -0.0177961547       -0.0112375599
        0.0016265400       -0.0177957449       -0.0112375901
       -0.0000127099       -0.0000107201       -0.0000112098
        0.0000105550       -0.0000106499       -0.0000111748
        0.1249724551       -0.0014134852       -0.1370470599
       -0.1249287948       -0.0014129998       -0.1370466398
       -0.0000012398        0.0001155800       -0.0000401550
       -0.0000059501        0.1266176849       -0.1369706899
       -0.2163857951       -0.0000091202        0.1195105799
       -0.0000913752        0.0007347396       -0.0007348754
       -0.0000921952       -0.0007364653       -0.0007348402
        0.0000623547        0.0001755598       -0.0001570049
        0.0000631547       -0.0001776351       -0.0001570953
        0.0003277597       -0.0001610803       -0.0003120252
        0.0003278149        0.0001599651       -0.0003120252
        0.2320166305       -0.0000095952       -0.1328214654
       -0.0210845653       -0.0000014452        0.0161467247
        0.0006644947       -0.0004092604        0.0000409545
        0.0017183294        0.0001460097       -0.0001492552
        0.0017188248       -0.0001481553       -0.0001488252
        0.0006644646        0.0004068298        0.0000414298
       -0.0000623601       -0.0000134003        0.0000863349
        0.0001580847       -0.0006217454       -0.0001483602
        0.0001585397        0.0006192397       -0.0001478853
       -0.0000628452        0.0000117299        0.0000862997
       -0.0000202752        0.0000175899       -0.0000004900
       -0.0000227456        0.0001882498       -0.0000753698
       -0.0000222701       -0.0001891303       -0.0000754002
       -0.0000193654       -0.0000184201        0.0000006847
       -0.0000176800       -0.0000916199        0.0000434795
       -0.0000177351        0.0000900445        0.0000430947
       -0.0000105499       -0.0451517701       -0.0000060649
       -0.0236531403       -0.0026941350        0.0169348900
        0.0236520998       -0.0026950602       -0.0169371350
       -0.0010847000        0.0018898851        0.0009084101
        0.0010820847        0.0018898854       -0.0009096900
        0.0001419551       -0.0000694700        0.0000322902
       -0.0001443902       -0.0000694496       -0.0000339452
       -0.0000095952        0.0553021800       -0.0000051401
       -0.0000011150       -0.0009403598       -0.0000004201
        0.0004055150        0.0011589097       -0.0006993352
        0.0001468646       -0.0046902352        0.0032346600
       -0.0001491949       -0.0046906652       -0.0032361098
       -0.0004080303        0.0011593849        0.0006972053
       -0.0000144249       -0.0000281651       -0.0000961600
        0.0006182600       -0.0002797950       -0.0004789499
       -0.0006195052       -0.0002797799        0.0004772949
        0.0000122648       -0.0000282000        0.0000935950
       -0.0000128401        0.0000154850        0.0000180003
        0.0001743746        0.0000959650       -0.0001987198
       -0.0001760498        0.0000967498        0.0001970452
        0.0000110401        0.0000154250       -0.0000193450
        0.0000829851       -0.0000122949       -0.0000791999
       -0.0000850449       -0.0000122600        0.0000778300
        0.1190211350       -0.0000056951       -0.1343713950
        0.0160195398        0.0007301549       -0.0123188352
        0.0160186298       -0.0007317300       -0.0123187849
       -0.0001944403       -0.0011354803        0.0004175851
       -0.0001940603        0.0011331952        0.0004170550
       -0.0002932251       -0.0000110600        0.0001085300
       -0.0002932350        0.0000089503        0.0001084300
       -0.1328214654       -0.0000051401        0.1486032102
       -0.0161491351       -0.0000017451        0.0110383547
       -0.0000464900       -0.0007044503        0.0001667701
       -0.0001538555        0.0032425746       -0.0016935650
       -0.0001537649       -0.0032448551       -0.0016932049
       -0.0000465153        0.0007024050        0.0001667902
       -0.0000874098        0.0000966497        0.0000232600
       -0.0001441501        0.0004776700        0.0005973800
       -0.0001441103       -0.0004793799        0.0005966049
       -0.0000866100       -0.0000975251        0.0000227948
        0.0000046001        0.0000145849       -0.0000587150
       -0.0000648902       -0.0002090448        0.0000785002
       -0.0000648549        0.0002081697        0.0000788901
        0.0000050451       -0.0000154847       -0.0000579050
       -0.0000539850        0.0000258504        0.0000359248
       -0.0000535852       -0.0000279852        0.0000354899
       -0.2163850149       -0.0000083500       -0.1194665600
       -0.0000905854       -0.0007344300        0.0007330900
       -0.0000914551        0.0007342649        0.0007327449
        0.0000627250       -0.0001768501        0.0001562151
        0.0000631047        0.0001755001        0.0001561750
        0.0003276799        0.0001598949        0.0003095553
        0.0003277350       -0.0001611497        0.0003099100
       -0.0210845653       -0.0000011150       -0.0161491351
        0.2320159001       -0.0000096500        0.1328643447
        0.0017187949       -0.0001477301        0.0001474098
        0.0006651899        0.0004067397       -0.0000427303
        0.0006652402       -0.0004081153       -0.0000427801
        0.0017191698        0.0001464099        0.0001474851
        0.0001580003        0.0006200148        0.0001462249
       -0.0000619951        0.0000124749       -0.0000880550
       -0.0000615702       -0.0000134051       -0.0000875301
        0.0001584351       -0.0006204900        0.0001465747
       -0.0000220351       -0.0001887003        0.0000740852
       -0.0000193552       -0.0000179551       -0.0000015598
       -0.0000193700        0.0000178397       -0.0000012352
       -0.0000219649        0.0001882253        0.0000740499
       -0.0000172699        0.0000899300       -0.0000439800
       -0.0000177852       -0.0000912652       -0.0000448750
       -0.0000109648       -0.0451517502       -0.0000060601
        0.0236529249       -0.0026945949        0.0169348451
       -0.0236540302       -0.0026954902       -0.0169367348
        0.0010817348        0.0018894949        0.0009079702
       -0.0010834199        0.0018893951       -0.0009096749
       -0.0001440100       -0.0000690602        0.0000318551
        0.0001423700       -0.0000685998       -0.0000340000
       -0.0000014452       -0.0009403598       -0.0000017451
       -0.0000096500        0.0553021800       -0.0000050852
       -0.0001487300       -0.0046910750        0.0032337547
       -0.0004085751        0.0011592849       -0.0006997200
        0.0004054951        0.0011593849        0.0006976248
        0.0001469900       -0.0046902201       -0.0032365148
       -0.0006199699       -0.0002793900       -0.0004789351
        0.0000127301       -0.0000290751       -0.0000966250
       -0.0000139451       -0.0000290402        0.0000940500
        0.0006182401       -0.0002793948        0.0004771800
       -0.0001765000        0.0000968498       -0.0001987749
        0.0000106547        0.0000150303        0.0000180452
       -0.0000123200        0.0000149947       -0.0000193199
        0.0001747699        0.0000967702        0.0001975050
       -0.0000855101       -0.0000119047       -0.0000792002
        0.0000834251       -0.0000118800        0.0000777951
       -0.1189782799       -0.0000052401       -0.1343718000
       -0.0160192053        0.0007306349       -0.0123183503
       -0.0160200551       -0.0007309200       -0.0123187800
        0.0001931198       -0.0011353850        0.0004176050
        0.0001935348        0.0011335803        0.0004175848
        0.0002920046       -0.0000101801        0.0001089501
        0.0002920649        0.0000089801        0.0001089302
        0.0161467247       -0.0000004201        0.0110383547
        0.1328643447       -0.0000050852        0.1486022802
        0.0001520749        0.0032430847       -0.0016936252
        0.0000451345       -0.0007040504        0.0001668201
        0.0000447551        0.0007033097        0.0001672200
        0.0001520149       -0.0032443452       -0.0016931148
        0.0001424252        0.0004785247        0.0005979550
        0.0000848749        0.0000967151        0.0000232097
        0.0000857597       -0.0000979099        0.0000232649
        0.0001429100       -0.0004785750        0.0005978998
        0.0000635600       -0.0002090550        0.0000789049
       -0.0000063153        0.0000150700       -0.0000577947
       -0.0000062448       -0.0000151005       -0.0000579050
        0.0000640301        0.0002082101        0.0000792949
        0.0000514501        0.0000263003        0.0000367399
        0.0000522701       -0.0000275651        0.0000363448
       -0.0000552950       -0.0007523352        0.0007475899
       -0.2161812554        0.0000719197       -0.1194514351
        0.0000573098       -0.0001705050        0.0001538450
       -0.0001594651        0.0009321451        0.0006952101
        0.0003260348        0.0001467350        0.0003166198
        0.0001974149        0.0000260448        0.0002970850
       -0.0000238202        0.0000680902       -0.0000576600
        0.0006644947        0.0004055150       -0.0000464900
        0.0017187949       -0.0001487300        0.0001520749
        0.2318381001       -0.0001010852        0.1327880648
       -0.0211120303       -0.0000115153       -0.0161488902
       -0.0000600548        0.0000101949       -0.0000866450
        0.0001521798        0.0006126149        0.0001349451
        0.0017641150        0.0001287947        0.0001919901
        0.0006731599       -0.0004048701       -0.0000566550
       -0.0000213450       -0.0000133201        0.0000027697
       -0.0000175200       -0.0001915501        0.0000775398
        0.0000562198       -0.0006268851        0.0001004750
       -0.0000822001        0.0000023351       -0.0000727948
       -0.0000081951        0.0000008697       -0.0000020950
        0.0000148802        0.0000189749       -0.0000044352
        0.0002380102       -0.0000670801        0.0002730647
        0.0000021450        0.0000243648        0.0000181998
        0.0236023499       -0.0027245355        0.0169234897
        0.0000823596       -0.0452330201        0.0001450448
        0.0010932845        0.0019354997        0.0009174349
       -0.0236718202       -0.0028395652       -0.0170308201
       -0.0000969203       -0.0000971102        0.0000860146
       -0.0009229302        0.0019315448       -0.0007399552
       -0.0000868053        0.0000336752       -0.0000843502
       -0.0004092604        0.0011589097       -0.0007044503
       -0.0001477301       -0.0046910750        0.0032430847
       -0.0001010852        0.0552531105       -0.0001047803
        0.0000093496       -0.0009342054       -0.0000022453
        0.0000101349       -0.0000284402       -0.0000939852
       -0.0006155102       -0.0002818203       -0.0004741750
        0.0000848598       -0.0047416054       -0.0033683102
        0.0003972548        0.0011615947        0.0007233550
        0.0000124197        0.0000135546        0.0000135347
       -0.0001974203        0.0000834851       -0.0002097602
        0.0006353298       -0.0002278654        0.0005203398
       -0.0000216104       -0.0000446951        0.0000942600
        0.0000013796       -0.0000019853        0.0000001748
       -0.0000170454       -0.0000605502       -0.0000366603
        0.0003232398        0.0003012951        0.0001398797
       -0.0000043352        0.0000176198        0.0000110495
       -0.0159541401        0.0007337496       -0.0122734102
       -0.1189486053        0.0001062597       -0.1342708950
        0.0001994997       -0.0011544202        0.0003985650
       -0.0161397654       -0.0007007253       -0.0124530399
        0.0002737747       -0.0000058949        0.0000967600
        0.0003763549        0.0011163499        0.0006320198
        0.0000605749        0.0000134452        0.0000282100
        0.0000409545       -0.0006993352        0.0001667701
        0.0001474098        0.0032337547       -0.0016936252
        0.1327880648       -0.0001047803        0.1485938003
        0.0161456296       -0.0000018653        0.0109909698
        0.0000847697        0.0000926198        0.0000233146
        0.0001348397        0.0004724447        0.0005822400
        0.0001933000       -0.0032643652       -0.0016858803
        0.0000353299        0.0007196851        0.0001665947
       -0.0000055803        0.0000126400       -0.0000562702
        0.0000774048       -0.0002040500        0.0000921946
        0.0000915600       -0.0004758152        0.0005788050
        0.0000886797       -0.0001087901        0.0000251299
        0.0000003601       -0.0000007904       -0.0000011249
       -0.0000034299        0.0000359202        0.0000174899
        0.0003361950        0.0001480402        0.0000301199
       -0.0000064801        0.0000057096       -0.0000071651
       -0.0000553501        0.0007509297       -0.0007494401
       -0.2161817102       -0.0000889003        0.1194942246
        0.0000572547        0.0001680147       -0.0001556853
       -0.0001595552       -0.0009340104       -0.0006968602
        0.0003255246       -0.0001490551       -0.0003179653
        0.0001973697       -0.0000281003       -0.0002987602
       -0.0000243401       -0.0000697898        0.0000559348
        0.0017183294        0.0001468646       -0.0001538555
        0.0006651899       -0.0004085751        0.0000451345
       -0.0211120303        0.0000093496        0.0161456296
        0.2318382604        0.0000815794       -0.1327460652
        0.0001516798       -0.0006151151       -0.0001371401
       -0.0000601503       -0.0000122802        0.0000852299
        0.0006738748        0.0004031295        0.0000548948
        0.0017644999       -0.0001301001       -0.0001942354
       -0.0000166904        0.0001898897       -0.0000796655
       -0.0000219603        0.0000116449       -0.0000048755
       -0.0000824002       -0.0000031801        0.0000702599
        0.0000553496        0.0006260049       -0.0001026149
        0.0000152798       -0.0000203954        0.0000030948
       -0.0000091552       -0.0000031400        0.0000007751
        0.0002374850        0.0000649351       -0.0002740302
        0.0000024650       -0.0000264902       -0.0000203752
       -0.0236051801       -0.0027249553        0.0169234698
       -0.0001015903       -0.0452325702        0.0001441745
       -0.0010958001        0.0019354746        0.0009169949
        0.0236697747       -0.0028400603       -0.0170304602
        0.0000959895       -0.0000971352        0.0000864148
        0.0009212897        0.0019315749       -0.0007400152
        0.0000847797        0.0000332452       -0.0000848300
        0.0001460097       -0.0046902352        0.0032425746
        0.0004067397        0.0011592849       -0.0007040504
       -0.0000115153       -0.0009342054       -0.0000018653
        0.0000815794        0.0552531804       -0.0001046803
        0.0006133249       -0.0002819203       -0.0004742353
       -0.0000118203       -0.0000284354       -0.0000948700
       -0.0003989302        0.0011616046        0.0007238097
       -0.0000866001       -0.0047425149       -0.0033688352
        0.0001948345        0.0000830750       -0.0002102155
       -0.0000145101        0.0000139201        0.0000138849
        0.0000190849       -0.0000447352        0.0000946699
       -0.0006375157       -0.0002284051        0.0005207150
        0.0000158451       -0.0000605402       -0.0000357952
       -0.0000026102       -0.0000019548        0.0000005249
       -0.0003253700        0.0003016902        0.0001398098
        0.0000017897        0.0000171548        0.0000109597
        0.0159517901        0.0007333847       -0.0122733300
        0.1189923199        0.0001063151       -0.1342712650
       -0.0002017151       -0.0011547999        0.0003990601
        0.0161374248       -0.0007007353       -0.0124529498
       -0.0002756201       -0.0000063199        0.0000972449
       -0.0003785200        0.0011169450        0.0006321301
       -0.0000626900        0.0000131050        0.0000282250
       -0.0001492552        0.0032346600       -0.0016935650
       -0.0000427303       -0.0006997200        0.0001668201
       -0.0161488902       -0.0000022453        0.0109909698
       -0.1327460652       -0.0001046803        0.1485936701
       -0.0001375150        0.0004720448        0.0005818200
       -0.0000874152        0.0000927750        0.0000221053
       -0.0000378751        0.0007201749        0.0001667749
       -0.0001954751       -0.0032647949       -0.0016859349
       -0.0000791653       -0.0002039451        0.0000927150
        0.0000033600        0.0000135199       -0.0000562304
       -0.0000909000       -0.0001082600        0.0000251651
       -0.0000937604       -0.0004761750        0.0005793353
        0.0000017403        0.0000355848        0.0000171599
       -0.0000021200       -0.0000007398       -0.0000010400
       -0.0003383551        0.0001485301        0.0000296947
        0.0000042701        0.0000049201       -0.0000071299
       -0.0000557847       -0.0007528502       -0.0007489547
        0.0000577299       -0.0001693002       -0.0001561000
       -0.2161821502        0.0000714550        0.1194938352
        0.0003250949        0.0001472202       -0.0003178749
       -0.0001595100        0.0009316150       -0.0006973147
       -0.0000243202        0.0000680501        0.0000555602
        0.0001974402        0.0000264353       -0.0002991899
        0.0017188248       -0.0001491949       -0.0001537649
        0.0006652402        0.0004054951        0.0000447551
       -0.0000600548        0.0000101349        0.0000847697
        0.0001516798        0.0006133249       -0.0001375150
        0.2318382099       -0.0001015999       -0.1327457298
       -0.0211115699       -0.0000119297        0.0161456751
       -0.0000218998       -0.0000125300       -0.0000047598
       -0.0000170849       -0.0001916098       -0.0000801950
        0.0017653798        0.0001283451       -0.0001945349
        0.0006738603       -0.0004044898        0.0000549198
       -0.0000095997        0.0000013000        0.0000003652
        0.0000148296        0.0000185051        0.0000026904
        0.0000566303       -0.0006269551       -0.0001021999
       -0.0000822948        0.0000018102        0.0000710401
        0.0000021052        0.0000247454       -0.0000198901
        0.0002374850       -0.0000666600       -0.0002743749
        0.0236019102       -0.0027245250       -0.0169249100
        0.0010941298        0.0019363549       -0.0009192351
        0.0000810249       -0.0452334800       -0.0001579249
       -0.0000977451       -0.0000967651       -0.0000877000
       -0.0236714553       -0.0028400652        0.0170290198
       -0.0000868800        0.0000327898        0.0000827200
       -0.0009228651        0.0019319850        0.0007384000
       -0.0001481553       -0.0046906652       -0.0032448551
       -0.0004081153        0.0011593849        0.0007033097
        0.0000101949       -0.0000284402        0.0000926198
       -0.0006151151       -0.0002819203        0.0004720448
       -0.0001015999        0.0552531702        0.0000948299
        0.0000093900       -0.0009346252        0.0000000952
        0.0000123001        0.0000135199       -0.0000163999
       -0.0001965151        0.0000830650        0.0002076149
        0.0000852648       -0.0047419800        0.0033665697
        0.0003971348        0.0011620151       -0.0007254602
        0.0000012648       -0.0000024400       -0.0000019048
       -0.0000170854       -0.0000605149        0.0000340953
        0.0006358749       -0.0002279901       -0.0005225152
       -0.0000212049       -0.0000442398       -0.0000964249
       -0.0000043150        0.0000176252       -0.0000127650
        0.0003236599        0.0003017399       -0.0001415850
        0.0159521304       -0.0007350150       -0.0122733550
       -0.0002004799        0.0011534249        0.0003990002
        0.1189918848       -0.0001173700       -0.1342704348
       -0.0002756352        0.0000044599        0.0000977252
        0.0161378199        0.0006982000       -0.0124526451
       -0.0000618499       -0.0000147651        0.0000282603
       -0.0003785200       -0.0011178147        0.0006316199
       -0.0001488252       -0.0032361098       -0.0016932049
       -0.0000427801        0.0006976248        0.0001672200
       -0.0000866450       -0.0000939852        0.0000233146
       -0.0001371401       -0.0004742353        0.0005818200
       -0.1327457298        0.0000948299        0.1485928800
       -0.0161485153        0.0000005952        0.0109914751
        0.0000042002       -0.0000139551       -0.0000558299
       -0.0000796149        0.0002026749        0.0000930200
       -0.0001942450        0.0032633199       -0.0016858900
       -0.0000370750       -0.0007206498        0.0001666947
       -0.0000013648        0.0000002700       -0.0000005647
        0.0000016900       -0.0000365449        0.0000176354
       -0.0000929398        0.0004747599        0.0005800649
       -0.0000900749        0.0001078104        0.0000255301
        0.0000051750       -0.0000074448       -0.0000067200
       -0.0003383698       -0.0001497602        0.0000297149
       -0.0000553351        0.0007505847        0.0007475299
        0.0000581997        0.0001689747        0.0001534048
       -0.2161825702       -0.0000897251       -0.1194514201
        0.0003251048       -0.0001493601        0.0003171201
       -0.0001590902       -0.0009339848        0.0006956350
       -0.0000239001       -0.0000696653       -0.0000576702
        0.0001974249       -0.0000280599        0.0002970251
        0.0006644646       -0.0004080303       -0.0000465153
        0.0017191698        0.0001469900        0.0001520149
        0.0001521798       -0.0006155102        0.0001348397
       -0.0000601503       -0.0000118203       -0.0000874152
       -0.0211115699        0.0000093900       -0.0161485153
        0.2318381303        0.0000816897        0.1327884900
       -0.0000170900        0.0001902998        0.0000771649
       -0.0000217551        0.0000103498        0.0000022598
        0.0006744298        0.0004023798       -0.0000565799
        0.0017645149       -0.0001300799        0.0001924298
        0.0000143598       -0.0000202451       -0.0000044000
       -0.0000086655       -0.0000034652       -0.0000020700
       -0.0000818198       -0.0000039901       -0.0000720001
        0.0000566752        0.0006256352        0.0001008146
        0.0000025150       -0.0000268500        0.0000189499
        0.0002375347        0.0000650147        0.0002726148
       -0.0236047450       -0.0027249104       -0.0169248199
       -0.0010940352        0.0019359649       -0.0009191351
       -0.0001024301       -0.0452333799       -0.0001579102
        0.0000952298       -0.0000966600       -0.0000871648
        0.0236694396       -0.0028396150        0.0170290849
        0.0000847999        0.0000332648        0.0000818852
        0.0009209697        0.0019320504        0.0007383952
        0.0004068298        0.0011593849        0.0007024050
        0.0001464099       -0.0046902201       -0.0032443452
        0.0006126149       -0.0002818203        0.0004724447
       -0.0000122802       -0.0000284354        0.0000927750
       -0.0000119297       -0.0009346252        0.0000005952
        0.0000816897        0.0552530702        0.0000940801
        0.0001944449        0.0000834549        0.0002073199
       -0.0000139650        0.0000135299       -0.0000160199
       -0.0003984101        0.0011616800       -0.0007253701
       -0.0000866100       -0.0047414801        0.0033662050
        0.0000145300       -0.0000609151        0.0000345850
       -0.0000028953       -0.0000023348       -0.0000018301
        0.0000195848       -0.0000443103       -0.0000959253
       -0.0006366301       -0.0002279401       -0.0005220753
        0.0000022752        0.0000172253       -0.0000127301
       -0.0003253101        0.0003017399       -0.0001414651
       -0.0159540446       -0.0007349800       -0.0122733198
        0.0002008298        0.0011529502        0.0003986102
       -0.1189489799       -0.0001182201       -0.1342704050
        0.0002734149        0.0000040401        0.0000972753
       -0.0161393152        0.0006973352       -0.0124534350
        0.0000606300       -0.0000147750        0.0000282751
        0.0003768452       -0.0011181746        0.0006316151
        0.0000414298        0.0006972053        0.0001667902
        0.0001474851       -0.0032365148       -0.0016931148
        0.0001349451       -0.0004741750        0.0005822400
        0.0000852299       -0.0000948700        0.0000221053
        0.0161456751        0.0000000952        0.0109914751
        0.1327884900        0.0000940801        0.1485936798
        0.0000779602        0.0002022901        0.0000927054
       -0.0000054999       -0.0000148700       -0.0000562849
        0.0000361800       -0.0007214248        0.0001667553
        0.0001933151        0.0032634154       -0.0016859249
       -0.0000043147       -0.0000373251        0.0000172153
       -0.0000000250       -0.0000005900       -0.0000014296
        0.0000891950        0.0001074400        0.0000247201
        0.0000925104        0.0004744203        0.0005792501
       -0.0000068198       -0.0000078796       -0.0000066751
        0.0003366651       -0.0001506200        0.0000288551
        0.0000525904        0.0001664202        0.0001721904
       -0.0001284150        0.0006225102        0.0006425353
        0.0003287349       -0.0001588350        0.0003170652
       -0.2185532901        0.0003693501       -0.1212082398
       -0.0000246249       -0.0000608398       -0.0000651551
        0.0009712349       -0.0006838749        0.0016261600
        0.0000062201       -0.0000255147        0.0000236651
       -0.0000623601       -0.0000144249       -0.0000874098
        0.0001580003       -0.0006199699        0.0001424252
        0.0017641150        0.0000848598        0.0001933000
        0.0006738748       -0.0003989302       -0.0000378751
       -0.0000218998        0.0000123001        0.0000042002
       -0.0000170900        0.0001944449        0.0000779602
        0.2338035898       -0.0002169250        0.1339625652
       -0.0211784749       -0.0000566797       -0.0161374948
       -0.0000084600       -0.0000032247       -0.0000020498
        0.0000171403       -0.0000194248       -0.0000024951
        0.0016531050       -0.0000821601        0.0006014403
        0.0006157950        0.0003119553       -0.0001017898
       -0.0000022197        0.0000022601       -0.0000014100
        0.0000017553        0.0000052304        0.0000033302
       -0.0000634299        0.0005497705       -0.0000941600
       -0.0000033697       -0.0000145201       -0.0000063747
       -0.0010911100        0.0019361997       -0.0009068449
       -0.0237594054       -0.0028250653       -0.0171106453
        0.0000981345       -0.0001012302       -0.0000972301
       -0.0000057003       -0.0456539601        0.0000181151
        0.0000828146        0.0000270001        0.0000820501
        0.0240446948       -0.0019063850        0.0177948399
        0.0000046299        0.0000201354       -0.0000093300
       -0.0000134003       -0.0000281651        0.0000966497
        0.0006200148       -0.0002793900        0.0004785247
        0.0001287947       -0.0047416054       -0.0032643652
        0.0004031295        0.0011616046        0.0007201749
       -0.0000125300        0.0000135199       -0.0000139551
        0.0001902998        0.0000834549        0.0002022901
       -0.0002169250        0.0559481202       -0.0001215349
        0.0000550500       -0.0009735450       -0.0000468100
       -0.0000019102       -0.0000021004       -0.0000009049
        0.0000184849       -0.0000585351        0.0000358099
       -0.0003310453       -0.0047678901        0.0037281802
       -0.0004497255        0.0012162499       -0.0007064298
       -0.0000008200       -0.0000009052       -0.0000017553
        0.0000035848        0.0000093650        0.0000019648
        0.0002071451        0.0009099904       -0.0009032053
       -0.0000024502        0.0000040546        0.0000023851
        0.0001911852        0.0011732701        0.0004074201
       -0.0162978401       -0.0008988300       -0.0125457350
        0.0002840349       -0.0000066251        0.0001009300
       -0.1203777450        0.0002587450       -0.1363521096
        0.0000631249       -0.0000133849        0.0000290001
       -0.0150189749        0.0003584049       -0.0112375048
       -0.0000077750       -0.0000003547        0.0000035300
        0.0000863349       -0.0000961600        0.0000232600
        0.0001462249       -0.0004789351        0.0005979550
        0.0001919901       -0.0033683102       -0.0016858803
        0.0000548948        0.0007238097        0.0001667749
       -0.0000047598       -0.0000163999       -0.0000558299
        0.0000771649        0.0002073199        0.0000927054
        0.1339625652       -0.0001215349        0.1497967099
        0.0161338752       -0.0000468100        0.0112420349
       -0.0000000202       -0.0000011050       -0.0000015902
       -0.0000016098       -0.0000378949        0.0000177849
        0.0002297850        0.0033864700       -0.0014547101
        0.0000240448       -0.0007811948        0.0000841754
       -0.0000006648       -0.0000005650       -0.0000052799
        0.0000039500        0.0000041553       -0.0000019298
        0.0002845402       -0.0002664297        0.0007633901
       -0.0000029749       -0.0000069198       -0.0000014649
        0.0000530704       -0.0001676352       -0.0001732150
       -0.0001288601       -0.0006224749       -0.0006446700
        0.0003283449        0.0001571149       -0.0003187847
       -0.2185536403       -0.0003877750        0.1212523603
       -0.0000245350        0.0000586704        0.0000638900
        0.0009712699        0.0006817351       -0.0016286049
        0.0000058299        0.0000243455       -0.0000253348
        0.0001580847        0.0006182600       -0.0001441501
       -0.0000619951        0.0000127301        0.0000848749
        0.0006731599        0.0003972548        0.0000353299
        0.0017644999       -0.0000866001       -0.0001954751
       -0.0000170849       -0.0001965151       -0.0000796149
       -0.0000217551       -0.0000139650       -0.0000054999
       -0.0211784749        0.0000550500        0.0161338752
        0.2338035199        0.0001975201       -0.1339201597
        0.0000167950        0.0000173449       -0.0000004650
       -0.0000093547        0.0000011403       -0.0000000301
        0.0006162099       -0.0003127548        0.0000997554
        0.0016528446        0.0000809050       -0.0006040199
        0.0000013051       -0.0000065700       -0.0000042400
       -0.0000026250       -0.0000036047        0.0000005500
       -0.0000633298       -0.0005517998        0.0000928148
       -0.0000037750        0.0000120102        0.0000042701
        0.0010897853        0.0019357850       -0.0009068748
        0.0237591499       -0.0028250651       -0.0171110452
       -0.0000993953       -0.0001025450       -0.0000971798
       -0.0000155902       -0.0456544348        0.0000172054
       -0.0000833151        0.0000269702        0.0000812250
       -0.0240467301       -0.0019068500        0.0177935752
       -0.0000062400        0.0000197852       -0.0000093050
       -0.0006217454       -0.0002797950        0.0004776700
        0.0000124749       -0.0000290751        0.0000967151
       -0.0004048701        0.0011615947        0.0007196851
       -0.0001301001       -0.0047425149       -0.0032647949
       -0.0001916098        0.0000830650        0.0002026749
        0.0000103498        0.0000135299       -0.0000148700
       -0.0000566797       -0.0009735450       -0.0000468100
        0.0001975201        0.0559489899       -0.0001224700
       -0.0000194302       -0.0000597549        0.0000362550
        0.0000010152       -0.0000020947       -0.0000009351
        0.0004484852        0.0012158253       -0.0007073049
        0.0003291797       -0.0047683301        0.0037273352
       -0.0000044946        0.0000089048        0.0000010999
        0.0000000051       -0.0000013199       -0.0000021851
       -0.0002092199        0.0009100702       -0.0009036350
        0.0000007401        0.0000035550        0.0000019500
       -0.0001928848        0.0011727698        0.0004068900
        0.0162977000       -0.0008980399       -0.0125454051
       -0.0002865602       -0.0000061848        0.0001008098
        0.1204208948        0.0002586950       -0.1363526349
       -0.0000644152       -0.0000139150        0.0000289501
        0.0150171650        0.0003587400       -0.0112376196
        0.0000057949        0.0000000404        0.0000034203
       -0.0001483602       -0.0004789499        0.0005973800
       -0.0000880550       -0.0000966250        0.0000232097
       -0.0000566550        0.0007233550        0.0001665947
       -0.0001942354       -0.0033688352       -0.0016859349
       -0.0000801950        0.0002076149        0.0000930200
        0.0000022598       -0.0000160199       -0.0000562849
       -0.0161374948       -0.0000468100        0.0112420349
       -0.1339201597       -0.0001224700        0.1497968600
        0.0000003399       -0.0000383301        0.0000172849
       -0.0000021848       -0.0000012199       -0.0000020651
       -0.0000262250       -0.0007812599        0.0000845151
       -0.0002324052        0.0033859649       -0.0014548198
       -0.0000047697        0.0000039901       -0.0000024050
       -0.0000001850       -0.0000006099       -0.0000054303
       -0.0002866051       -0.0002669049        0.0007637499
        0.0000012702       -0.0000073800       -0.0000010951
        0.0000534700        0.0001668599       -0.0001727753
        0.0003300545       -0.0001575202       -0.0003183803
       -0.0001288703        0.0006216146       -0.0006442653
       -0.0000250154       -0.0000604001        0.0000639753
       -0.2185524303        0.0003697349        0.1212523100
        0.0000066748       -0.0000255253       -0.0000257799
        0.0009716797       -0.0006826048       -0.0016282101
        0.0001585397       -0.0006195052       -0.0001441103
       -0.0000615702       -0.0000139451        0.0000857597
       -0.0000213450        0.0000124197       -0.0000055803
       -0.0000166904        0.0001948345       -0.0000791653
        0.0017653798        0.0000852648       -0.0001942450
        0.0006744298       -0.0003984101        0.0000361800
       -0.0000084600       -0.0000019102       -0.0000000202
        0.0000167950       -0.0000194302        0.0000003399
        0.2338026803       -0.0002168053       -0.1339196854
       -0.0211777049       -0.0000562500        0.0161350798
       -0.0000018701        0.0000027299       -0.0000002399
        0.0000017747        0.0000052950       -0.0000046299
        0.0016541000       -0.0000813503       -0.0006031999
        0.0006170899        0.0003123651        0.0001005100
       -0.0000033000       -0.0000136350        0.0000051347
       -0.0000633901        0.0005502596        0.0000928250
       -0.0010914948        0.0019358399        0.0009054651
        0.0000985696       -0.0001012151        0.0000949998
       -0.0237610902       -0.0028258950        0.0171088649
        0.0000819850        0.0000270299       -0.0000825148
       -0.0000065202       -0.0456543998       -0.0000300102
        0.0000046097        0.0000189249        0.0000076250
        0.0240443501       -0.0019067647       -0.0177961547
        0.0006192397       -0.0002797799       -0.0004793799
       -0.0000134051       -0.0000290402       -0.0000979099
       -0.0000133201        0.0000135546        0.0000126400
        0.0001898897        0.0000830750       -0.0002039451
        0.0001283451       -0.0047419800        0.0032633199
        0.0004023798        0.0011616800       -0.0007214248
       -0.0000032247       -0.0000021004       -0.0000011050
        0.0000173449       -0.0000597549       -0.0000383301
       -0.0002168053        0.0559489001        0.0001113000
        0.0000545799       -0.0009734399        0.0000451149
       -0.0000017150       -0.0000012750        0.0000004852
        0.0000023749        0.0000086200       -0.0000032398
       -0.0003308949       -0.0047683400       -0.0037291503
       -0.0004497500        0.0012158503        0.0007051901
       -0.0000024400        0.0000031750       -0.0000037150
        0.0002072147        0.0009100447        0.0009019547
       -0.0001928700       -0.0011741702        0.0004069599
       -0.0002852602        0.0000053251        0.0001008848
        0.0162968900        0.0008968297       -0.0125457299
       -0.0000652301        0.0000116549        0.0000290854
        0.1204213598       -0.0002710297       -0.1363517649
        0.0000061948       -0.0000016902        0.0000035050
        0.0150172150       -0.0003601548       -0.0112375599
       -0.0001478853        0.0004772949        0.0005966049
       -0.0000875301        0.0000940500        0.0000232649
        0.0000027697        0.0000135347       -0.0000562702
       -0.0000796655       -0.0002102155        0.0000927150
       -0.0001945349        0.0033665697       -0.0016858900
       -0.0000565799       -0.0007253701        0.0001667553
       -0.0000020498       -0.0000009049       -0.0000015902
       -0.0000004650        0.0000362550        0.0000172849
       -0.1339196854        0.0001113000        0.1497967202
       -0.0161383150        0.0000455651        0.0112420747
       -0.0000006250       -0.0000006551       -0.0000061399
       -0.0000055252       -0.0000053299       -0.0000027097
       -0.0002315701       -0.0033882253       -0.0014543252
       -0.0000261002        0.0007799900        0.0000845247
        0.0000009300        0.0000048300       -0.0000006051
       -0.0002865303        0.0002643847        0.0007633949
        0.0000530150       -0.0001676602        0.0001713451
        0.0003291450        0.0001578800        0.0003169549
       -0.0001293552       -0.0006238750        0.0006420501
       -0.0000255201        0.0000585800       -0.0000647597
       -0.2185528851       -0.0003878199       -0.1212087301
        0.0000062050        0.0000242849        0.0000237353
        0.0009712400        0.0006812351        0.0016265400
       -0.0000628452        0.0000122648       -0.0000866100
        0.0001584351        0.0006182401        0.0001429100
       -0.0000175200       -0.0001974203        0.0000774048
       -0.0000219603       -0.0000145101        0.0000033600
        0.0006738603        0.0003971348       -0.0000370750
        0.0017645149       -0.0000866100        0.0001933151
        0.0000171403        0.0000184849       -0.0000016098
       -0.0000093547        0.0000010152       -0.0000021848
       -0.0211777049        0.0000545799       -0.0161383150
        0.2338036700        0.0001983651        0.1339619999
        0.0000011451       -0.0000066251        0.0000029300
       -0.0000027103       -0.0000031847       -0.0000018798
        0.0006161602       -0.0003129003       -0.0001013748
        0.0016531399        0.0000807802        0.0006021850
       -0.0000034399        0.0000114954       -0.0000060399
       -0.0000638548       -0.0005518652       -0.0000950448
        0.0010898100        0.0019358248        0.0009062651
       -0.0000985301       -0.0001003949        0.0000953750
        0.0237582950       -0.0028254900        0.0171091801
       -0.0000836550        0.0000274198       -0.0000821098
       -0.0000147000       -0.0456539951       -0.0000300150
       -0.0000058148        0.0000197500        0.0000076500
       -0.0240462401       -0.0019063546       -0.0177957449
        0.0000117299       -0.0000282000       -0.0000975251
       -0.0006204900       -0.0002793948       -0.0004785750
       -0.0001915501        0.0000834851       -0.0002040500
        0.0000116449        0.0000139201        0.0000135199
       -0.0004044898        0.0011620151       -0.0007206498
       -0.0001300799       -0.0047414801        0.0032634154
       -0.0000194248       -0.0000585351       -0.0000378949
        0.0000011403       -0.0000020947       -0.0000012199
       -0.0000562500       -0.0009734399        0.0000455651
        0.0001983651        0.0559480799        0.0001121049
       -0.0000040549        0.0000094201       -0.0000032747
        0.0000000497       -0.0000008700        0.0000013051
        0.0004489550        0.0012158100        0.0007060899
        0.0003304501       -0.0047679097       -0.0037295999
        0.0000011951        0.0000039853       -0.0000029002
       -0.0002087600        0.0009100202        0.0009023802
        0.0001906599       -0.0011741352        0.0004065197
        0.0002852997        0.0000052947        0.0001003696
       -0.0162991503        0.0008967598       -0.0125453752
        0.0000630547        0.0000116199        0.0000294250
       -0.1203778103       -0.0002714751       -0.1363518103
       -0.0000082852       -0.0000016550        0.0000039000
       -0.0150197954       -0.0003605999       -0.0112375901
        0.0000862997        0.0000935950        0.0000227948
        0.0001465747        0.0004771800        0.0005978998
        0.0000775398       -0.0002097602        0.0000921946
       -0.0000048755        0.0000138849       -0.0000562304
        0.0000549198       -0.0007254602        0.0001666947
        0.0001924298        0.0033662050       -0.0016859249
       -0.0000024951        0.0000358099        0.0000177849
       -0.0000000301       -0.0000009351       -0.0000020651
        0.0161350798        0.0000451149        0.0112420747
        0.1339619999        0.0001121049        0.1497968003
        0.0000029200       -0.0000049602       -0.0000023451
       -0.0000010954       -0.0000007651       -0.0000061348
        0.0000248852        0.0007794898        0.0000845199
        0.0002306697       -0.0033873999       -0.0014548502
       -0.0000029550        0.0000044051       -0.0000014953
        0.0002840250        0.0002647496        0.0007628850
        0.0002980201        0.0001214551        0.0002867651
        0.0001309550       -0.0001280401        0.0003146602
       -0.0000208252        0.0000522903       -0.0000644047
        0.0008077600       -0.0006011700        0.0011549554
        0.0000035348        0.0000152551        0.0000251501
       -0.2233892701        0.0039531750       -0.1249292299
       -0.0000038551        0.0000072350       -0.0000127099
       -0.0000202752       -0.0000128401        0.0000046001
       -0.0000220351       -0.0001765000        0.0000635600
        0.0000562198        0.0006353298        0.0000915600
       -0.0000824002        0.0000190849       -0.0000909000
       -0.0000095997        0.0000012648       -0.0000013648
        0.0000143598        0.0000145300       -0.0000043147
        0.0016531050       -0.0003310453        0.0002297850
        0.0006162099        0.0004484852       -0.0000262250
       -0.0000018701       -0.0000017150       -0.0000006250
        0.0000011451       -0.0000040549        0.0000029200
        0.2397035900       -0.0044475499        0.1376972651
       -0.0202378402        0.0000420550       -0.0166808996
       -0.0000028800       -0.0000005352       -0.0000006750
        0.0000033600        0.0000000804        0.0000008899
        0.0004849653        0.0003492951        0.0019570447
       -0.0000011548        0.0000051000        0.0000017650
       -0.0001244598       -0.0001050401        0.0001221650
        0.0012656596        0.0020527798        0.0008213348
       -0.0000882952        0.0000348550       -0.0001011350
        0.0240045549       -0.0019005600        0.0166524552
       -0.0000071600        0.0000218452        0.0000223849
        0.0036241599       -0.0471038652        0.0014013301
        0.0000012801        0.0000075701       -0.0000107201
        0.0000175899        0.0000154850        0.0000145849
       -0.0001887003        0.0000968498       -0.0002090550
       -0.0006268851       -0.0002278654       -0.0004758152
       -0.0000031801       -0.0000447352       -0.0001082600
        0.0000013000       -0.0000024400        0.0000002700
       -0.0000202451       -0.0000609151       -0.0000373251
       -0.0000821601       -0.0047678901        0.0033864700
       -0.0003127548        0.0012158253       -0.0007812599
        0.0000027299       -0.0000012750       -0.0000006551
       -0.0000066251        0.0000094201       -0.0000049602
       -0.0044475499        0.0514063100       -0.0058185449
       -0.0000437402       -0.0015250001       -0.0002598949
       -0.0000003800       -0.0000022402        0.0000013497
       -0.0000010249       -0.0000034348        0.0000000801
       -0.0229958650        0.0008687252       -0.0146337703
       -0.0000004351        0.0000062400       -0.0000001700
        0.0002424002       -0.0000429051        0.0000985901
        0.0003743548       -0.0012255049        0.0005678550
        0.0000656451        0.0000077901        0.0000134801
       -0.0161500850        0.0003672150       -0.0123226997
       -0.0000100800       -0.0000079700        0.0000149299
       -0.1246907300        0.0016938299       -0.1370469599
       -0.0000027998        0.0000056505       -0.0000112098
       -0.0000004900        0.0000180003       -0.0000587150
        0.0000740852       -0.0001987749        0.0000789049
        0.0001004750        0.0005203398        0.0005788050
        0.0000702599        0.0000946699        0.0000251651
        0.0000003652       -0.0000019048       -0.0000005647
       -0.0000044000        0.0000345850        0.0000172153
        0.0006014403        0.0037281802       -0.0014547101
        0.0000997554       -0.0007073049        0.0000845151
       -0.0000002399        0.0000004852       -0.0000061399
        0.0000029300       -0.0000032747       -0.0000023451
        0.1376972651       -0.0058185449        0.1484690898
        0.0166768999       -0.0002607698        0.0118621301
       -0.0000001498       -0.0000021799        0.0000003902
        0.0000009803       -0.0000014046        0.0000034601
       -0.0151273596        0.0017590051       -0.0109284201
       -0.0000019099        0.0000082801       -0.0000005949
        0.0002976850       -0.0001227554       -0.0002882254
        0.0001310346        0.0001272397       -0.0003164203
       -0.0000211602       -0.0000544202        0.0000617447
        0.0008078345        0.0005992098       -0.0011562949
        0.0000032145       -0.0000179051       -0.0000265351
       -0.2233892053       -0.0039727004        0.1249716547
       -0.0000042905       -0.0000080348        0.0000105550
       -0.0000227456        0.0001743746       -0.0000648902
       -0.0000193552        0.0000106547       -0.0000063153
       -0.0000822001       -0.0000216104        0.0000886797
        0.0000553496       -0.0006375157       -0.0000937604
        0.0000148296       -0.0000170854        0.0000016900
       -0.0000086655       -0.0000028953       -0.0000000250
        0.0006157950       -0.0004497255        0.0000240448
        0.0016528446        0.0003291797       -0.0002324052
        0.0000017747        0.0000023749       -0.0000055252
       -0.0000027103        0.0000000497       -0.0000010954
       -0.0202378402       -0.0000437402        0.0166768999
        0.2397034206        0.0044281947       -0.1376554002
        0.0000034296       -0.0000013856       -0.0000022652
       -0.0000032702       -0.0000008851       -0.0000002203
        0.0004854297       -0.0003512551       -0.0019585002
       -0.0000011053       -0.0000067803       -0.0000043900
        0.0001231254       -0.0001049949        0.0001217251
       -0.0012655650        0.0020523851        0.0008208852
        0.0000865697        0.0000352702       -0.0001015400
       -0.0240065100       -0.0019006151        0.0166520201
        0.0000066848        0.0000217852        0.0000223650
       -0.0036466750       -0.0471034201        0.0014013651
       -0.0000024500        0.0000071202       -0.0000106499
        0.0001882498        0.0000959650       -0.0002090448
       -0.0000179551        0.0000150303        0.0000150700
        0.0000023351       -0.0000446951       -0.0001087901
        0.0006260049       -0.0002284051       -0.0004761750
        0.0000185051       -0.0000605149       -0.0000365449
       -0.0000034652       -0.0000023348       -0.0000005900
        0.0003119553        0.0012162499       -0.0007811948
        0.0000809050       -0.0047683301        0.0033859649
        0.0000052950        0.0000086200       -0.0000053299
       -0.0000031847       -0.0000008700       -0.0000007651
        0.0000420550       -0.0015250001       -0.0002607698
        0.0044281947        0.0514063299       -0.0058189448
        0.0000010851       -0.0000030249       -0.0000007600
       -0.0000004400       -0.0000013648        0.0000012599
        0.0229942651        0.0008687402       -0.0146333849
       -0.0000016300        0.0000062352       -0.0000001299
       -0.0002448996       -0.0000420650        0.0000985952
       -0.0003742849       -0.0012251098        0.0005678552
       -0.0000677798        0.0000073902        0.0000139653
        0.0161474051        0.0003668302       -0.0123226945
        0.0000091501       -0.0000075147        0.0000149052
        0.1247332452        0.0016946649       -0.1370469047
       -0.0000000298        0.0000055604       -0.0000111748
       -0.0000753698       -0.0001987198        0.0000785002
       -0.0000015598        0.0000180452       -0.0000577947
       -0.0000727948        0.0000942600        0.0000251299
       -0.0001026149        0.0005207150        0.0005793353
        0.0000026904        0.0000340953        0.0000176354
       -0.0000020700       -0.0000018301       -0.0000014296
       -0.0001017898       -0.0007064298        0.0000841754
       -0.0006040199        0.0037273352       -0.0014548198
       -0.0000046299       -0.0000032398       -0.0000027097
       -0.0000018798        0.0000013051       -0.0000061348
       -0.0166808996       -0.0002598949        0.0118621301
       -0.1376554002       -0.0058189448        0.1484690796
       -0.0000022646       -0.0000005551        0.0000030704
       -0.0000009948       -0.0000021947        0.0000007702
        0.0151248153        0.0017589954       -0.0109284048
       -0.0000001299        0.0000086951       -0.0000005699
        0.0002985254        0.0001219800       -0.0002873549
       -0.0000194652        0.0000536551        0.0000629748
        0.0001306051       -0.0001283698       -0.0003160099
        0.0000040450        0.0000157502       -0.0000260445
        0.0008086948       -0.0006007096       -0.0011562949
       -0.0000038801        0.0000072751        0.0000110202
       -0.2233891601        0.0039536855        0.1249724551
       -0.0000222701       -0.0001760498       -0.0000648549
       -0.0000193700       -0.0000123200       -0.0000062448
       -0.0000081951        0.0000013796        0.0000003601
        0.0000152798        0.0000158451        0.0000017403
        0.0000566303        0.0006358749       -0.0000929398
       -0.0000818198        0.0000195848        0.0000891950
       -0.0000022197       -0.0000008200       -0.0000006648
        0.0000013051       -0.0000044946       -0.0000047697
        0.0016541000       -0.0003308949       -0.0002315701
        0.0006161602        0.0004489550        0.0000248852
       -0.0000028800       -0.0000003800       -0.0000001498
        0.0000034296        0.0000010851       -0.0000022646
        0.2397025798       -0.0044466151       -0.1376545998
       -0.0202373900        0.0000429651        0.0166780552
       -0.0000010999        0.0000056554       -0.0000031650
        0.0004854351        0.0003497399       -0.0019584951
       -0.0001240900       -0.0001055403       -0.0001223353
       -0.0000874903        0.0000361050        0.0001001149
        0.0012647197        0.0020518650       -0.0008223302
       -0.0000085052        0.0000218247       -0.0000223997
        0.0240052998       -0.0019006899       -0.0166524700
        0.0000003098        0.0000071248        0.0000093900
        0.0036249799       -0.0471030700       -0.0014134852
       -0.0001891303        0.0000967498        0.0002081697
        0.0000178397        0.0000149947       -0.0000151005
        0.0000008697       -0.0000019853       -0.0000007904
       -0.0000203954       -0.0000605402        0.0000355848
       -0.0006269551       -0.0002279901        0.0004747599
       -0.0000039901       -0.0000443103        0.0001074400
        0.0000022601       -0.0000009052       -0.0000005650
       -0.0000065700        0.0000089048        0.0000039901
       -0.0000813503       -0.0047683400       -0.0033882253
       -0.0003129003        0.0012158100        0.0007794898
       -0.0000005352       -0.0000022402       -0.0000021799
       -0.0000013856       -0.0000030249       -0.0000005551
       -0.0044466151        0.0514064203        0.0058091001
       -0.0000433650       -0.0015254500        0.0002589050
       -0.0000000850        0.0000061902       -0.0000012204
       -0.0229954802        0.0008682548        0.0146323251
       -0.0002445449        0.0000416298        0.0000990403
       -0.0000665051       -0.0000091151        0.0000142700
       -0.0003751953        0.0012245599        0.0005682750
        0.0000087297        0.0000057400        0.0000154103
        0.0161482399       -0.0003688851       -0.0123219098
        0.0000002899       -0.0000068999       -0.0000107801
        0.1247336900       -0.0017057999       -0.1370470599
       -0.0000754002        0.0001970452        0.0000788901
       -0.0000012352       -0.0000193199       -0.0000579050
       -0.0000020950        0.0000001748       -0.0000011249
        0.0000030948       -0.0000357952        0.0000171599
       -0.0001021999       -0.0005225152        0.0005800649
       -0.0000720001       -0.0000959253        0.0000247201
       -0.0000014100       -0.0000017553       -0.0000052799
       -0.0000042400        0.0000010999       -0.0000024050
       -0.0006031999       -0.0037291503       -0.0014543252
       -0.0001013748        0.0007060899        0.0000845199
       -0.0000006750        0.0000013497        0.0000003902
       -0.0000022652       -0.0000007600        0.0000030704
       -0.1376545998        0.0058091001        0.1484682900
       -0.0166791949        0.0002593953        0.0118629100
        0.0000002603       -0.0000103950        0.0000002049
        0.0151251999       -0.0017612251       -0.0109275700
        0.0002980951       -0.0001227301        0.0002872451
       -0.0000194703       -0.0000535749       -0.0000639400
        0.0001305901        0.0001271653        0.0003151550
        0.0000036098       -0.0000166449        0.0000256853
        0.0008086451        0.0005996503        0.0011549798
       -0.0000034450       -0.0000080851       -0.0000117899
       -0.2233892099       -0.0039714448       -0.1249287948
       -0.0000193654        0.0000110401        0.0000050451
       -0.0000219649        0.0001747699        0.0000640301
        0.0000148802       -0.0000170454       -0.0000034299
       -0.0000091552       -0.0000026102       -0.0000021200
       -0.0000822948       -0.0000212049       -0.0000900749
        0.0000566752       -0.0006366301        0.0000925104
        0.0000017553        0.0000035848        0.0000039500
       -0.0000026250        0.0000000051       -0.0000001850
        0.0006170899       -0.0004497500       -0.0000261002
        0.0016531399        0.0003304501        0.0002306697
        0.0000033600       -0.0000010249        0.0000009803
       -0.0000032702       -0.0000004400       -0.0000009948
       -0.0202373900       -0.0000433650       -0.0166791949
        0.2397026100        0.0044285753        0.1376985350
       -0.0000002848       -0.0000063847        0.0000031099
        0.0004853899       -0.0003508450        0.0019571200
        0.0001226351       -0.0001055150       -0.0001223648
        0.0000878700        0.0000357701        0.0001001951
       -0.0012664802        0.0020518749       -0.0008223148
        0.0000062400        0.0000218301       -0.0000227797
       -0.0240061601       -0.0019014897       -0.0166528847
       -0.0000020950        0.0000066851        0.0000094002
       -0.0036458349       -0.0471029645       -0.0014129998
       -0.0000184201        0.0000154250       -0.0000154847
        0.0001882253        0.0000967702        0.0002082101
        0.0000189749       -0.0000605502        0.0000359202
       -0.0000031400       -0.0000019548       -0.0000007398
        0.0000018102       -0.0000442398        0.0001078104
        0.0006256352       -0.0002279401        0.0004744203
        0.0000052304        0.0000093650        0.0000041553
       -0.0000036047       -0.0000013199       -0.0000006099
        0.0003123651        0.0012158503        0.0007799900
        0.0000807802       -0.0047679097       -0.0033873999
        0.0000000804       -0.0000034348       -0.0000014046
       -0.0000008851       -0.0000013648       -0.0000021947
        0.0000429651       -0.0015254500        0.0002593953
        0.0044285753        0.0514063697        0.0058091553
       -0.0000007847        0.0000062354       -0.0000011352
        0.0229937851        0.0008686700        0.0146319252
        0.0002431150        0.0000415798        0.0000989402
        0.0000673097       -0.0000091450        0.0000142398
        0.0003738549        0.0012241350        0.0005683000
       -0.0000100951        0.0000057250        0.0000153452
       -0.0161488802       -0.0003693350       -0.0123227900
       -0.0000016402       -0.0000068951       -0.0000108000
       -0.1246907300       -0.0017058298       -0.1370466398
        0.0000006847       -0.0000193450       -0.0000579050
        0.0000740499        0.0001975050        0.0000792949
       -0.0000044352       -0.0000366603        0.0000174899
        0.0000007751        0.0000005249       -0.0000010400
        0.0000710401       -0.0000964249        0.0000255301
        0.0001008146       -0.0005220753        0.0005792501
        0.0000033302        0.0000019648       -0.0000019298
        0.0000005500       -0.0000021851       -0.0000054303
        0.0001005100        0.0007051901        0.0000845247
        0.0006021850       -0.0037295999       -0.0014548502
        0.0000008899        0.0000000801        0.0000034601
       -0.0000002203        0.0000012599        0.0000007702
        0.0166780552        0.0002589050        0.0118629100
        0.1376985350        0.0058091553        0.1484683401
       -0.0000015248       -0.0000100147        0.0000002299
       -0.0151269350       -0.0017608201       -0.0109275950
        0.0006275502       -0.0000004499       -0.0000013247
        0.0002506400       -0.0000004999       -0.0000017752
       -0.0000061002       -0.0000007898       -0.0000008799
       -0.0016239852       -0.0000011798       -0.0000012699
        0.0000009800       -0.0000012901       -0.0000008600
       -0.0482245900       -0.0000118700       -0.0000067845
       -0.0000071151       -0.0000003297       -0.0000012398
       -0.0000176800        0.0000829851       -0.0000539850
       -0.0000172699       -0.0000855101        0.0000514501
        0.0002380102        0.0003232398        0.0003361950
        0.0002374850       -0.0003253700       -0.0003383551
        0.0000021052       -0.0000043150        0.0000051750
        0.0000025150        0.0000022752       -0.0000068198
       -0.0000634299        0.0002071451        0.0002845402
       -0.0000633298       -0.0002092199       -0.0002866051
       -0.0000033000       -0.0000024400        0.0000009300
       -0.0000034399        0.0000011951       -0.0000029550
        0.0004849653       -0.0229958650       -0.0151273596
        0.0004854297        0.0229942651        0.0151248153
       -0.0000010999       -0.0000000850        0.0000002603
       -0.0000002848       -0.0000007847       -0.0000015248
        0.0476841399       -0.0000112047       -0.0000044798
       -0.0000010201       -0.0000007799       -0.0000008751
       -0.0000012597       -0.0009055199       -0.0018218100
        0.0000000801       -0.0036653250        0.0057739251
       -0.0000012301       -0.0004179896        0.0007125652
       -0.0000008902       -0.0202781547       -0.0173101046
       -0.0000008652       -0.0001409148       -0.0003006349
       -0.0000098299       -0.2256596051       -0.1265775398
       -0.0000007947       -0.0000818397        0.0001155800
       -0.0000916199       -0.0000122949        0.0000258504
        0.0000899300       -0.0000119047        0.0000263003
       -0.0000670801        0.0003012951        0.0001480402
        0.0000649351        0.0003016902        0.0001485301
        0.0000247454        0.0000176252       -0.0000074448
       -0.0000268500        0.0000172253       -0.0000078796
        0.0005497705        0.0009099904       -0.0002664297
       -0.0005517998        0.0009100702       -0.0002669049
       -0.0000136350        0.0000031750        0.0000048300
        0.0000114954        0.0000039853        0.0000044051
        0.0003492951        0.0008687252        0.0017590051
       -0.0003512551        0.0008687402        0.0017589954
        0.0000056554        0.0000061902       -0.0000103950
       -0.0000063847        0.0000062354       -0.0000100147
       -0.0000112047        0.2470128396        0.1361402050
       -0.0000012446       -0.0000700248       -0.0000197647
       -0.0000008947        0.0010107749        0.0009817950
        0.0000004397        0.0025296799       -0.0026165353
       -0.0000008802        0.0003082098       -0.0003442102
       -0.0000009501        0.0182622750        0.0126275401
       -0.0000009103        0.0000882599        0.0001131198
       -0.0000052353       -0.1273799251       -0.1369706550
       -0.0000004201        0.0000365151       -0.0000401550
        0.0000434795       -0.0000791999        0.0000359248
       -0.0000439800       -0.0000792002        0.0000367399
        0.0002730647        0.0001398797        0.0000301199
       -0.0002740302        0.0001398098        0.0000296947
       -0.0000198901       -0.0000127650       -0.0000067200
        0.0000189499       -0.0000127301       -0.0000066751
       -0.0000941600       -0.0009032053        0.0007633901
        0.0000928148       -0.0009036350        0.0007637499
        0.0000051347       -0.0000037150       -0.0000006051
       -0.0000060399       -0.0000029002       -0.0000014953
        0.0019570447       -0.0146337703       -0.0109284201
       -0.0019585002       -0.0146333849       -0.0109284048
       -0.0000031650       -0.0000012204        0.0000002049
        0.0000031099       -0.0000011352        0.0000002299
       -0.0000044798        0.1361402050        0.1464395802
       -0.0000008751        0.0000180597        0.0000091700
        0.0006271102       -0.0000004201       -0.0000008998
       -0.0000056852       -0.0000003800       -0.0000008802
        0.0002496949       -0.0000008899       -0.0000012801
        0.0000005397       -0.0000008899       -0.0000012147
       -0.0016239903       -0.0000020350       -0.0000009049
       -0.0000063150       -0.0000007751       -0.0000007998
       -0.0482245852       -0.0000110248       -0.0000059501
       -0.0000177351       -0.0000850449       -0.0000535852
       -0.0000177852        0.0000834251        0.0000522701
        0.0000021450       -0.0000043352       -0.0000064801
        0.0000024650        0.0000017897        0.0000042701
        0.0002374850        0.0003236599       -0.0003383698
        0.0002375347       -0.0003253101        0.0003366651
       -0.0000033697       -0.0000024502       -0.0000029749
       -0.0000037750        0.0000007401        0.0000012702
       -0.0000633901        0.0002072147       -0.0002865303
       -0.0000638548       -0.0002087600        0.0002840250
       -0.0000011548       -0.0000004351       -0.0000019099
       -0.0000011053       -0.0000016300       -0.0000001299
        0.0004854351       -0.0229954802        0.0151251999
        0.0004853899        0.0229937851       -0.0151269350
       -0.0000010201       -0.0000012446       -0.0000008751
        0.0476841501       -0.0000107951       -0.0000052950
       -0.0000008697       -0.0009054801        0.0018200350
       -0.0000008004       -0.0004171551       -0.0007147401
       -0.0000008552       -0.0036661950       -0.0057762350
       -0.0000008703       -0.0001417550        0.0002985450
       -0.0000009453       -0.0202777250        0.0173077999
       -0.0000012102       -0.0000822402       -0.0001176701
       -0.0000098251       -0.2256596147        0.1266176849
        0.0000900445       -0.0000122600       -0.0000279852
       -0.0000912652       -0.0000118800       -0.0000275651
        0.0000243648        0.0000176198        0.0000057096
       -0.0000264902        0.0000171548        0.0000049201
       -0.0000666600        0.0003017399       -0.0001497602
        0.0000650147        0.0003017399       -0.0001506200
       -0.0000145201        0.0000040546       -0.0000069198
        0.0000120102        0.0000035550       -0.0000073800
        0.0005502596        0.0009100447        0.0002643847
       -0.0005518652        0.0009100202        0.0002647496
        0.0000051000        0.0000062400        0.0000082801
       -0.0000067803        0.0000062352        0.0000086951
        0.0003497399        0.0008682548       -0.0017612251
       -0.0003508450        0.0008686700       -0.0017608201
       -0.0000007799       -0.0000700248        0.0000180597
       -0.0000107951        0.2470128402       -0.1360998851
       -0.0000013500       -0.0010121650        0.0009813800
       -0.0000004553       -0.0003095499       -0.0003446499
       -0.0000009200       -0.0025303851       -0.0026169400
       -0.0000012804       -0.0000901150        0.0001131403
       -0.0000005500       -0.0182665548        0.0126266900
       -0.0000008802       -0.0000373953       -0.0000405248
       -0.0000055550        0.1274201401       -0.1369706899
        0.0000430947        0.0000778300        0.0000354899
       -0.0000448750        0.0000777951        0.0000363448
        0.0000181998        0.0000110495       -0.0000071651
       -0.0000203752        0.0000109597       -0.0000071299
       -0.0002743749       -0.0001415850        0.0000297149
        0.0002726148       -0.0001414651        0.0000288551
       -0.0000063747        0.0000023851       -0.0000014649
        0.0000042701        0.0000019500       -0.0000010951
        0.0000928250        0.0009019547        0.0007633949
       -0.0000950448        0.0009023802        0.0007628850
        0.0000017650       -0.0000001700       -0.0000005949
       -0.0000043900       -0.0000001299       -0.0000005699
       -0.0019584951        0.0146323251       -0.0109275700
        0.0019571200        0.0146319252       -0.0109275950
       -0.0000008751       -0.0000197647        0.0000091700
       -0.0000052950       -0.1360998851        0.1464404301
