   16   48
        0.4390012401        0.2135453150       -0.0149632700
       -0.1087396001       -0.0107962401        0.0152821002
       -0.0362931803       -0.0260674301        0.0070787499
        0.0132985301        0.0023655349       -0.0076545700
       -0.1716641452       -0.1470565900       -0.1072433051
       -0.1261977803       -0.0371904002        0.1075613952
        0.0010982899        0.0002488699        0.0006783949
       -0.0061321055       -0.0045764500       -0.0011016198
       -0.0042459951        0.0019806251       -0.0034512101
        0.0022125047        0.0003503797        0.0012054650
        0.0000470953        0.0004975348        0.0008155249
       -0.0019279850        0.0053375047        0.0020003600
        0.0004594250        0.0019345148       -0.0005783201
       -0.0000132752        0.0002117699        0.0001558098
        0.0005711249       -0.0011086749       -0.0000932300
       -0.0014680151        0.0003625698        0.0003153602
        0.2135453150        0.5413181208        0.1795856599
       -0.0102582854       -0.1063013704        0.0226989346
       -0.0063541606        0.0066335298       -0.0087988704
       -0.0239650251       -0.0376006855        0.0100370346
       -0.1554347955       -0.2959872955       -0.1959639704
       -0.0297612607       -0.1070961255       -0.0046225654
        0.0025482797        0.0020326445        0.0002008997
        0.0024801494       -0.0009878454       -0.0047671301
        0.0038610247       -0.0000871901        0.0023832195
        0.0000541795       -0.0001094804        0.0004121696
       -0.0004402904        0.0016716845        0.0001678046
        0.0030965748       -0.0043655857       -0.0020737554
       -0.0009514503        0.0028141895        0.0005360295
        0.0002145543       -0.0001599804       -0.0003324456
        0.0001620145       -0.0013650453       -0.0002751102
        0.0012311193       -0.0004105755        0.0008125147
       -0.0149632700        0.1795856599        1.0540515802
        0.0077195247        0.0147260300       -0.0766538352
       -0.0060423204       -0.0119112050        0.0077946996
       -0.0029326247        0.0021620897        0.0015346549
       -0.1393056303       -0.2353981901       -0.3596853452
        0.1366088350        0.0315852097       -0.6001649200
       -0.0006644200       -0.0003863650       -0.0008299901
        0.0244474896        0.0244828399       -0.0164460050
       -0.0029686552        0.0001376048       -0.0038832403
       -0.0025941151       -0.0017369655       -0.0028364551
       -0.0006350498       -0.0040271752       -0.0021862152
        0.0005733847       -0.0015930601       -0.0020538451
        0.0000163851        0.0006931546        0.0006311947
        0.0014940596        0.0003376297       -0.0007999301
       -0.0001975701       -0.0001113500       -0.0004138201
       -0.0005583104        0.0014698347        0.0019358700
       -0.1087396001       -0.0102582854        0.0077195247
        0.4401254307       -0.0351487304       -0.0002270653
       -0.1511828407        0.0146990396       -0.0485978455
       -0.0961694701        0.0458248945        0.0130788794
        0.0005823298       -0.0291021755       -0.0017433055
        0.0048885946       -0.0111658653        0.0141144548
       -0.0154494356        0.0060522896       -0.0051628604
       -0.0498156106        0.0069337347        0.0282973349
       -0.0210889255        0.0027360397       -0.0132748104
        0.0003359645       -0.0015371205        0.0013724596
       -0.0032326452        0.0053593197        0.0003868394
        0.0071627497       -0.0203707455       -0.0045674904
       -0.0098454203        0.0274941095        0.0080435447
        0.0007874195       -0.0010428855       -0.0002872903
        0.0004442296        0.0014049201        0.0005285045
        0.0011984045       -0.0018553754        0.0003002847
       -0.0107962401       -0.1063013704        0.0147260300
       -0.0351487304        0.4557505804        0.0524027800
        0.0178497697       -0.0760505301        0.0100074499
        0.0461888001       -0.1702097950       -0.0260837604
       -0.0331925551       -0.0159225800       -0.0078538102
       -0.0064627153        0.0107306397        0.0019492902
        0.0289761297       -0.0054651201        0.0155939000
        0.0040411746       -0.0553989904       -0.0398869750
       -0.0196915752        0.0011596902       -0.0107805803
       -0.0029357804       -0.0008481902       -0.0023033300
        0.0008064600       -0.0066149153       -0.0012053255
        0.0095119799       -0.0213063703       -0.0064662652
       -0.0009970449       -0.0050609802       -0.0004524452
       -0.0003305601        0.0015560497        0.0003913146
        0.0021379500       -0.0063131151       -0.0007858503
        0.0000655947        0.0002978695        0.0007130399
        0.0152821002        0.0226989346       -0.0766538352
       -0.0002270653        0.0524027800        0.6459705503
       -0.0469197602        0.0105909749       -0.1142317751
        0.0128457350       -0.0230956653       -0.0889968652
       -0.0213750502       -0.0313791350        0.0000450999
        0.0324615397        0.0237560496       -0.0391162803
        0.0050041098        0.0008235648        0.0029009499
        0.0172650294       -0.0517380101       -0.3124028248
        0.0117060401       -0.0015462899        0.0039839497
       -0.0320275953        0.0053867944       -0.0186684400
        0.0135908951       -0.0327544751       -0.0068071401
       -0.0052829350        0.0117679349        0.0009759097
       -0.0049663001        0.0163443346        0.0025066899
        0.0016437897       -0.0010589054        0.0006711147
        0.0013338797       -0.0023039149        0.0000070199
       -0.0003563005        0.0000701047       -0.0001859053
       -0.0362931803       -0.0063541606       -0.0060423204
       -0.1511828407        0.0178497697       -0.0469197602
        0.5023650010        0.0472473195       -0.0430149606
       -0.0130344102        0.0073646595       -0.0066901504
       -0.0000961603       -0.0012591354       -0.0000628256
        0.0010212545       -0.0011310004       -0.0030951003
       -0.0925271507        0.0376048445        0.0085889545
        0.0017437992        0.0001133844        0.0009976696
       -0.1574336005       -0.1180557706        0.0584590941
       -0.0521605105        0.0052973891        0.0361661597
        0.0005517947       -0.0015655255       -0.0004417356
        0.0005351893       -0.0014840955       -0.0000977155
        0.0000947045        0.0006979693        0.0001424695
       -0.0030300257        0.0044306793       -0.0000207058
       -0.0088980755        0.0285754098        0.0068716597
        0.0083419491       -0.0192985758       -0.0048574955
       -0.0260674301        0.0066335298       -0.0119112050
        0.0146990396       -0.0760505301        0.0105909749
        0.0472473195        0.5249183704       -0.0066380105
        0.0310174650       -0.0063720054        0.0160390147
       -0.0012928453       -0.0079158852        0.0001334197
        0.0001885397       -0.0024961153       -0.0001669599
        0.0363780597       -0.1826732003       -0.0208100352
       -0.0030448302        0.0005417849       -0.0023719252
       -0.1176921202       -0.1682324600        0.0601500795
        0.0050409147       -0.0537977905       -0.0385776650
       -0.0005274200        0.0015562097        0.0004760798
        0.0000203647        0.0013460047        0.0002888697
        0.0028312749       -0.0060635804       -0.0012523552
        0.0018716548       -0.0060612402       -0.0001377205
       -0.0006753405       -0.0032690750       -0.0007800151
        0.0100425595       -0.0220626404       -0.0050637851
        0.0070787499       -0.0087988704        0.0077946996
       -0.0485978455        0.0100074499       -0.1142317751
       -0.0430149606       -0.0066380105        0.5826779307
        0.0057338548        0.0000045446        0.0029068897
        0.0006179746        0.0027417099        0.0003198099
        0.0003773047        0.0024859995       -0.0012343602
        0.0074097846       -0.0194317653       -0.0855313002
       -0.0303442607        0.0046900746       -0.0132210602
        0.0571250047        0.0604802148       -0.0776693105
        0.0394130495       -0.0375434306       -0.3025169701
        0.0012989599       -0.0007513205        0.0007834348
       -0.0001094153        0.0002933146       -0.0000289404
        0.0012831998       -0.0021299704        0.0001687798
        0.0119613645       -0.0326188302       -0.0039399654
       -0.0045428754        0.0157573550        0.0020898997
       -0.0057026756        0.0114192994        0.0016328096
        0.0132985301       -0.0239650251       -0.0029326247
       -0.0961694701        0.0461888001        0.0128457350
       -0.0130344102        0.0310174650        0.0057338548
        0.5760723201        0.0365408451        0.0086051452
       -0.0065586451       -0.0025661652       -0.0007574602
       -0.0017595403       -0.0008109905       -0.0008332299
       -0.0052843552       -0.0004310451       -0.0034061750
       -0.0012504751        0.0040321748       -0.0004455899
        0.0012252750        0.0003541251        0.0006256798
        0.0018220149       -0.0003337004        0.0008055000
       -0.0535737848        0.0035219350        0.0348418200
       -0.1593104298       -0.1204621603        0.0577106047
       -0.2549321451        0.0251409250       -0.1128753701
        0.0000038946       -0.0002122803        0.0000359449
       -0.0006009452        0.0018445752        0.0001974900
        0.0000519495        0.0001664247       -0.0001546749
        0.0023655349       -0.0376006855        0.0021620897
        0.0458248945       -0.1702097950       -0.0230956653
        0.0073646595       -0.0063720054        0.0000045446
        0.0365408451        0.4933104606       -0.0203387603
       -0.0021142452       -0.0000602353       -0.0004750652
       -0.0002292603        0.0002505095       -0.0034196154
       -0.0002567253        0.0005295797       -0.0000172901
        0.0026386647       -0.0050288554        0.0000629399
       -0.0010043954        0.0003203300       -0.0004506404
       -0.0013052352        0.0004606747       -0.0005313902
        0.0046819000       -0.0488087002       -0.0310918202
       -0.1219067252       -0.1761461556        0.0629396649
        0.0274946498       -0.0507394006        0.0143513398
        0.0001001598       -0.0000937254        0.0000297746
       -0.0001907654        0.0001607347       -0.0001776402
        0.0000230443        0.0000291095        0.0000124049
       -0.0076545700        0.0100370346        0.0015346549
        0.0130788794       -0.0260837604       -0.0889968652
       -0.0066901504        0.0160390147        0.0029068897
        0.0086051452       -0.0203387603        0.5853479206
        0.0009898045        0.0003838898        0.0007514944
        0.0017767147        0.0002691795        0.0004141998
       -0.0029139454       -0.0000606252       -0.0018497505
        0.0119285446       -0.0303273552       -0.0016719002
        0.0008579195       -0.0000341402        0.0003445746
       -0.0002264704        0.0009862694        0.0006953448
        0.0343468199       -0.0280755853       -0.3136962152
        0.0581807848        0.0623471746       -0.0764798654
       -0.1117027850        0.0138838047       -0.1101096603
       -0.0001655204        0.0001416797        0.0003751697
       -0.0005348153        0.0009416749        0.0004477798
        0.0001219894       -0.0001483903       -0.0000144203
       -0.1716641452       -0.1554347955       -0.1393056303
        0.0005823298       -0.0331925551       -0.0213750502
       -0.0000961603       -0.0012928453        0.0006179746
       -0.0065586451       -0.0021142452        0.0009898045
        0.1485151006        0.1851842498        0.1446931145
        0.0277327345        0.0087584095        0.0177256149
       -0.0001859704       -0.0002242703       -0.0000662055
        0.0005787197        0.0001268995       -0.0022526649
       -0.0005965254        0.0001739699        0.0000262796
       -0.0000233103       -0.0000826304       -0.0002152552
        0.0002675500       -0.0002165802       -0.0000105805
        0.0010265347       -0.0018835706       -0.0005064103
        0.0002126097       -0.0004679353        0.0001065249
        0.0000773596        0.0000412695       -0.0000326153
        0.0000690144        0.0001444599       -0.0001578701
        0.0000621344        0.0005015795       -0.0002133203
       -0.1470565900       -0.2959872955       -0.2353981901
       -0.0291021755       -0.0159225800       -0.0313791350
       -0.0012591354       -0.0079158852        0.0027417099
       -0.0025661652       -0.0000602353        0.0003838898
        0.1851842498        0.3003795405        0.2640653847
       -0.0047456402        0.0190226046        0.0018523198
        0.0003561996       -0.0009588402        0.0006932197
        0.0006936446        0.0003548448       -0.0017219500
       -0.0021833952        0.0006132100       -0.0012804452
       -0.0000454202        0.0002873296        0.0001198848
       -0.0001007700        0.0001436948        0.0000095548
        0.0005292898       -0.0009106802        0.0001947149
        0.0006276051       -0.0002864502        0.0002768496
       -0.0005199402       -0.0000136555        0.0003223798
        0.0002242248        0.0007707999        0.0000872947
       -0.0000042206        0.0004903444       -0.0008649903
       -0.1072433051       -0.1959639704       -0.3596853452
       -0.0017433055       -0.0078538102        0.0000450999
       -0.0000628256        0.0001334197        0.0003198099
       -0.0007574602       -0.0004750652        0.0007514944
        0.1446931145        0.2640653847        0.4080001906
       -0.0363971355       -0.0621113205       -0.0555287551
        0.0001437945       -0.0001606304        0.0004066050
        0.0000424043        0.0010780795        0.0032699899
       -0.0001157252        0.0001756246        0.0006984246
        0.0010805195        0.0003424046        0.0011184147
        0.0000268147        0.0013593197        0.0008060795
        0.0002291196       -0.0000909355        0.0006369947
        0.0002055700       -0.0007135804       -0.0002464705
       -0.0005439156       -0.0000281105        0.0001681246
        0.0002890647        0.0002455147        0.0000667146
        0.0001735896        0.0000970897       -0.0008292602
       -0.1261977803       -0.0297612607        0.1366088350
        0.0048885946       -0.0064627153        0.0324615397
        0.0010212545        0.0001885397        0.0003773047
       -0.0017595403       -0.0002292603        0.0017767147
        0.0277327345       -0.0047456402       -0.0363971355
        0.0975983107        0.0479158044       -0.1392822750
        0.0000452096       -0.0003745203        0.0001835349
       -0.0032967506       -0.0053213853        0.0029770300
        0.0002009796        0.0002301746        0.0010167244
       -0.0006159203       -0.0000474503        0.0011578197
       -0.0004937752       -0.0003700453       -0.0005026206
        0.0008780748       -0.0008134106       -0.0006662106
        0.0000932647       -0.0005003855        0.0005104997
       -0.0001645105       -0.0001009553        0.0000821296
        0.0000203644        0.0002284298       -0.0000272703
        0.0000550645        0.0001708443       -0.0003015202
       -0.0371904002       -0.1070961255        0.0315852097
       -0.0111658653        0.0107306397        0.0237560496
       -0.0011310004       -0.0024961153        0.0024859995
       -0.0008109905        0.0002505095        0.0002691795
        0.0087584095        0.0190226046       -0.0621113205
        0.0479158044        0.0823516109       -0.0010347205
       -0.0002915306       -0.0006929307       -0.0002109053
       -0.0050433806       -0.0032669305        0.0029177849
       -0.0008850654        0.0004623996       -0.0005670657
        0.0000198744       -0.0004460804        0.0003054899
       -0.0005126304        0.0001528696        0.0013653144
       -0.0000951655        0.0001982943        0.0010225196
        0.0004237347       -0.0001580406        0.0001515195
        0.0002275345        0.0002028042       -0.0000506506
       -0.0000624306        0.0003153545       -0.0000848254
       -0.0001540158        0.0004723495        0.0001547645
        0.1075613952       -0.0046225654       -0.6001649200
        0.0141144548        0.0019492902       -0.0391162803
       -0.0030951003       -0.0001669599       -0.0012343602
       -0.0008332299       -0.0034196154        0.0004141998
        0.0177256149        0.0018523198       -0.0555287551
       -0.1392822750       -0.0010347205        0.6895959103
        0.0007689849        0.0003037647        0.0002480800
        0.0039402846        0.0044134600        0.0001362002
       -0.0005945202       -0.0002196151        0.0016072198
        0.0014013548        0.0004744197        0.0018554201
       -0.0001404700        0.0018508149        0.0010773647
       -0.0005954402       -0.0004157454        0.0012176048
       -0.0002106799        0.0003774696       -0.0003102153
       -0.0007816004       -0.0000334353        0.0005656298
       -0.0001414301       -0.0002142301        0.0003288400
        0.0001421995       -0.0011602253       -0.0006977450
        0.0010982899        0.0025482797       -0.0006644200
       -0.0154494356        0.0289761297        0.0050041098
       -0.0925271507        0.0363780597        0.0074097846
       -0.0052843552       -0.0002567253       -0.0029139454
       -0.0001859704        0.0003561996        0.0001437945
        0.0000452096       -0.0002915306        0.0007689849
        0.5699530107        0.0334997398        0.0098922146
        0.0016394844       -0.0005631153        0.0007607699
        0.0089779647       -0.0193330601       -0.0039493256
       -0.0022028706        0.0048192896        0.0003183797
       -0.0000593050       -0.0001372103       -0.0000560803
        0.0002312248        0.0002124395       -0.0002212803
       -0.0003282000        0.0018813495        0.0002529896
       -0.0524732556        0.0046198645        0.0323306693
       -0.2604346804        0.0225616000       -0.1102796304
       -0.1530015555       -0.1152515804        0.0611997748
        0.0002488699        0.0020326445       -0.0003863650
        0.0060522896       -0.0054651201        0.0008235648
        0.0376048445       -0.1826732003       -0.0194317653
       -0.0004310451        0.0005295797       -0.0000606252
       -0.0002242703       -0.0009588402       -0.0001606304
       -0.0003745203       -0.0006929307        0.0003037647
        0.0334997398        0.4916244006       -0.0159372451
       -0.0013789256        0.0005528346       -0.0001500649
        0.0114315546       -0.0220895501       -0.0047900502
        0.0020245093       -0.0058768006        0.0000191500
        0.0001070148       -0.0000688306        0.0000217995
       -0.0000072600        0.0001600844       -0.0000541803
       -0.0003192753        0.0003740948       -0.0002632203
        0.0044261145       -0.0540168753       -0.0405548255
        0.0238552596       -0.0485374201        0.0125563645
       -0.1164979506       -0.1748963805        0.0680326048
        0.0006783949        0.0002008997       -0.0008299901
       -0.0051628604        0.0155939000        0.0029009499
        0.0085889545       -0.0208100352       -0.0855313002
       -0.0034061750       -0.0000172901       -0.0018497505
       -0.0000662055        0.0006932197        0.0004066050
        0.0001835349       -0.0002109053        0.0002480800
        0.0098922146       -0.0159372451        0.5771525605
       -0.0002072605        0.0010638647        0.0007062701
       -0.0049655503        0.0104020600        0.0015007745
        0.0120750747       -0.0314381555       -0.0024807900
       -0.0002009401        0.0001468646        0.0003333395
        0.0000326600       -0.0003795756       -0.0000412552
       -0.0007037400        0.0010074245        0.0006481545
        0.0319641947       -0.0397715303       -0.3042152002
       -0.1099224701        0.0118869198       -0.1045795452
        0.0612180696        0.0675364097       -0.0843704902
       -0.0061321055        0.0024801494        0.0244474896
       -0.0498156106        0.0040411746        0.0172650294
        0.0017437992       -0.0030448302       -0.0303442607
       -0.0012504751        0.0026386647        0.0119285446
        0.0005787197        0.0006936446        0.0000424043
       -0.0032967506       -0.0050433806        0.0039402846
        0.0016394844       -0.0013789256       -0.0002072605
        0.0603328709       -0.0028744705       -0.0265290504
        0.0010909295       -0.0003338803        0.0007951243
       -0.0050594406        0.0012482693       -0.0029101054
       -0.0002437201        0.0022166645        0.0004978594
        0.0003964294       -0.0002904358       -0.0003664155
        0.0000816846       -0.0006508256        0.0002781843
       -0.0001183406        0.0004210995        0.0007741994
        0.0000883594       -0.0002387605        0.0003177695
       -0.0000314307        0.0001246042        0.0000478346
       -0.0045764500       -0.0009878454        0.0244828399
        0.0069337347       -0.0553989904       -0.0517380101
        0.0001133844        0.0005417849        0.0046900746
        0.0040321748       -0.0050288554       -0.0303273552
        0.0001268995        0.0003548448        0.0010780795
       -0.0053213853       -0.0032669305        0.0044134600
       -0.0005631153        0.0005528346        0.0010638647
       -0.0028744705        0.0659540706        0.0460003250
       -0.0001828701        0.0001544851       -0.0003887754
        0.0006982248        0.0003651445        0.0007240797
        0.0023957497       -0.0054936052       -0.0006900655
       -0.0007074155        0.0009825447        0.0003947596
       -0.0001406551        0.0012445244        0.0006507847
        0.0001630747        0.0001242248       -0.0002407603
       -0.0000497351       -0.0000424399       -0.0001489252
       -0.0000471655       -0.0000563355        0.0000110248
       -0.0011016198       -0.0047671301       -0.0164460050
        0.0282973349       -0.0398869750       -0.3124028248
        0.0009976696       -0.0023719252       -0.0132210602
       -0.0004455899        0.0000629399       -0.0016719002
       -0.0022526649       -0.0017219500        0.0032699899
        0.0029770300        0.0029177849        0.0001362002
        0.0007607699       -0.0001500649        0.0007062701
       -0.0265290504        0.0460003250        0.3370511502
       -0.0001975252       -0.0001466751        0.0003015546
       -0.0023075151        0.0001232598        0.0001309050
       -0.0000730651       -0.0001273699        0.0012597900
        0.0000503101       -0.0004668402        0.0000168998
        0.0002047750       -0.0000898302        0.0003160000
       -0.0004004801        0.0007049047        0.0001691697
        0.0000489149       -0.0001031398        0.0003895849
       -0.0000535454        0.0000058299       -0.0000043352
       -0.0042459951        0.0038610247       -0.0029686552
       -0.0210889255       -0.0196915752        0.0117060401
       -0.1574336005       -0.1176921202        0.0571250047
        0.0012252750       -0.0010043954        0.0008579195
       -0.0005965254       -0.0021833952       -0.0001157252
        0.0002009796       -0.0008850654       -0.0005945202
        0.0089779647        0.0114315546       -0.0049655503
        0.0010909295       -0.0001828701       -0.0001975252
        0.1742028405        0.1253536297       -0.0608246953
       -0.0029993305       -0.0019310502        0.0002625850
       -0.0000720303        0.0000660447       -0.0000248156
       -0.0001244402        0.0009777995       -0.0002520105
        0.0005169801        0.0001212098       -0.0002652905
        0.0002088046       -0.0007943603       -0.0000572604
        0.0006140900       -0.0005883649       -0.0002580953
       -0.0004751504        0.0031835899        0.0005748998
        0.0019806251       -0.0000871901        0.0001376048
        0.0027360397        0.0011596902       -0.0015462899
       -0.1180557706       -0.1682324600        0.0604802148
        0.0003541251        0.0003203300       -0.0000341402
        0.0001739699        0.0006132100        0.0001756246
        0.0002301746        0.0004623996       -0.0002196151
       -0.0193330601       -0.0220895501        0.0104020600
       -0.0003338803        0.0001544851       -0.0001466751
        0.1253536297        0.1871236503       -0.0656705703
        0.0038698246        0.0028049698       -0.0018797851
        0.0000216400        0.0000356050       -0.0001338404
        0.0002880299        0.0001561645        0.0002204300
       -0.0000051301        0.0001455047       -0.0001594151
       -0.0003897000        0.0011092149       -0.0003744452
       -0.0000360203        0.0013480999        0.0004040098
        0.0031817947       -0.0050231952       -0.0016554552
       -0.0034512101        0.0023832195       -0.0038832403
       -0.0132748104       -0.0107805803        0.0039839497
        0.0584590941        0.0601500795       -0.0776693105
        0.0006256798       -0.0004506404        0.0003445746
        0.0000262796       -0.0012804452        0.0006984246
        0.0010167244       -0.0005670657        0.0016072198
       -0.0039493256       -0.0047900502        0.0015007745
        0.0007951243       -0.0003887754        0.0003015546
       -0.0608246953       -0.0656705703        0.0809002108
        0.0210187292        0.0220456542       -0.0089164902
        0.0000575548        0.0001236947       -0.0000201405
        0.0001234895        0.0000697943        0.0002046247
        0.0000647148       -0.0002227654       -0.0001311403
       -0.0005938855        0.0000775194        0.0002599492
       -0.0000846754        0.0006791797       -0.0000233956
       -0.0000086055       -0.0013785055        0.0008407096
        0.0022125047        0.0000541795       -0.0025941151
        0.0003359645       -0.0029357804       -0.0320275953
       -0.0521605105        0.0050409147        0.0394130495
        0.0018220149       -0.0013052352       -0.0002264704
       -0.0000233103       -0.0000454202        0.0010805195
       -0.0006159203        0.0000198744        0.0014013548
       -0.0022028706        0.0020245093        0.0120750747
       -0.0050594406        0.0006982248       -0.0023075151
       -0.0029993305        0.0038698246        0.0210187292
        0.0585759608       -0.0095543905       -0.0380285704
       -0.0001248353        0.0004506697        0.0005214144
        0.0000191645        0.0001239545        0.0001024597
        0.0000461100       -0.0002392207        0.0002970296
       -0.0001777954        0.0026137747       -0.0002350555
       -0.0000911456       -0.0004096103        0.0001548247
        0.0004488592       -0.0003968654       -0.0006634903
        0.0003503797       -0.0001094804       -0.0017369655
       -0.0015371205       -0.0008481902        0.0053867944
        0.0052973891       -0.0537977905       -0.0375434306
       -0.0003337004        0.0004606747        0.0009862694
       -0.0000826304        0.0002873296        0.0003424046
       -0.0000474503       -0.0004460804        0.0004744197
        0.0048192896       -0.0058768006       -0.0314381555
        0.0012482693        0.0003651445        0.0001232598
       -0.0019310502        0.0028049698        0.0220456542
       -0.0095543905        0.0605502009        0.0418210647
        0.0004135748        0.0001117297       -0.0001129004
       -0.0000472156       -0.0000453056        0.0001107995
       -0.0000836854       -0.0000794105       -0.0001714955
        0.0025720996       -0.0058509656       -0.0008773804
       -0.0002121556        0.0012917596        0.0004987146
       -0.0008713158        0.0011831645        0.0000654745
        0.0012054650        0.0004121696       -0.0028364551
        0.0013724596       -0.0023033300       -0.0186684400
        0.0361661597       -0.0385776650       -0.3025169701
        0.0008055000       -0.0005313902        0.0006953448
       -0.0002152552        0.0001198848        0.0011184147
        0.0011578197        0.0003054899        0.0018554201
        0.0003183797        0.0000191500       -0.0024807900
       -0.0029101054        0.0007240797        0.0001309050
        0.0002625850       -0.0018797851       -0.0089164902
       -0.0380285704        0.0418210647        0.3288501404
       -0.0004133400        0.0006808600        0.0003657848
       -0.0001174101       -0.0000110504       -0.0000333452
        0.0000334498       -0.0000793403        0.0004828900
        0.0002216296       -0.0003735954        0.0014629248
        0.0002358698       -0.0002412699        0.0002306200
       -0.0001169053       -0.0001050302        0.0002582800
        0.0000470953       -0.0004402904       -0.0006350498
       -0.0032326452        0.0008064600        0.0135908951
        0.0005517947       -0.0005274200        0.0012989599
       -0.0535737848        0.0046819000        0.0343468199
        0.0002675500       -0.0001007700        0.0000268147
       -0.0004937752       -0.0005126304       -0.0001404700
       -0.0000593050        0.0001070148       -0.0002009401
       -0.0002437201        0.0023957497       -0.0000730651
       -0.0000720303        0.0000216400        0.0000575548
       -0.0001248353        0.0004135748       -0.0004133400
        0.0547251602       -0.0071216050       -0.0392084004
       -0.0030075651        0.0041719946        0.0202893850
        0.0051918201       -0.0037398303       -0.0287991352
        0.0000273499       -0.0001199101       -0.0001387002
       -0.0000145903        0.0000049300       -0.0000344653
        0.0000100798       -0.0000406501        0.0000062801
        0.0004975348        0.0016716845       -0.0040271752
        0.0053593197       -0.0066149153       -0.0327544751
       -0.0015655255        0.0015562097       -0.0007513205
        0.0035219350       -0.0488087002       -0.0280755853
       -0.0002165802        0.0001436948        0.0013593197
       -0.0003700453        0.0001528696        0.0018508149
       -0.0001372103       -0.0000688306        0.0001468646
        0.0022166645       -0.0054936052       -0.0001273699
        0.0000660447        0.0000356050        0.0001236947
        0.0004506697        0.0001117297        0.0006808600
       -0.0071216050        0.0550747706        0.0345112744
       -0.0015586951        0.0030369145        0.0231888495
       -0.0010389752       -0.0008945952        0.0036221047
       -0.0000943754        0.0001402546        0.0001352947
       -0.0000102153        0.0000156498        0.0000908148
        0.0000065296       -0.0000566203        0.0000014697
        0.0008155249        0.0001678046       -0.0021862152
        0.0003868394       -0.0012053255       -0.0068071401
       -0.0004417356        0.0004760798        0.0007834348
        0.0348418200       -0.0310918202       -0.3136962152
       -0.0000105805        0.0000095548        0.0008060795
       -0.0005026206        0.0013653144        0.0010773647
       -0.0000560803        0.0000217995        0.0003333395
        0.0004978594       -0.0006900655        0.0012597900
       -0.0000248156       -0.0001338404       -0.0000201405
        0.0005214144       -0.0001129004        0.0003657848
       -0.0392084004        0.0345112744        0.3381763008
       -0.0004818452       -0.0019848756       -0.0077996302
        0.0037214846       -0.0014615708       -0.0122550455
       -0.0001031407        0.0001537495       -0.0000337954
        0.0000051546       -0.0000406152        0.0000002444
        0.0000156294       -0.0000075605       -0.0000050605
       -0.0019279850        0.0030965748        0.0005733847
        0.0071627497        0.0095119799       -0.0052829350
        0.0005351893        0.0000203647       -0.0001094153
       -0.1593104298       -0.1219067252        0.0581807848
        0.0010265347        0.0005292898        0.0002291196
        0.0008780748       -0.0000951655       -0.0005954402
        0.0002312248       -0.0000072600        0.0000326600
        0.0003964294       -0.0007074155        0.0000503101
       -0.0001244402        0.0002880299        0.0001234895
        0.0000191645       -0.0000472156       -0.0001174101
       -0.0030075651       -0.0015586951       -0.0004818452
        0.1703120205        0.1307014045       -0.0634734354
       -0.0161670701       -0.0197150953        0.0108982996
        0.0000039748       -0.0000160705       -0.0000069105
        0.0000094150       -0.0000615898       -0.0000048203
       -0.0000374206        0.0000034194       -0.0000168151
        0.0053375047       -0.0043655857       -0.0015930601
       -0.0203707455       -0.0213063703        0.0117679349
       -0.0014840955        0.0013460047        0.0002933146
       -0.1204621603       -0.1761461556        0.0623471746
       -0.0018835706       -0.0009106802       -0.0000909355
       -0.0008134106        0.0001982943       -0.0004157454
        0.0002124395        0.0001600844       -0.0003795756
       -0.0002904358        0.0009825447       -0.0004668402
        0.0009777995        0.0001561645        0.0000697943
        0.0001239545       -0.0000453056       -0.0000110504
        0.0041719946        0.0030369145       -0.0019848756
        0.1307014045        0.1935587909       -0.0674396853
        0.0039031295        0.0030571744       -0.0020654056
       -0.0000153804       -0.0000514456        0.0000000395
        0.0000107744        0.0000632346       -0.0000146557
       -0.0000792505        0.0002689046       -0.0000145454
        0.0020003600       -0.0020737554       -0.0020538451
       -0.0045674904       -0.0064662652        0.0009759097
       -0.0000977155        0.0002888697       -0.0000289404
        0.0577106047        0.0629396649       -0.0764798654
       -0.0005064103        0.0001947149        0.0006369947
       -0.0006662106        0.0010225196        0.0012176048
       -0.0002212803       -0.0000541803       -0.0000412552
       -0.0003664155        0.0003947596        0.0000168998
       -0.0002520105        0.0002204300        0.0002046247
        0.0001024597        0.0001107995       -0.0000333452
        0.0202893850        0.0231888495       -0.0077996302
       -0.0634734354       -0.0674396853        0.0788431805
       -0.0099787101       -0.0122777755        0.0046017095
        0.0000171346       -0.0000439255       -0.0000304752
       -0.0000096802        0.0000505449       -0.0000053453
        0.0000231245       -0.0000517852       -0.0000223451
        0.0004594250       -0.0009514503        0.0000163851
       -0.0098454203       -0.0009970449       -0.0049663001
        0.0000947045        0.0028312749        0.0012831998
       -0.2549321451        0.0274946498       -0.1117027850
        0.0002126097        0.0006276051        0.0002055700
        0.0000932647        0.0004237347       -0.0002106799
       -0.0003282000       -0.0003192753       -0.0007037400
        0.0000816846       -0.0001406551        0.0002047750
        0.0005169801       -0.0000051301        0.0000647148
        0.0000461100       -0.0000836854        0.0000334498
        0.0051918201       -0.0010389752        0.0037214846
       -0.0161670701        0.0039031295       -0.0099787101
        0.2746890402       -0.0321578554        0.1219877447
       -0.0000061104       -0.0000106900        0.0000306198
       -0.0000678151        0.0002716249        0.0000344301
       -0.0000390753        0.0001327797        0.0000036999
        0.0019345148        0.0028141895        0.0006931546
        0.0274941095       -0.0050609802        0.0163443346
        0.0006979693       -0.0060635804       -0.0021299704
        0.0251409250       -0.0507394006        0.0138838047
       -0.0004679353       -0.0002864502       -0.0007135804
       -0.0005003855       -0.0001580406        0.0003774696
        0.0018813495        0.0003740948        0.0010074245
       -0.0006508256        0.0012445244       -0.0000898302
        0.0001212098        0.0001455047       -0.0002227654
       -0.0002392207       -0.0000794105       -0.0000793403
       -0.0037398303       -0.0008945952       -0.0014615708
       -0.0197150953        0.0030571744       -0.0122777755
       -0.0321578554        0.0562109108       -0.0152043404
       -0.0000055906        0.0000412544       -0.0000542855
        0.0002706048       -0.0006561203       -0.0001287856
       -0.0000816655        0.0000536343        0.0000551296
       -0.0005783201        0.0005360295        0.0006311947
        0.0080435447       -0.0004524452        0.0025066899
        0.0001424695       -0.0012523552        0.0001687798
       -0.1128753701        0.0143513398       -0.1101096603
        0.0001065249        0.0002768496       -0.0002464705
        0.0005104997        0.0001515195       -0.0003102153
        0.0002529896       -0.0002632203        0.0006481545
        0.0002781843        0.0006507847        0.0003160000
       -0.0002652905       -0.0001594151       -0.0001311403
        0.0002970296       -0.0001714955        0.0004828900
       -0.0287991352        0.0036221047       -0.0122550455
        0.0108982996       -0.0020654056        0.0046017095
        0.1219877447       -0.0152043404        0.1137196506
       -0.0000606104        0.0001306049       -0.0000029053
        0.0000762498       -0.0001285801       -0.0000172554
        0.0000088744       -0.0000254556       -0.0000033651
       -0.0000132752        0.0002145543        0.0014940596
        0.0007874195       -0.0003305601        0.0016437897
       -0.0030300257        0.0018716548        0.0119613645
        0.0000038946        0.0001001598       -0.0001655204
        0.0000773596       -0.0005199402       -0.0005439156
       -0.0001645105        0.0002275345       -0.0007816004
       -0.0524732556        0.0044261145        0.0319641947
       -0.0001183406        0.0001630747       -0.0004004801
        0.0002088046       -0.0003897000       -0.0005938855
       -0.0001777954        0.0025720996        0.0002216296
        0.0000273499       -0.0000943754       -0.0001031407
        0.0000039748       -0.0000153804        0.0000171346
       -0.0000061104       -0.0000055906       -0.0000606104
        0.0526981808       -0.0078984405       -0.0359163354
        0.0048384948       -0.0049516402       -0.0291054903
       -0.0026629854        0.0046295295        0.0203424446
        0.0002117699       -0.0001599804        0.0003376297
       -0.0010428855        0.0015560497       -0.0010589054
        0.0044306793       -0.0060612402       -0.0326188302
       -0.0002122803       -0.0000937254        0.0001416797
        0.0000412695       -0.0000136555       -0.0000281105
       -0.0001009553        0.0002028042       -0.0000334353
        0.0046198645       -0.0540168753       -0.0397715303
        0.0004210995        0.0001242248        0.0007049047
       -0.0007943603        0.0011092149        0.0000775194
        0.0026137747       -0.0058509656       -0.0003735954
       -0.0001199101        0.0001402546        0.0001537495
       -0.0000160705       -0.0000514456       -0.0000439255
       -0.0000106900        0.0000412544        0.0001306049
       -0.0078984405        0.0602270308        0.0461208396
       -0.0009152953       -0.0009384351        0.0034757147
       -0.0012227608        0.0037885496        0.0227654249
        0.0001558098       -0.0003324456       -0.0007999301
       -0.0002872903        0.0003913146        0.0006711147
       -0.0000207058       -0.0001377205       -0.0039399654
        0.0000359449        0.0000297746        0.0003751697
       -0.0000326153        0.0003223798        0.0001681246
        0.0000821296       -0.0000506506        0.0005656298
        0.0323306693       -0.0405548255       -0.3042152002
        0.0007741994       -0.0002407603        0.0001691697
       -0.0000572604       -0.0003744452        0.0002599492
       -0.0002350555       -0.0008773804        0.0014629248
       -0.0001387002        0.0001352947       -0.0000337954
       -0.0000069105        0.0000000395       -0.0000304752
        0.0000306198       -0.0000542855       -0.0000029053
       -0.0359163354        0.0461208396        0.3286690207
        0.0035598848       -0.0017942551       -0.0129788202
       -0.0002974556       -0.0026009957       -0.0103413254
        0.0005711249        0.0001620145       -0.0001975701
        0.0004442296        0.0021379500        0.0013338797
       -0.0088980755       -0.0006753405       -0.0045428754
       -0.0006009452       -0.0001907654       -0.0005348153
        0.0000690144        0.0002242248        0.0002890647
        0.0000203644       -0.0000624306       -0.0001414301
       -0.2604346804        0.0238552596       -0.1099224701
        0.0000883594       -0.0000497351        0.0000489149
        0.0006140900       -0.0000360203       -0.0000846754
       -0.0000911456       -0.0002121556        0.0002358698
       -0.0000145903       -0.0000102153        0.0000051546
        0.0000094150        0.0000107744       -0.0000096802
       -0.0000678151        0.0002706048        0.0000762498
        0.0048384948       -0.0009152953        0.0035598848
        0.2803328806       -0.0278577753        0.1196879296
       -0.0168804206        0.0033287398       -0.0097803354
       -0.0011086749       -0.0013650453       -0.0001113500
        0.0014049201       -0.0063131151       -0.0023039149
        0.0285754098       -0.0032690750        0.0157573550
        0.0018445752        0.0001607347        0.0009416749
        0.0001444599        0.0007707999        0.0002455147
        0.0002284298        0.0003153545       -0.0002142301
        0.0225616000       -0.0485374201        0.0118869198
       -0.0002387605       -0.0000424399       -0.0001031398
       -0.0005883649        0.0013480999        0.0006791797
       -0.0004096103        0.0012917596       -0.0002412699
        0.0000049300        0.0000156498       -0.0000406152
       -0.0000615898        0.0000632346        0.0000505449
        0.0002716249       -0.0006561203       -0.0001285801
       -0.0049516402       -0.0009384351       -0.0017942551
       -0.0278577753        0.0547786402       -0.0128075152
       -0.0198417905        0.0023758648       -0.0118215252
       -0.0000932300       -0.0002751102       -0.0004138201
        0.0005285045       -0.0007858503        0.0000070199
        0.0068716597       -0.0007800151        0.0020898997
        0.0001974900       -0.0001776402        0.0004477798
       -0.0001578701        0.0000872947        0.0000667146
       -0.0000272703       -0.0000848254        0.0003288400
       -0.1102796304        0.0125563645       -0.1045795452
        0.0003177695       -0.0001489252        0.0003895849
       -0.0002580953        0.0004040098       -0.0000233956
        0.0001548247        0.0004987146        0.0002306200
       -0.0000344653        0.0000908148        0.0000002444
       -0.0000048203       -0.0000146557       -0.0000053453
        0.0000344301       -0.0001287856       -0.0000172554
       -0.0291054903        0.0034757147       -0.0129788202
        0.1196879296       -0.0128075152        0.1092644806
        0.0121922693       -0.0019093304        0.0051945398
       -0.0014680151        0.0012311193       -0.0005583104
        0.0011984045        0.0000655947       -0.0003563005
        0.0083419491        0.0100425595       -0.0057026756
        0.0000519495        0.0000230443        0.0001219894
        0.0000621344       -0.0000042206        0.0001735896
        0.0000550645       -0.0001540158        0.0001421995
       -0.1530015555       -0.1164979506        0.0612180696
       -0.0000314307       -0.0000471655       -0.0000535454
       -0.0004751504        0.0031817947       -0.0000086055
        0.0004488592       -0.0008713158       -0.0001169053
        0.0000100798        0.0000065296        0.0000156294
       -0.0000374206       -0.0000792505        0.0000231245
       -0.0000390753       -0.0000816655        0.0000088744
       -0.0026629854       -0.0012227608       -0.0002974556
       -0.0168804206       -0.0198417905        0.0121922693
        0.1644282611        0.1242822043       -0.0668015304
        0.0003625698       -0.0004105755        0.0014698347
       -0.0018553754        0.0002978695        0.0000701047
       -0.0192985758       -0.0220626404        0.0114192994
        0.0001664247        0.0000291095       -0.0001483903
        0.0005015795        0.0004903444        0.0000970897
        0.0001708443        0.0004723495       -0.0011602253
       -0.1152515804       -0.1748963805        0.0675364097
        0.0001246042       -0.0000563355        0.0000058299
        0.0031835899       -0.0050231952       -0.0013785055
       -0.0003968654        0.0011831645       -0.0001050302
       -0.0000406501       -0.0000566203       -0.0000075605
        0.0000034194        0.0002689046       -0.0000517852
        0.0001327797        0.0000536343       -0.0000254556
        0.0046295295        0.0037885496       -0.0026009957
        0.0033287398        0.0023758648       -0.0019093304
        0.1242822043        0.1935531708       -0.0731999452
        0.0003153602        0.0008125147        0.0019358700
        0.0003002847        0.0007130399       -0.0001859053
       -0.0048574955       -0.0050637851        0.0016328096
       -0.0001546749        0.0000124049       -0.0000144203
       -0.0002133203       -0.0008649903       -0.0008292602
       -0.0003015202        0.0001547645       -0.0006977450
        0.0611997748        0.0680326048       -0.0843704902
        0.0000478346        0.0000110248       -0.0000043352
        0.0005748998       -0.0016554552        0.0008407096
       -0.0006634903        0.0000654745        0.0002582800
        0.0000062801        0.0000014697       -0.0000050605
       -0.0000168151       -0.0000145454       -0.0000223451
        0.0000036999        0.0000551296       -0.0000033651
        0.0203424446        0.0227654249       -0.0103413254
       -0.0097803354       -0.0118215252        0.0051945398
       -0.0668015304       -0.0731999452        0.0866105904
