   15   45
        0.6220652729        0.0113256243       -0.0000000001
       -0.1157571816        0.0354000509       -0.0000000001
       -0.2130641216       -0.0176303983        0.0000000000
       -0.1216271071        0.0091133537        0.0445195447
       -0.1216271070        0.0091133537       -0.0445195447
       -0.0017937596       -0.0496951828       -0.0000000000
        0.0047425437        0.0045134598       -0.0000000000
       -0.0163263662       -0.0048493021        0.0008678158
       -0.0163263661       -0.0048493022       -0.0008678158
        0.0008040722       -0.0028295007       -0.0048374636
       -0.0186254860        0.0122494147        0.0310909260
        0.0076781570       -0.0056402006       -0.0169229168
        0.0008040722       -0.0028295005        0.0048374636
       -0.0186254862        0.0122494147       -0.0310909260
        0.0076781571       -0.0056402005        0.0169229167
        0.0113256243        0.5208910116       -0.0000000009
       -0.0130697516       -0.2066781495       -0.0000000024
       -0.0338715331       -0.0904459079        0.0000000009
        0.0180028262       -0.0941102201       -0.0310548191
        0.0180028238       -0.0941102200        0.0310548177
        0.0011362906       -0.0171803332       -0.0000000000
       -0.0332973489       -0.0101912616       -0.0000000024
        0.0160398913        0.0023838376        0.0009944897
        0.0160398912        0.0023838329       -0.0009944897
        0.0152311286       -0.0116413263       -0.0275002338
       -0.0086790158        0.0020261776        0.0115286912
       -0.0067086380        0.0031429966        0.0147990656
        0.0152311286       -0.0116413198        0.0275002338
       -0.0086790223        0.0020261790       -0.0115286927
       -0.0067086356        0.0031430022       -0.0147990712
       -0.0000000001       -0.0000000009        0.5796768489
        0.0000000002        0.0000000002       -0.0819744640
        0.0000000000        0.0000000001       -0.0947311261
        0.0459547641       -0.0212791340       -0.1780856369
       -0.0459547643        0.0212791342       -0.1780856370
       -0.0000000002        0.0000000001        0.0005841348
        0.0000000001        0.0000000002       -0.0020996403
       -0.0323969528       -0.0085434792       -0.0015708749
        0.0323969529        0.0085434791       -0.0015708752
       -0.0034943812        0.0044921599        0.0042948489
       -0.0026409151       -0.0001099878        0.0008388999
        0.0146015422       -0.0105777113       -0.0262060677
        0.0034943813       -0.0044921595        0.0042948489
        0.0026409149        0.0001099879        0.0008388999
       -0.0146015419        0.0105777111       -0.0262060681
       -0.1157571816       -0.0130697516        0.0000000002
        0.6020584252        0.1154535759       -0.0000000013
       -0.0038015069       -0.0522888293       -0.0000000002
        0.0018556012        0.0216961556        0.0004987029
        0.0018555999        0.0216961556       -0.0004987043
       -0.4878991750       -0.0932397224        0.0000000000
       -0.0091526566       -0.0040221855       -0.0000000012
        0.0030466738        0.0003283341        0.0005100506
        0.0030466739        0.0003283316       -0.0005100506
       -0.0005958241        0.0020557795        0.0039141837
        0.0026726088        0.0001947319       -0.0017934773
        0.0002970439       -0.0006930286       -0.0001148935
       -0.0005958241        0.0020557816       -0.0039141837
        0.0026726066        0.0001947334        0.0017934759
        0.0002970452       -0.0006930263        0.0001148912
        0.0354000509       -0.2066781495        0.0000000002
        0.1154535759        0.4134775696        0.0000000007
       -0.0064353600       -0.0319250699       -0.0000000003
       -0.0008644990       -0.0417579332       -0.0018601051
       -0.0008644982       -0.0417579332        0.0018601057
       -0.1466205115       -0.0984304837        0.0000000000
       -0.0048347099       -0.0000531780        0.0000000008
        0.0009203705        0.0011394810       -0.0008450953
        0.0009203706        0.0011394825        0.0008450953
        0.0041655498       -0.0014278351       -0.0072406207
        0.0009924693        0.0021211043        0.0021678085
       -0.0016935093        0.0017329666        0.0000364738
        0.0041655498       -0.0014278370        0.0072406207
        0.0009924711        0.0021211038       -0.0021678078
       -0.0016935100        0.0017329649       -0.0000364721
       -0.0000000001       -0.0000000024       -0.0819744640
       -0.0000000013        0.0000000007        0.0888500621
        0.0000000001       -0.0000000004        0.0023945456
       -0.0000743448       -0.0380081311        0.0026240048
        0.0000743453        0.0380081313        0.0026240044
        0.0000000012        0.0000000004       -0.0176124327
        0.0000000000        0.0000000007        0.0008707579
        0.0013431605       -0.0003991305        0.0006731942
       -0.0013431605        0.0003991305        0.0006731941
        0.0040319261       -0.0042238820       -0.0051569974
       -0.0010684945        0.0010242698        0.0013587769
       -0.0007373259        0.0006327250        0.0042377224
       -0.0040319260        0.0042238831       -0.0051569973
        0.0010684943       -0.0010242698        0.0013587769
        0.0007373261       -0.0006327249        0.0042377225
       -0.2130641216       -0.0338715331        0.0000000000
       -0.0038015069       -0.0064353600        0.0000000001
        0.5429849877       -0.0220615637        0.0000000000
       -0.0233078748       -0.0025217365        0.0059975480
       -0.0233078747       -0.0025217365       -0.0059975480
        0.0020105262        0.0014619936        0.0000000000
       -0.0630988895       -0.0235336072        0.0000000000
       -0.1107758921        0.0445720220       -0.0966744393
       -0.1107758922        0.0445720221        0.0966744393
        0.0003266882       -0.0006451982       -0.0006936668
        0.0001296977        0.0011321962        0.0016481667
        0.0011098783       -0.0003165679       -0.0018088115
        0.0003266881       -0.0006451985        0.0006936668
        0.0001296980        0.0011321961       -0.0016481668
        0.0011098782       -0.0003165680        0.0018088117
       -0.0176303983       -0.0904459079        0.0000000001
       -0.0522888293       -0.0319250699       -0.0000000004
       -0.0220615637        0.6210843447       -0.0000000001
        0.0115413516        0.0073435876        0.0009915897
        0.0115413511        0.0073435875       -0.0009915902
       -0.0003983942       -0.0089616410        0.0000000000
       -0.0172961242       -0.3144195353       -0.0000000004
        0.0411983366       -0.0936271104        0.0773025006
        0.0411983365       -0.0936271112       -0.0773025006
        0.0001283196       -0.0004072509        0.0002584344
        0.0024442591       -0.0008542350       -0.0028439352
       -0.0004749461       -0.0001227601        0.0004192515
        0.0001283196       -0.0004072503       -0.0002584344
        0.0024442584       -0.0008542345        0.0028439347
       -0.0004749457       -0.0001227594       -0.0004192522
        0.0000000000        0.0000000009       -0.0947311261
       -0.0000000002       -0.0000000003        0.0023945456
        0.0000000000       -0.0000000001        0.6255404634
        0.0344704665        0.0084918700       -0.0010361377
       -0.0344704662       -0.0084918701       -0.0010361378
        0.0000000002       -0.0000000001       -0.0002624311
       -0.0000000000       -0.0000000002       -0.0588971825
       -0.0921112606        0.0787883867       -0.2321762067
        0.0921112605       -0.0787883866       -0.2321762064
       -0.0006299156        0.0005710887        0.0009128271
        0.0042233580       -0.0018137554       -0.0055708367
        0.0003550408        0.0004313001        0.0008463916
        0.0006299156       -0.0005710890        0.0009128272
       -0.0042233578        0.0018137554       -0.0055708367
       -0.0003550411       -0.0004312999        0.0008463919
       -0.1216271071        0.0180028262        0.0459547641
        0.0018556012       -0.0008644990       -0.0000743448
       -0.0233078748        0.0115413516        0.0344704665
        0.5958423431        0.0109387309        0.0366137063
        0.0101162877       -0.0059374692       -0.0145562996
        0.0023100051       -0.0011171492       -0.0018829011
        0.0012420837        0.0006265288       -0.0000357588
        0.0015568168        0.0004806243        0.0005685674
       -0.0069271127       -0.0017992846        0.0002260338
       -0.0586158178       -0.0024268554        0.0008223703
       -0.2867332718       -0.0732976392       -0.0018384930
       -0.1143767753        0.0434290008       -0.0951702761
        0.0001011600       -0.0001674319        0.0005293900
        0.0001293653       -0.0003667889       -0.0007324517
       -0.0015668583        0.0009576808       -0.0048918019
        0.0091133537       -0.0941102201       -0.0212791340
        0.0216961556       -0.0417579332       -0.0380081311
       -0.0025217365        0.0073435876        0.0084918700
        0.0109387309        0.6109716509       -0.0282389117
       -0.0059374694        0.0093154428        0.0085384640
        0.0019298469        0.0012170152       -0.0004282495
        0.0000036131       -0.0004589663        0.0002453132
        0.0004862652       -0.0002209745       -0.0002630121
       -0.0033641829       -0.0006019492        0.0006379412
       -0.0050608168       -0.3151692183       -0.0066889999
       -0.0720683948       -0.0817814425       -0.0011667184
        0.0438130559       -0.0933865097        0.0753118967
       -0.0003037750       -0.0003567111       -0.0003739093
        0.0000514012       -0.0001689302       -0.0004119348
        0.0012251686       -0.0008371719        0.0036315799
        0.0445195447       -0.0310548191       -0.1780856369
        0.0004987029       -0.0018601051        0.0026240048
        0.0059975480        0.0009915897       -0.0010361377
        0.0366137063       -0.0282389117        0.5613607994
        0.0145562999       -0.0085384642       -0.0351615262
       -0.0006171511       -0.0005770633        0.0000278617
       -0.0001469154       -0.0002092944       -0.0001006349
       -0.0015270671        0.0000471609        0.0004299458
       -0.0019530327        0.0002215409        0.0010528332
        0.0007679830       -0.0111128961       -0.0613726911
        0.0013658190        0.0004830531       -0.0593550419
       -0.0991695218        0.0791030451       -0.2287562895
        0.0004760736       -0.0006419903        0.0007281153
        0.0012376669       -0.0005965322        0.0017963032
       -0.0026197582        0.0019849551       -0.0041540464
       -0.1216271070        0.0180028238       -0.0459547643
        0.0018555999       -0.0008644982        0.0000743453
       -0.0233078747        0.0115413511       -0.0344704662
        0.0101162877       -0.0059374694        0.0145562999
        0.5958423434        0.0109387307       -0.0366137062
        0.0023100063       -0.0011171488        0.0018829006
        0.0012420837        0.0006265296        0.0000357591
       -0.0069271128       -0.0017992849       -0.0002260338
        0.0015568168        0.0004806245       -0.0005685674
        0.0001011600       -0.0001674314       -0.0005293901
        0.0001293652       -0.0003667887        0.0007324520
       -0.0015668581        0.0009576810        0.0048918020
       -0.0586158178       -0.0024268548       -0.0008223703
       -0.2867332719       -0.0732976394        0.0018384933
       -0.1143767754        0.0434290007        0.0951702763
        0.0091133537       -0.0941102200        0.0212791342
        0.0216961556       -0.0417579332        0.0380081313
       -0.0025217365        0.0073435875       -0.0084918701
       -0.0059374692        0.0093154428       -0.0085384642
        0.0109387307        0.6109716511        0.0282389115
        0.0019298470        0.0012170152        0.0004282489
        0.0000036131       -0.0004589662       -0.0002453136
       -0.0033641829       -0.0006019488       -0.0006379412
        0.0004862651       -0.0002209749        0.0002630121
       -0.0003037750       -0.0003567113        0.0003739092
        0.0000514014       -0.0001689304        0.0004119345
        0.0012251684       -0.0008371722       -0.0036315802
       -0.0050608168       -0.3151692182        0.0066889999
       -0.0720683950       -0.0817814423        0.0011667181
        0.0438130561       -0.0933865094       -0.0753118970
       -0.0445195447        0.0310548177       -0.1780856370
       -0.0004987043        0.0018601057        0.0026240044
       -0.0059975480       -0.0009915902       -0.0010361378
       -0.0145562996        0.0085384640       -0.0351615262
       -0.0366137062        0.0282389115        0.5613607994
        0.0006171524        0.0005770636        0.0000278619
        0.0001469154        0.0002092949       -0.0001006348
        0.0019530324       -0.0002215408        0.0010528331
        0.0015270671       -0.0000471609        0.0004299459
       -0.0004760738        0.0006419907        0.0007281153
       -0.0012376668        0.0005965321        0.0017963032
        0.0026197581       -0.0019849550       -0.0041540466
       -0.0007679829        0.0111128965       -0.0613726911
       -0.0013658191       -0.0004830530       -0.0593550418
        0.0991695217       -0.0791030449       -0.2287562893
       -0.0017937596        0.0011362906       -0.0000000002
       -0.4878991750       -0.1466205115        0.0000000012
        0.0020105262       -0.0003983942        0.0000000002
        0.0023100051        0.0019298469       -0.0006171511
        0.0023100063        0.0019298470        0.0006171524
        0.4841754039        0.1415659780       -0.0000000000
        0.0001385048       -0.0000070594        0.0000000011
        0.0001923446        0.0001505327        0.0001224832
        0.0001923446        0.0001505350       -0.0001224832
       -0.0002902852        0.0003151952        0.0004533744
       -0.0003254674       -0.0000342376       -0.0002578377
       -0.0002029416       -0.0001986031       -0.0001036576
       -0.0002902853        0.0003151933       -0.0004533744
       -0.0003254655       -0.0000342390        0.0002578390
       -0.0002029428       -0.0001986052        0.0001036597
       -0.0496951828       -0.0171803332        0.0000000001
       -0.0932397224       -0.0984304837        0.0000000004
        0.0014619936       -0.0089616410       -0.0000000001
       -0.0011171492        0.0012170152       -0.0005770633
       -0.0011171488        0.0012170152        0.0005770636
        0.1415659780        0.1213629790        0.0000000000
       -0.0023934652       -0.0004898044        0.0000000004
        0.0002849518        0.0002218374       -0.0002117430
        0.0002849518        0.0002218383        0.0002117430
        0.0003420821        0.0006397919        0.0006242730
        0.0013452877       -0.0002004512       -0.0008833935
        0.0002938562       -0.0000277293        0.0000923834
        0.0003420821        0.0006397907       -0.0006242730
        0.0013452888       -0.0002004515        0.0008833938
        0.0002938558       -0.0000277303       -0.0000923824
       -0.0000000000       -0.0000000000        0.0005841348
        0.0000000000        0.0000000000       -0.0176124327
        0.0000000000        0.0000000000       -0.0002624311
       -0.0018829011       -0.0004282495        0.0000278617
        0.0018829006        0.0004282489        0.0000278619
       -0.0000000000        0.0000000000        0.0170291075
        0.0000000000       -0.0000000000        0.0007058436
        0.0001232237       -0.0000347574        0.0001010455
       -0.0001232237        0.0000347574        0.0001010455
        0.0003667662        0.0006510167       -0.0000047185
        0.0009226041       -0.0004246880        0.0001530392
       -0.0002605128       -0.0002510671       -0.0004998989
       -0.0003667662       -0.0006510166       -0.0000047185
       -0.0009226041        0.0004246880        0.0001530393
        0.0002605128        0.0002510671       -0.0004998989
        0.0047425437       -0.0332973489        0.0000000001
       -0.0091526566       -0.0048347099        0.0000000000
       -0.0630988895       -0.0172961242       -0.0000000000
        0.0012420837        0.0000036131       -0.0001469154
        0.0012420837        0.0000036131        0.0001469154
        0.0001385048       -0.0023934652        0.0000000000
        0.0625794061        0.0236819786        0.0000000000
        0.0015079364        0.0164785220        0.0017965693
        0.0015079365        0.0164785221       -0.0017965693
       -0.0005513406        0.0002936254        0.0005269243
        0.0002741186        0.0002167122       -0.0003011171
       -0.0000768911        0.0000768287        0.0000814265
       -0.0005513406        0.0002936253       -0.0005269243
        0.0002741187        0.0002167122        0.0003011171
       -0.0000768911        0.0000768286       -0.0000814264
        0.0045134598       -0.0101912616        0.0000000002
       -0.0040221855       -0.0000531780        0.0000000007
       -0.0235336072       -0.3144195353       -0.0000000002
        0.0006265288       -0.0004589663       -0.0002092944
        0.0006265296       -0.0004589662        0.0002092949
       -0.0000070594       -0.0004898044       -0.0000000000
        0.0236819786        0.3452768333        0.0000000007
       -0.0007261552       -0.0111415806        0.0000012493
       -0.0007261552       -0.0111415791       -0.0000012493
       -0.0000142792        0.0010581381        0.0002003710
       -0.0001251535        0.0004715173        0.0000721067
       -0.0000764369        0.0000076215       -0.0001130505
       -0.0000142792        0.0010581362       -0.0002003709
       -0.0001251516        0.0004715168       -0.0000721063
       -0.0000764376        0.0000076199        0.0001130522
       -0.0000000000       -0.0000000024       -0.0020996403
       -0.0000000012        0.0000000008        0.0008707579
        0.0000000000       -0.0000000004       -0.0588971825
       -0.0000357588        0.0002453132       -0.0001006349
        0.0000357591       -0.0002453136       -0.0001006348
        0.0000000011        0.0000000004        0.0007058436
        0.0000000000        0.0000000007        0.0554717551
        0.0040491316        0.0295905644        0.0020743947
       -0.0040491316       -0.0295905644        0.0020743947
        0.0005330222        0.0000182932        0.0000331319
       -0.0001543262       -0.0000803065       -0.0000391681
        0.0000195126        0.0001222932        0.0000067104
       -0.0005330222       -0.0000182920        0.0000331320
        0.0001543261        0.0000803065       -0.0000391681
       -0.0000195125       -0.0001222931        0.0000067105
       -0.0163263662        0.0160398913       -0.0323969528
        0.0030466738        0.0009203705        0.0013431605
       -0.1107758921        0.0411983366       -0.0921112606
        0.0015568168        0.0004862652       -0.0015270671
       -0.0069271128       -0.0033641829        0.0019530324
        0.0001923446        0.0002849518        0.0001232237
        0.0015079364       -0.0007261552        0.0040491316
        0.1199594402       -0.0474426852        0.1058074486
        0.0084829639       -0.0075011085        0.0131429091
       -0.0000619510       -0.0000524235        0.0001045464
        0.0004957984       -0.0002447353        0.0001931125
       -0.0002505876       -0.0000933303        0.0011890011
        0.0002067274        0.0001074565        0.0003267086
       -0.0013278060        0.0005841371       -0.0021531983
        0.0002240553       -0.0001966316       -0.0000472168
       -0.0048493021        0.0023838376       -0.0085434792
        0.0003283341        0.0011394810       -0.0003991305
        0.0445720220       -0.0936271104        0.0787883867
        0.0004806243       -0.0002209745        0.0000471609
       -0.0017992849       -0.0006019488       -0.0002215408
        0.0001505327        0.0002218374       -0.0000347574
        0.0164785220       -0.0111415806        0.0295905644
       -0.0474426852        0.0947290685       -0.0876520138
       -0.0075011084        0.0057658426       -0.0111699664
        0.0000709117        0.0000119399        0.0001088025
       -0.0000439422       -0.0000448475       -0.0002291677
        0.0001302609        0.0003195657       -0.0001441668
       -0.0001614575        0.0004288027       -0.0001293505
       -0.0003920509        0.0006780159       -0.0002951710
       -0.0000205034       -0.0000397583        0.0002863141
        0.0008678158        0.0009944897       -0.0015708749
        0.0005100506       -0.0008450953        0.0006731942
       -0.0966744393        0.0773025006       -0.2321762067
        0.0005685674       -0.0002630121        0.0004299458
       -0.0002260338       -0.0006379412        0.0010528331
        0.0001224832       -0.0002117430        0.0001010455
        0.0017965693        0.0000012493        0.0020743947
        0.1058074486       -0.0876520138        0.2502500564
       -0.0131429091        0.0111699664       -0.0224623247
        0.0000275292       -0.0001246751       -0.0000098330
       -0.0000526050       -0.0001512111        0.0002711105
        0.0004311398        0.0000208924        0.0006940529
        0.0001465354        0.0000979684       -0.0000125978
       -0.0003487765        0.0001940034        0.0002001839
        0.0001669332        0.0001042995        0.0004864863
       -0.0163263661        0.0160398912        0.0323969529
        0.0030466739        0.0009203706       -0.0013431605
       -0.1107758922        0.0411983365        0.0921112605
       -0.0069271127       -0.0033641829       -0.0019530327
        0.0015568168        0.0004862651        0.0015270671
        0.0001923446        0.0002849518       -0.0001232237
        0.0015079365       -0.0007261552       -0.0040491316
        0.0084829639       -0.0075011084       -0.0131429091
        0.1199594402       -0.0474426852       -0.1058074486
        0.0002067274        0.0001074565       -0.0003267086
       -0.0013278061        0.0005841370        0.0021531981
        0.0002240552       -0.0001966316        0.0000472168
       -0.0000619510       -0.0000524236       -0.0001045464
        0.0004957985       -0.0002447352       -0.0001931127
       -0.0002505876       -0.0000933303       -0.0011890011
       -0.0048493022        0.0023838329        0.0085434791
        0.0003283316        0.0011394825        0.0003991305
        0.0445720221       -0.0936271112       -0.0787883866
       -0.0017992846       -0.0006019492        0.0002215409
        0.0004806245       -0.0002209749       -0.0000471609
        0.0001505350        0.0002218383        0.0000347574
        0.0164785221       -0.0111415791       -0.0295905644
       -0.0075011085        0.0057658426        0.0111699664
       -0.0474426852        0.0947290685        0.0876520138
       -0.0001614576        0.0004288038        0.0001293504
       -0.0003920510        0.0006780159        0.0002951710
       -0.0000205033       -0.0000397582       -0.0002863143
        0.0000709117        0.0000119412       -0.0001088024
       -0.0000439425       -0.0000448476        0.0002291678
        0.0001302609        0.0003195658        0.0001441669
       -0.0008678158       -0.0009944897       -0.0015708752
       -0.0005100506        0.0008450953        0.0006731941
        0.0966744393       -0.0773025006       -0.2321762064
        0.0002260338        0.0006379412        0.0010528332
       -0.0005685674        0.0002630121        0.0004299459
       -0.0001224832        0.0002117430        0.0001010455
       -0.0017965693       -0.0000012493        0.0020743947
        0.0131429091       -0.0111699664       -0.0224623247
       -0.1058074486        0.0876520138        0.2502500564
       -0.0001465354       -0.0000979687       -0.0000125978
        0.0003487769       -0.0001940033        0.0002001841
       -0.0001669332       -0.0001042997        0.0004864861
       -0.0000275291        0.0001246754       -0.0000098330
        0.0000526046        0.0001512110        0.0002711107
       -0.0004311398       -0.0000208922        0.0006940527
        0.0008040722        0.0152311286       -0.0034943812
       -0.0005958241        0.0041655498        0.0040319261
        0.0003266882        0.0001283196       -0.0006299156
       -0.0586158178       -0.0050608168        0.0007679830
        0.0001011600       -0.0003037750       -0.0004760738
       -0.0002902852        0.0003420821        0.0003667662
       -0.0005513406       -0.0000142792        0.0005330222
       -0.0000619510        0.0000709117        0.0000275292
        0.0002067274       -0.0001614576       -0.0001465354
        0.0566750533        0.0043143116       -0.0017203585
        0.0012303883       -0.0353231371       -0.0012755570
        0.0005217602        0.0168629246        0.0021004129
        0.0003561365       -0.0001210747        0.0000075898
        0.0000457363       -0.0001306429        0.0000128028
       -0.0001523683       -0.0000002709       -0.0001054079
       -0.0028295007       -0.0116413263        0.0044921599
        0.0020557795       -0.0014278351       -0.0042238820
       -0.0006451982       -0.0004072509        0.0005710887
       -0.0024268554       -0.3151692183       -0.0111128961
       -0.0001674314       -0.0003567113        0.0006419907
        0.0003151952        0.0006397919        0.0006510167
        0.0002936254        0.0010581381        0.0000182932
       -0.0000524235        0.0000119399       -0.0001246751
        0.0001074565        0.0004288038       -0.0000979687
        0.0043143116        0.3454688116        0.0099295350
       -0.0008104275       -0.0092793719       -0.0001924497
       -0.0002667883       -0.0109379481       -0.0002483202
       -0.0001210747        0.0011280158       -0.0001370021
        0.0001746769        0.0000345816       -0.0000214541
        0.0000595408        0.0004461500       -0.0001450608
       -0.0048374636       -0.0275002338        0.0042948489
        0.0039141837       -0.0072406207       -0.0051569974
       -0.0006936668        0.0002584344        0.0009128271
        0.0008223703       -0.0066889999       -0.0613726911
       -0.0005293901        0.0003739092        0.0007281153
        0.0004533744        0.0006242730       -0.0000047185
        0.0005269243        0.0002003710        0.0000331319
        0.0001045464        0.0001088025       -0.0000098330
       -0.0003267086        0.0001293504       -0.0000125978
       -0.0017203585        0.0099295350        0.0589623658
       -0.0001083460       -0.0000250006       -0.0006533202
        0.0022775822        0.0294648103        0.0030011123
       -0.0000075898        0.0001370021       -0.0010111090
        0.0000306913        0.0000204181       -0.0001000316
        0.0000940778        0.0002076095        0.0003892439
       -0.0186254860       -0.0086790158       -0.0026409151
        0.0026726088        0.0009924693       -0.0010684945
        0.0001296977        0.0024442591        0.0042233580
       -0.2867332718       -0.0720683948        0.0013658190
        0.0001293652        0.0000514014       -0.0012376668
       -0.0003254674        0.0013452877        0.0009226041
        0.0002741186       -0.0001251535       -0.0001543262
        0.0004957984       -0.0000439422       -0.0000526050
       -0.0013278061       -0.0003920510        0.0003487769
        0.0012303883       -0.0008104275       -0.0001083460
        0.3148923429        0.0816350539       -0.0020513766
       -0.0146325357       -0.0048254369        0.0000315612
        0.0000457363        0.0001746756       -0.0000306914
        0.0013289794        0.0000513159        0.0004187772
        0.0004437792        0.0002504545        0.0000333255
        0.0122494147        0.0020261776       -0.0001099878
        0.0001947319        0.0021211043        0.0010242698
        0.0011321962       -0.0008542350       -0.0018137554
       -0.0732976392       -0.0817814425        0.0004830531
       -0.0003667887       -0.0001689304        0.0005965321
       -0.0000342376       -0.0002004512       -0.0004246880
        0.0002167122        0.0004715173       -0.0000803065
       -0.0002447353       -0.0000448475       -0.0001512111
        0.0005841370        0.0006780159       -0.0001940033
       -0.0353231371       -0.0092793719       -0.0000250006
        0.0816350539        0.0821929799        0.0017531620
        0.0131333808        0.0046055217       -0.0013413433
       -0.0001306429        0.0000345821       -0.0000204180
        0.0000513159        0.0002632636        0.0001582100
        0.0001973881       -0.0000621047        0.0001454413
        0.0310909260        0.0115286912        0.0008388999
       -0.0017934773        0.0021678085        0.0013587769
        0.0016481667       -0.0028439352       -0.0055708367
       -0.0018384930       -0.0011667184       -0.0593550419
        0.0007324520        0.0004119345        0.0017963032
       -0.0002578377       -0.0008833935        0.0001530392
       -0.0003011171        0.0000721067       -0.0000391681
        0.0001931125       -0.0002291677        0.0002711105
        0.0021531981        0.0002951710        0.0002001841
       -0.0012755570       -0.0001924497       -0.0006533202
       -0.0020513766        0.0017531620        0.0599383657
       -0.0276289691       -0.0106449617        0.0014270904
       -0.0000128028        0.0000214546       -0.0001000315
       -0.0004187773       -0.0001582099       -0.0006398859
       -0.0002394256       -0.0001313824        0.0003744309
        0.0076781570       -0.0067086380        0.0146015422
        0.0002970439       -0.0016935093       -0.0007373259
        0.0011098783       -0.0004749461        0.0003550408
       -0.1143767753        0.0438130559       -0.0991695218
       -0.0015668581        0.0012251684        0.0026197581
       -0.0002029416        0.0002938562       -0.0002605128
       -0.0000768911       -0.0000764369        0.0000195126
       -0.0002505876        0.0001302609        0.0004311398
        0.0002240552       -0.0000205033       -0.0001669332
        0.0005217602       -0.0002667883        0.0022775822
       -0.0146325357        0.0131333808       -0.0276289691
        0.1201069003       -0.0495303016        0.1066085613
       -0.0001523683        0.0000595412       -0.0000940778
        0.0004437794        0.0001973882        0.0002394255
        0.0008796482       -0.0000816709        0.0009015222
       -0.0056402006        0.0031429966       -0.0105777113
       -0.0006930286        0.0017329666        0.0006327250
       -0.0003165679       -0.0001227601        0.0004313001
        0.0434290008       -0.0933865097        0.0791030451
        0.0009576810       -0.0008371722       -0.0019849550
       -0.0001986031       -0.0000277293       -0.0002510671
        0.0000768287        0.0000076215        0.0001222932
       -0.0000933303        0.0003195657        0.0000208924
       -0.0001966316       -0.0000397582       -0.0001042997
        0.0168629246       -0.0109379481        0.0294648103
       -0.0048254369        0.0046055217       -0.0106449617
       -0.0495303016        0.0944753581       -0.0855136158
       -0.0000002708        0.0004461514       -0.0002076095
        0.0002504542       -0.0000621049        0.0001313826
       -0.0000816707        0.0006859297       -0.0006195762
       -0.0169229168        0.0147990656       -0.0262060677
       -0.0001148935        0.0000364738        0.0042377224
       -0.0018088115        0.0004192515        0.0008463916
       -0.0951702761        0.0753118967       -0.2287562895
        0.0048918020       -0.0036315802       -0.0041540466
       -0.0001036576        0.0000923834       -0.0004998989
        0.0000814265       -0.0001130505        0.0000067104
        0.0011890011       -0.0001441668        0.0006940529
        0.0000472168       -0.0002863143        0.0004864861
        0.0021004129       -0.0002483202        0.0030011123
        0.0000315612       -0.0013413433        0.0014270904
        0.1066085613       -0.0855136158        0.2501453889
        0.0001054079        0.0001450619        0.0003892440
       -0.0000333255       -0.0001454412        0.0003744308
       -0.0009015220        0.0006195761       -0.0019897105
        0.0008040722        0.0152311286        0.0034943813
       -0.0005958241        0.0041655498       -0.0040319260
        0.0003266881        0.0001283196        0.0006299156
        0.0001011600       -0.0003037750        0.0004760736
       -0.0586158178       -0.0050608168       -0.0007679829
       -0.0002902853        0.0003420821       -0.0003667662
       -0.0005513406       -0.0000142792       -0.0005330222
        0.0002067274       -0.0001614575        0.0001465354
       -0.0000619510        0.0000709117       -0.0000275291
        0.0003561365       -0.0001210747       -0.0000075898
        0.0000457363       -0.0001306429       -0.0000128028
       -0.0001523683       -0.0000002708        0.0001054079
        0.0566750532        0.0043143115        0.0017203585
        0.0012303884       -0.0353231371        0.0012755570
        0.0005217602        0.0168629246       -0.0021004129
       -0.0028295005       -0.0116413198       -0.0044921595
        0.0020557816       -0.0014278370        0.0042238831
       -0.0006451985       -0.0004072503       -0.0005710890
       -0.0001674319       -0.0003567111       -0.0006419903
       -0.0024268548       -0.3151692182        0.0111128965
        0.0003151933        0.0006397907       -0.0006510166
        0.0002936253        0.0010581362       -0.0000182920
        0.0001074565        0.0004288027        0.0000979684
       -0.0000524236        0.0000119412        0.0001246754
       -0.0001210747        0.0011280158        0.0001370021
        0.0001746756        0.0000345821        0.0000214546
        0.0000595412        0.0004461514        0.0001450619
        0.0043143115        0.3454688084       -0.0099295351
       -0.0008104256       -0.0092793723        0.0001924499
       -0.0002667891       -0.0109379494        0.0002483218
        0.0048374636        0.0275002338        0.0042948489
       -0.0039141837        0.0072406207       -0.0051569973
        0.0006936668       -0.0002584344        0.0009128272
        0.0005293900       -0.0003739093        0.0007281153
       -0.0008223703        0.0066889999       -0.0613726911
       -0.0004533744       -0.0006242730       -0.0000047185
       -0.0005269243       -0.0002003709        0.0000331320
        0.0003267086       -0.0001293505       -0.0000125978
       -0.0001045464       -0.0001088024       -0.0000098330
        0.0000075898       -0.0001370021       -0.0010111090
       -0.0000306914       -0.0000204180       -0.0001000315
       -0.0000940778       -0.0002076095        0.0003892440
        0.0017203585       -0.0099295351        0.0589623658
        0.0001083460        0.0000250005       -0.0006533201
       -0.0022775823       -0.0294648103        0.0030011124
       -0.0186254862       -0.0086790223        0.0026409149
        0.0026726066        0.0009924711        0.0010684943
        0.0001296980        0.0024442584       -0.0042233578
        0.0001293653        0.0000514012        0.0012376669
       -0.2867332719       -0.0720683950       -0.0013658191
       -0.0003254655        0.0013452888       -0.0009226041
        0.0002741187       -0.0001251516        0.0001543261
       -0.0013278060       -0.0003920509       -0.0003487765
        0.0004957985       -0.0000439425        0.0000526046
        0.0000457363        0.0001746769        0.0000306913
        0.0013289794        0.0000513159       -0.0004187773
        0.0004437794        0.0002504542       -0.0000333255
        0.0012303884       -0.0008104256        0.0001083460
        0.3148923423        0.0816350539        0.0020513767
       -0.0146325354       -0.0048254367       -0.0000315616
        0.0122494147        0.0020261790        0.0001099879
        0.0001947334        0.0021211038       -0.0010242698
        0.0011321961       -0.0008542345        0.0018137554
       -0.0003667889       -0.0001689302       -0.0005965322
       -0.0732976394       -0.0817814423       -0.0004830530
       -0.0000342390       -0.0002004515        0.0004246880
        0.0002167122        0.0004715168        0.0000803065
        0.0005841371        0.0006780159        0.0001940034
       -0.0002447352       -0.0000448476        0.0001512110
       -0.0001306429        0.0000345816        0.0000204181
        0.0000513159        0.0002632636       -0.0001582099
        0.0001973882       -0.0000621049       -0.0001454412
       -0.0353231371       -0.0092793723        0.0000250005
        0.0816350539        0.0821929800       -0.0017531620
        0.0131333809        0.0046055216        0.0013413430
       -0.0310909260       -0.0115286927        0.0008388999
        0.0017934759       -0.0021678078        0.0013587769
       -0.0016481668        0.0028439347       -0.0055708367
       -0.0007324517       -0.0004119348        0.0017963032
        0.0018384933        0.0011667181       -0.0593550418
        0.0002578390        0.0008833938        0.0001530393
        0.0003011171       -0.0000721063       -0.0000391681
       -0.0021531983       -0.0002951710        0.0002001839
       -0.0001931127        0.0002291678        0.0002711107
        0.0000128028       -0.0000214541       -0.0001000316
        0.0004187772        0.0001582100       -0.0006398859
        0.0002394255        0.0001313826        0.0003744308
        0.0012755570        0.0001924499       -0.0006533201
        0.0020513767       -0.0017531620        0.0599383657
        0.0276289689        0.0106449617        0.0014270907
        0.0076781571       -0.0067086356       -0.0146015419
        0.0002970452       -0.0016935100        0.0007373261
        0.0011098782       -0.0004749457       -0.0003550411
       -0.0015668583        0.0012251686       -0.0026197582
       -0.1143767754        0.0438130561        0.0991695217
       -0.0002029428        0.0002938558        0.0002605128
       -0.0000768911       -0.0000764376       -0.0000195125
        0.0002240553       -0.0000205034        0.0001669332
       -0.0002505876        0.0001302609       -0.0004311398
       -0.0001523683        0.0000595408        0.0000940778
        0.0004437792        0.0001973881       -0.0002394256
        0.0008796482       -0.0000816707       -0.0009015220
        0.0005217602       -0.0002667891       -0.0022775823
       -0.0146325354        0.0131333809        0.0276289689
        0.1201069002       -0.0495303018       -0.1066085612
       -0.0056402005        0.0031430022        0.0105777111
       -0.0006930263        0.0017329649       -0.0006327249
       -0.0003165680       -0.0001227594       -0.0004312999
        0.0009576808       -0.0008371719        0.0019849551
        0.0434290007       -0.0933865094       -0.0791030449
       -0.0001986052       -0.0000277303        0.0002510671
        0.0000768286        0.0000076199       -0.0001222931
       -0.0001966316       -0.0000397583        0.0001042995
       -0.0000933303        0.0003195658       -0.0000208922
       -0.0000002709        0.0004461500        0.0002076095
        0.0002504545       -0.0000621047       -0.0001313824
       -0.0000816709        0.0006859297        0.0006195761
        0.0168629246       -0.0109379494       -0.0294648103
       -0.0048254367        0.0046055216        0.0106449617
       -0.0495303018        0.0944753581        0.0855136159
        0.0169229167       -0.0147990712       -0.0262060681
        0.0001148912       -0.0000364721        0.0042377225
        0.0018088117       -0.0004192522        0.0008463919
       -0.0048918019        0.0036315799       -0.0041540464
        0.0951702763       -0.0753118970       -0.2287562893
        0.0001036597       -0.0000923824       -0.0004998989
       -0.0000814264        0.0001130522        0.0000067105
       -0.0000472168        0.0002863141        0.0004864863
       -0.0011890011        0.0001441669        0.0006940527
       -0.0001054079       -0.0001450608        0.0003892439
        0.0000333255        0.0001454413        0.0003744309
        0.0009015222       -0.0006195762       -0.0019897105
       -0.0021004129        0.0002483218        0.0030011124
       -0.0000315616        0.0013413430        0.0014270907
       -0.1066085612        0.0855136159        0.2501453887
