ZMAT begin
6 1
1 2
2 3
3 4
4 5
5 6

2 8
3 9
4 10
5 11
6 12
1 7

13 16
13 14
13 15

;13;1 2 3 4 5 6

1 2 3
2 3 4
3 4 5
4 5 6
5 6 1
6 1 2

8 2 3
8 2 1
9 3 4
9 3 2
10 4 5
10 4 3
11 5 6
11 5 4
12 6 1
12 6 5
7 1 2
7 1 6

14 13 15
14 13 16
15 13 16

;2;1 2 3 4 5 6;13
;5;1 2 3 4 5 6;13

;1 6;1 2 3 4 5 6;13
;3 4;1 2 3 4 5 6;13

2 13 16
2 13 14
2 13 15

1 2 3 4 T
2 3 4 5 T
3 4 5 6 T
4 5 6 1 T
5 6 1 2 T
6 1 2 3 T

;3 4;2;13;16 T
;1 6;2;13;16 T
;3 4;2;13;14 T
;1 6;2;13;14 T
;3 4;2;13;15 T
;1 6;2;13;15 T

8 2 3 1 O 
9 3 4 2 O
10 4 5 3 O
11 5 6 4 O
12 6 1 5 O
7 1 2 6 O

16 13 14 15 O
14 13 15 16 O
15 13 16 14 O
ZMAT end




cart begin
C       -1.402412935     -2.288185430     -0.981098019
C       -2.707504955      0.000000000     -0.772838926
C       -1.402412935      2.288185430     -0.981098019
C        1.207238310      2.288024152     -1.397026729
C        2.512134929      0.000000000     -1.605093323
C        1.207238310     -2.288024152     -1.397026729
H       -2.413643059     -4.061763623     -0.813676729
H       -4.728182512      0.000000000     -0.438610170
H       -2.413643059      4.061763623     -0.813676729
H        2.218834052      4.062366792     -1.556981990
H        4.535593127      0.000000000     -1.925005791
H        2.218834052     -4.062366792     -1.556981990
N        0.338446272      0.000000000      5.519679976
H        1.434771224     -1.533673309      5.874950965
H        1.434771224      1.533673309      5.874950965
H        0.015551196      0.000000000      3.626601332
cart end 

