   15   45
        0.7223210699       -0.0304039062        0.0000181939
       -0.1220966038        0.0216413200       -0.0004403100
        0.0222350901        0.0310516288        0.0001914326
       -0.0101036150       -0.0197417587       -0.0000388462
       -0.0508737136        0.0111570288       -0.0002879287
       -0.2899224687       -0.1186092673       -0.0001387725
       -0.2719676687        0.1235259213        0.0005825338
        0.0040118976       -0.0283198037        0.0000862050
       -0.0047646137        0.0030294463        0.0000215051
        0.0001935788       -0.0011861574        0.0000072763
       -0.0033282575        0.0036478363        0.0000258775
        0.0045877088        0.0040263763        0.0001223287
        0.0000000450        0.0000657300        0.0000181362
       -0.0000556237       -0.0003842786        0.0003298275
       -0.0002429499        0.0006263738       -0.0006705662
       -0.0304039062        0.6871049749       -0.0001402037
       -0.0217789800       -0.3459031662       -0.0001883237
        0.0533668213       -0.0265039737        0.0004423464
       -0.0197417750       -0.0329146200        0.0000234326
       -0.0111746424        0.0466037425       -0.0003864425
       -0.0751988962       -0.1780071374        0.0004410538
        0.1235250163       -0.1294584400       -0.0003796374
        0.0036920413       -0.0094367162       -0.0000909149
        0.0028185725        0.0005276650       -0.0000183586
       -0.0011860712       -0.0011759612       -0.0000041312
        0.0038587025       -0.0009088450       -0.0000097062
       -0.0279843787       -0.0100146962       -0.0000316312
        0.0000656801        0.0000758900       -0.0000106187
       -0.0003842511       -0.0004992100       -0.0001905699
        0.0006263839        0.0004803676        0.0003873288
        0.0000181939       -0.0001402037        0.1281888973
       -0.0004402849        0.0000863514       -0.0545586549
        0.0004773675       -0.0000550411        0.0022834502
        0.0000411089       -0.0000227588       -0.0041359062
        0.0002899151       -0.0003863949        0.0022831438
       -0.0003795073        0.0003064351       -0.0545565899
        0.0004717888       -0.0003108362       -0.0357326799
        0.0000066026       -0.0000157175        0.0014080051
       -0.0000152124        0.0000243276        0.0080191788
        0.0000028014       -0.0000010774       -0.0012623099
       -0.0000283312        0.0000015601        0.0080192288
        0.0000162376        0.0000033664        0.0014080576
        0.0000699089       -0.0000403512       -0.0001211449
       -0.0008620987        0.0004977389       -0.0003343836
        0.0001624214       -0.0000940599       -0.0007409611
       -0.1220966038       -0.0217789800       -0.0004402849
        0.7223211274        0.0305512625        0.0000181625
       -0.2899225325        0.1187384913       -0.0001388562
       -0.0508737487       -0.0111746638       -0.0002879187
       -0.0101036187        0.0197325400       -0.0000388762
        0.0222350563       -0.0310501299        0.0001914412
        0.0040118338        0.0283203913        0.0000861788
       -0.2719677125       -0.1233950712        0.0005825025
        0.0045876487       -0.0040295175        0.0001222613
       -0.0033282900       -0.0036483937        0.0000258426
        0.0001935012        0.0011861138        0.0000072537
       -0.0047646675       -0.0030297112        0.0000215200
        0.0000000238       -0.0000657612        0.0000181237
       -0.0000556125        0.0003841688        0.0003297851
       -0.0002429775       -0.0006264199       -0.0006705087
        0.0216413200       -0.3459031662        0.0000863514
        0.0305512625        0.6871049824       -0.0000149662
        0.0752917988       -0.1780071599       -0.0004645887
        0.0111569825        0.0466037675        0.0003857900
        0.0197325126       -0.0329146087       -0.0000228437
       -0.0534030799       -0.0265039949       -0.0004439637
       -0.0036964200       -0.0094367324        0.0000905776
       -0.1233874988       -0.1294584213        0.0003534301
        0.0279842776       -0.0100147837        0.0000289101
       -0.0038592449       -0.0009088599        0.0000094401
        0.0011860187       -0.0011759462        0.0000042587
       -0.0028188849        0.0005276713        0.0000173087
       -0.0000657312        0.0000758975        0.0000104538
        0.0003842000       -0.0004992387        0.0001904263
       -0.0006262624        0.0004804226       -0.0003871687
       -0.0004403100       -0.0001883237       -0.0545586549
        0.0000181625       -0.0000149662        0.1281888949
       -0.0003795400       -0.0003243349       -0.0545566236
        0.0002898938        0.0003858388        0.0022831263
        0.0000411450        0.0000234550       -0.0041359050
        0.0004773463        0.0000593489        0.0022834362
        0.0000066138        0.0000153425        0.0014079888
        0.0004717963        0.0002861475       -0.0357326674
        0.0000162601       -0.0000020137        0.0014080726
       -0.0000283200       -0.0000011162        0.0080192326
        0.0000027837        0.0000017838       -0.0012623037
       -0.0000152087       -0.0000238737        0.0080191738
        0.0000698976        0.0000403575       -0.0001211362
       -0.0008621100       -0.0004977024       -0.0003343774
        0.0001624151        0.0000936451       -0.0007409587
        0.0222350901        0.0533668213        0.0004773675
       -0.2899225325        0.0752917988       -0.0003795400
        0.6695356349        0.0000633176       -0.0000715362
       -0.2899225299       -0.0751988350        0.0003018975
        0.0222350901       -0.0534030712       -0.0004801763
       -0.0443293637       -0.0000012624       -0.0000000850
        0.0017370051       -0.0009348175       -0.0000052049
       -0.0167381362        0.0156672825       -0.0000358325
       -0.0582532075       -0.0000652737        0.0000068238
       -0.0167381387       -0.0156722550        0.0000340463
        0.0017370025        0.0009345051        0.0000043225
       -0.0018607387        0.0000000288        0.0000000687
        0.0001138176       -0.0000000099       -0.0000000750
       -0.0007210212        0.0000000388       -0.0000000737
        0.0008421051        0.0000000576        0.0000000363
        0.0310516288       -0.0265039737       -0.0000550411
        0.1187384913       -0.1780071599       -0.0003243349
        0.0000633176        0.7398900324        0.0000286426
       -0.1186092462       -0.1780071500       -0.0003243638
       -0.0310500674       -0.0265039574       -0.0000550813
       -0.0000012787        0.0012933226       -0.0000446362
       -0.0007243838       -0.0059748350        0.0000274776
       -0.0163407275        0.0113121075        0.0001205151
       -0.0000719525       -0.3432398312        0.0006611213
        0.0163376263        0.0113120901        0.0001205563
        0.0007240775       -0.0059748312        0.0000274900
       -0.0000000062        0.0008782763        0.0000083275
       -0.0000000524       -0.0000379150        0.0000209463
       -0.0000000374        0.0001661688        0.0003807926
       -0.0000000887       -0.0006046225       -0.0007742924
        0.0001914326        0.0004423464        0.0022834502
       -0.0001388562       -0.0004645887       -0.0545566236
       -0.0000715362        0.0000286426        0.1281906623
        0.0000668051       -0.0004645725       -0.0545566125
       -0.0001884148        0.0004423714        0.0022834300
       -0.0000000961        0.0000476876       -0.0041356861
        0.0000133564       -0.0000251724        0.0080191576
       -0.0000102786        0.0000131764        0.0014077576
        0.0000043526        0.0005353738       -0.0357363112
        0.0000107351        0.0000131851        0.0014077701
       -0.0000129425       -0.0000251536        0.0080191626
        0.0000003764        0.0000031488       -0.0012623261
        0.0000000051        0.0000807125       -0.0001211311
        0.0000000339       -0.0009954736       -0.0003343661
       -0.0000001686        0.0001875976       -0.0007409699
       -0.0101036150       -0.0197417750        0.0000411089
       -0.0508737487        0.0111569825        0.0002898938
       -0.2899225299       -0.1186092462        0.0000668051
        0.7223211149       -0.0304039337       -0.0001974988
       -0.1220965849        0.0216413050        0.0004467063
        0.0222350663        0.0310516039       -0.0001884263
        0.0001935613       -0.0011862024       -0.0000072062
       -0.0033282599        0.0036478275       -0.0000265762
        0.0045876663        0.0040263700       -0.0001221400
       -0.2719677050        0.1235259275       -0.0006885487
        0.0040118737       -0.0283197924       -0.0000884363
       -0.0047646424        0.0030294463       -0.0000213025
        0.0000000613        0.0000656726       -0.0000183750
       -0.0000556462       -0.0003842587       -0.0003300175
       -0.0002429074        0.0006263263        0.0006709701
       -0.0197417587       -0.0329146200       -0.0000227588
       -0.0111746638        0.0466037675        0.0003858388
       -0.0751988350       -0.1780071500       -0.0004645725
       -0.0304039337        0.6871049125       -0.0000149176
       -0.0217789150       -0.3459030813        0.0000863687
        0.0533668788       -0.0265039312       -0.0004439663
       -0.0011860337       -0.0011759262        0.0000042850
        0.0038587412       -0.0009088176        0.0000095324
       -0.0279843101       -0.0100147488        0.0000289776
        0.1235250787       -0.1294584075        0.0003534713
        0.0036920712       -0.0094366850        0.0000906362
        0.0028186138        0.0005277013        0.0000173425
        0.0000656937        0.0000759287        0.0000104675
       -0.0003842250       -0.0004991688        0.0001904950
        0.0006264413        0.0004804362       -0.0003871425
       -0.0000388462        0.0000234326       -0.0041359062
       -0.0002879187        0.0003857900        0.0022831263
        0.0003018975       -0.0003243638       -0.0545566125
       -0.0001974988       -0.0000149176        0.1281889099
        0.0004467501       -0.0001883012       -0.0545586612
       -0.0004802187        0.0000593514        0.0022834450
       -0.0000021725        0.0000017613       -0.0012623100
        0.0000288976       -0.0000011038        0.0080192188
       -0.0000164700       -0.0000020337        0.0014080688
       -0.0005632987        0.0002861375       -0.0357328224
       -0.0000050963        0.0000153375        0.0014079812
        0.0000157263       -0.0000238774        0.0080191688
       -0.0000699162        0.0000403513       -0.0001211537
        0.0008621051       -0.0004977088       -0.0003343963
       -0.0001629049        0.0000936451       -0.0007409537
       -0.0508737136       -0.0111746424        0.0002899151
       -0.0101036187        0.0197325126        0.0000411450
        0.0222350901       -0.0310500674       -0.0001884148
       -0.1220965849       -0.0217789150        0.0004467501
        0.7223210723        0.0305513126       -0.0001974774
       -0.2899224962        0.1187385364        0.0000667726
       -0.0033282411       -0.0036483011       -0.0000265661
        0.0001935801        0.0011861451       -0.0000072237
       -0.0047645799       -0.0030297262       -0.0000213524
        0.0040118626        0.0283204589       -0.0000884537
       -0.2719676912       -0.1233950374       -0.0006885337
        0.0045876713       -0.0040294949       -0.0001221549
        0.0000000514       -0.0000656999       -0.0000183562
       -0.0000556012        0.0003842114       -0.0003299899
       -0.0002429461       -0.0006263998        0.0006710239
        0.0111570288        0.0466037425       -0.0003863949
        0.0197325400       -0.0329146087        0.0000234550
       -0.0534030712       -0.0265039574        0.0004423714
        0.0216413050       -0.3459030813       -0.0001883012
        0.0305513126        0.6871049149       -0.0001401749
        0.0752917888       -0.1780071236        0.0004411163
       -0.0038592263       -0.0009088374       -0.0000096787
        0.0011860575       -0.0011759187       -0.0000040937
       -0.0028188137        0.0005276538       -0.0000183712
       -0.0036964249       -0.0094366949       -0.0000908824
       -0.1233874688       -0.1294584013       -0.0003795938
        0.0279842688       -0.0100147025       -0.0000316312
       -0.0000656787        0.0000758963       -0.0000105649
        0.0003842413       -0.0004991887       -0.0001905425
       -0.0006262037        0.0004804713        0.0003873613
       -0.0002879287       -0.0003864425        0.0022831438
       -0.0000388762       -0.0000228437       -0.0041359050
       -0.0004801763       -0.0000550813        0.0022834300
        0.0004467063        0.0000863687       -0.0545586612
       -0.0001974774       -0.0001401749        0.1281889099
        0.0003018900        0.0003064275       -0.0545566100
        0.0000288937        0.0000015425        0.0080192213
       -0.0000021612       -0.0000010700       -0.0012623050
        0.0000157262        0.0000243238        0.0080191825
       -0.0000050913       -0.0000157324        0.0014079851
       -0.0005632813       -0.0003108075       -0.0357326662
       -0.0000164775        0.0000033550        0.0014080737
       -0.0000699262       -0.0000403638       -0.0001211512
        0.0008621063        0.0004977400       -0.0003343950
       -0.0001629037       -0.0000940637       -0.0007409724
       -0.2899224687       -0.0751988962       -0.0003795073
        0.0222350563       -0.0534030799        0.0004773463
       -0.0443293637       -0.0000012787       -0.0000000961
        0.0222350663        0.0533668788       -0.0004802187
       -0.2899224962        0.0752917888        0.0003018900
        0.6695356448        0.0000633276       -0.0000715412
       -0.0167381537       -0.0156722637       -0.0000358437
        0.0017370163        0.0009345388       -0.0000052249
       -0.0018607412        0.0000000088        0.0000000426
        0.0017370051       -0.0009347848        0.0000043376
       -0.0167381575        0.0156672564        0.0000340300
       -0.0582532224       -0.0000652774        0.0000068550
        0.0001137926       -0.0000000525       -0.0000000562
       -0.0007210187        0.0000000438       -0.0000000561
        0.0008420876        0.0000000976        0.0000000088
       -0.1186092673       -0.1780071374        0.0003064351
       -0.0310501299       -0.0265039949        0.0000593489
       -0.0000012624        0.0012933226        0.0000476876
        0.0310516039       -0.0265039312        0.0000593514
        0.1187385364       -0.1780071236        0.0003064275
        0.0000633276        0.7398900273       -0.0002200099
        0.0163376614        0.0113120776       -0.0001213724
        0.0007240789       -0.0059748186       -0.0000275837
        0.0000000226        0.0008782726       -0.0000083436
       -0.0007243725       -0.0059748236       -0.0000276136
       -0.0163407374        0.0113121076       -0.0001213812
       -0.0000719549       -0.3432398036       -0.0008071049
       -0.0000000323       -0.0000379112       -0.0000211662
       -0.0000000399        0.0001661763       -0.0003809949
       -0.0000001011       -0.0006046261        0.0007748714
       -0.0001387725        0.0004410538       -0.0545565899
        0.0001914412       -0.0004439637        0.0022834362
       -0.0000000850       -0.0000446362       -0.0041356861
       -0.0001884263       -0.0004439663        0.0022834450
        0.0000667726        0.0004411163       -0.0545566100
       -0.0000715412       -0.0002200099        0.1281906574
       -0.0000102862       -0.0000124587        0.0014077588
        0.0000133550        0.0000257688        0.0080191675
        0.0000003838       -0.0000025900       -0.0012623237
       -0.0000129350        0.0000257376        0.0080191550
        0.0000107412       -0.0000124474        0.0014077737
        0.0000043475       -0.0006602825       -0.0357363088
       -0.0000000075       -0.0000807187       -0.0001211475
        0.0000000325        0.0009954738       -0.0003343912
       -0.0000001587       -0.0001881187       -0.0007409812
       -0.2719676687        0.1235250163        0.0004717888
        0.0040118338       -0.0036964200        0.0000066138
        0.0017370051       -0.0007243838        0.0000133564
        0.0001935613       -0.0011860337       -0.0000021725
       -0.0033282411       -0.0038592263        0.0000288937
       -0.0167381537        0.0163376614       -0.0000102862
        0.2852358999       -0.1312096774       -0.0006390287
        0.0007272288        0.0003434437       -0.0000080637
        0.0001387350       -0.0002472987       -0.0000078087
        0.0000189701        0.0000936338       -0.0000034674
       -0.0009671663        0.0008856963        0.0000044775
        0.0010369876       -0.0001641224       -0.0000062100
        0.0000214263       -0.0000239650        0.0000177688
        0.0000306051        0.0000041313       -0.0000910912
       -0.0001493199        0.0000513875        0.0001335926
        0.1235259213       -0.1294584400       -0.0003108362
        0.0283203913       -0.0094367324        0.0000153425
       -0.0009348175       -0.0059748350       -0.0000251724
       -0.0011862024       -0.0011759262        0.0000017613
       -0.0036483011       -0.0009088374        0.0000015425
       -0.0156722637        0.0113120776       -0.0000124587
       -0.1312096774        0.1336967549        0.0003281763
       -0.0003432412        0.0011403888        0.0000025063
        0.0015240613       -0.0005985711       -0.0000097062
        0.0000936363        0.0001270475        0.0000020201
       -0.0008857425        0.0005073088        0.0000115838
        0.0005220313        0.0008304276        0.0000058250
       -0.0000240224       -0.0000062562       -0.0000102662
        0.0000041413        0.0000353714        0.0000526001
        0.0000513826       -0.0000900049       -0.0000770749
        0.0005825338       -0.0003796374       -0.0357326799
        0.0000861788        0.0000905776        0.0014079888
       -0.0000052049        0.0000274776        0.0080191576
       -0.0000072062        0.0000042850       -0.0012623100
       -0.0000265661       -0.0000096787        0.0080192213
       -0.0000358437       -0.0001213724        0.0014077588
       -0.0006390287        0.0003281763        0.0261616773
       -0.0000080662       -0.0000024887       -0.0036967424
       -0.0000122949       -0.0000019249        0.0002231052
        0.0000035126       -0.0000020037       -0.0012937749
       -0.0000044987        0.0000115926        0.0002231988
       -0.0000018511        0.0000082939       -0.0036969262
        0.0000524876       -0.0000303238       -0.0000389824
       -0.0000245737        0.0000141376       -0.0000279624
       -0.0000633811        0.0000365552        0.0003063001
        0.0040118976        0.0036920413        0.0000066026
       -0.2719677125       -0.1233874988        0.0004717963
       -0.0167381362       -0.0163407275       -0.0000102786
       -0.0033282599        0.0038587412        0.0000288976
        0.0001935801        0.0011860575       -0.0000021612
        0.0017370163        0.0007240789        0.0000133550
        0.0007272288       -0.0003432412       -0.0000080662
        0.2852358874        0.1313435462       -0.0006390287
        0.0010369938        0.0001644000       -0.0000062136
       -0.0009671412       -0.0008857361        0.0000044788
        0.0000189850       -0.0000935837       -0.0000034549
        0.0001387388        0.0002473938       -0.0000077737
        0.0000214326        0.0000239988        0.0000177913
        0.0000306051       -0.0000041312       -0.0000910850
       -0.0001493174       -0.0000514224        0.0001336038
       -0.0283198037       -0.0094367162       -0.0000157175
       -0.1233950712       -0.1294584213        0.0002861475
        0.0156672825        0.0113121075        0.0000131764
        0.0036478275       -0.0009088176       -0.0000011038
        0.0011861451       -0.0011759187       -0.0000010700
        0.0009345388       -0.0059748186        0.0000257688
        0.0003434437        0.0011403888       -0.0000024887
        0.1313435462        0.1336967225       -0.0003535312
       -0.0005210125        0.0008304163       -0.0000057275
        0.0008857113        0.0005073163       -0.0000116049
       -0.0000936013        0.0001270688       -0.0000019863
       -0.0015241737       -0.0005985337        0.0000096338
        0.0000239863       -0.0000062625        0.0000102551
       -0.0000041062        0.0000353825       -0.0000526937
       -0.0000514087       -0.0000899800        0.0000771288
        0.0000862050       -0.0000909149        0.0014080051
        0.0005825025        0.0003534301       -0.0357326674
       -0.0000358325        0.0001205151        0.0014077576
       -0.0000265762        0.0000095324        0.0080192188
       -0.0000072237       -0.0000040937       -0.0012623050
       -0.0000052249       -0.0000275837        0.0080191675
       -0.0000080637        0.0000025063       -0.0036967424
       -0.0006390287       -0.0003535312        0.0261616674
       -0.0000018424       -0.0000082762       -0.0036968587
       -0.0000044849       -0.0000116137        0.0002231850
        0.0000035187        0.0000020563       -0.0012937700
       -0.0000122962        0.0000019388        0.0002231175
        0.0000524876        0.0000303125       -0.0000389200
       -0.0000245612       -0.0000141862       -0.0000280524
       -0.0000633811       -0.0000366125        0.0003063138
       -0.0047646137        0.0028185725       -0.0000152124
        0.0045876487        0.0279842776        0.0000162601
       -0.0582532075       -0.0000719525        0.0000043526
        0.0045876663       -0.0279843101       -0.0000164700
       -0.0047645799       -0.0028188137        0.0000157262
       -0.0018607412        0.0000000226        0.0000003838
        0.0001387350        0.0015240613       -0.0000122949
        0.0010369938       -0.0005210125       -0.0000018424
        0.0579745024       -0.0000615624        0.0000050088
        0.0010369938        0.0005220350        0.0000019288
        0.0001387312       -0.0015241675        0.0000122488
        0.0001811063        0.0000000251        0.0000000175
       -0.0000201112       -0.0000000025        0.0000000050
        0.0000377650        0.0000000026        0.0000000200
       -0.0000602699       -0.0000000187        0.0000000326
        0.0030294463        0.0005276650        0.0000243276
       -0.0040295175       -0.0100147837       -0.0000020137
       -0.0000652737       -0.3432398312        0.0005353738
        0.0040263700       -0.0100147488       -0.0000020337
       -0.0030297262        0.0005276538        0.0000243238
        0.0000000088        0.0008782726       -0.0000025900
       -0.0002472987       -0.0005985711       -0.0000019249
        0.0001644000        0.0008304163       -0.0000082762
       -0.0000615624        0.3610226199       -0.0007483924
       -0.0001641187        0.0008304013       -0.0000082600
        0.0002473838       -0.0005985387       -0.0000019237
       -0.0000000036       -0.0000350962       -0.0000040212
       -0.0000000311        0.0000352763        0.0000205213
        0.0000000063        0.0000281788       -0.0001052074
       -0.0000000062       -0.0001790337        0.0001542600
        0.0000215051       -0.0000183586        0.0080191788
        0.0001222613        0.0000289101        0.0014080726
        0.0000068238        0.0006611213       -0.0357363112
       -0.0001221400        0.0000289776        0.0014080688
       -0.0000213524       -0.0000183712        0.0080191825
        0.0000000426       -0.0000083436       -0.0012623237
       -0.0000078087       -0.0000097062        0.0002231052
       -0.0000062136       -0.0000057275       -0.0036968587
        0.0000050088       -0.0007483924        0.0261650673
        0.0000062451       -0.0000057236       -0.0036968762
        0.0000078188       -0.0000097024        0.0002231762
        0.0000000213        0.0000040463       -0.0012937662
        0.0000000514        0.0000606288       -0.0000389225
        0.0000000075       -0.0000283674       -0.0000280512
       -0.0000000149       -0.0000731961        0.0003063601
        0.0001935788       -0.0011860712        0.0000028014
       -0.0033282900       -0.0038592449       -0.0000283200
       -0.0167381387        0.0163376263        0.0000107351
       -0.2719677050        0.1235250787       -0.0005632987
        0.0040118626       -0.0036964249       -0.0000050913
        0.0017370051       -0.0007243725       -0.0000129350
        0.0000189701        0.0000936363        0.0000035126
       -0.0009671412        0.0008857113       -0.0000044849
        0.0010369938       -0.0001641187        0.0000062451
        0.2852358999       -0.1312096712        0.0005429113
        0.0007272187        0.0003434463        0.0000081512
        0.0001387376       -0.0002472949        0.0000078188
        0.0000214138       -0.0000239862       -0.0000178800
        0.0000305862        0.0000041376        0.0000909863
       -0.0001493336        0.0000513926       -0.0001334849
       -0.0011861574       -0.0011759612       -0.0000010774
       -0.0036483937       -0.0009088599       -0.0000011162
       -0.0156722550        0.0113120901        0.0000131851
        0.1235259275       -0.1294584075        0.0002861375
        0.0283204589       -0.0094366949       -0.0000157324
       -0.0009347848       -0.0059748236        0.0000257376
        0.0000936338        0.0001270475       -0.0000020037
       -0.0008857361        0.0005073163       -0.0000116137
        0.0005220350        0.0008304013       -0.0000057236
       -0.1312096712        0.1336967473       -0.0003535549
       -0.0003432225        0.0011403251       -0.0000025000
        0.0015240451       -0.0005985474        0.0000096401
       -0.0000240037       -0.0000062550        0.0000102476
        0.0000041376        0.0000353675       -0.0000526049
        0.0000514139       -0.0000899999        0.0000771163
        0.0000072763       -0.0000041312       -0.0012623099
        0.0000258426        0.0000094401        0.0080192326
        0.0000340463        0.0001205563        0.0014077701
       -0.0006885487        0.0003534713       -0.0357328224
       -0.0000884537       -0.0000908824        0.0014079851
        0.0000043376       -0.0000276136        0.0080191550
       -0.0000034674        0.0000020201       -0.0012937749
        0.0000044788       -0.0000116049        0.0002231850
        0.0000019288       -0.0000082600       -0.0036968762
        0.0005429113       -0.0003535549        0.0261616724
        0.0000081575        0.0000025138       -0.0036967437
        0.0000122439        0.0000019388        0.0002231612
       -0.0000525375        0.0000303287       -0.0000389200
        0.0000245051       -0.0000141949       -0.0000279675
        0.0000633676       -0.0000366112        0.0003063639
       -0.0033282575        0.0038587025       -0.0000283312
        0.0001935012        0.0011860187        0.0000027837
        0.0017370025        0.0007240775       -0.0000129425
        0.0040118737        0.0036920712       -0.0000050963
       -0.2719676912       -0.1233874688       -0.0005632813
       -0.0167381575       -0.0163407374        0.0000107412
       -0.0009671663       -0.0008857425       -0.0000044987
        0.0000189850       -0.0000936013        0.0000035187
        0.0001387312        0.0002473838        0.0000078188
        0.0007272187       -0.0003432225        0.0000081575
        0.2852359050        0.1313435387        0.0005429162
        0.0010369675        0.0001644138        0.0000062262
        0.0000214312        0.0000239962       -0.0000177875
        0.0000306025       -0.0000041475        0.0000911162
       -0.0001493287       -0.0000514188       -0.0001334887
        0.0036478363       -0.0009088450        0.0000015601
        0.0011861138       -0.0011759462        0.0000017838
        0.0009345051       -0.0059748312       -0.0000251536
       -0.0283197924       -0.0094366850        0.0000153375
       -0.1233950374       -0.1294584013       -0.0003108075
        0.0156672564        0.0113121076       -0.0000124474
        0.0008856963        0.0005073088        0.0000115926
       -0.0000935837        0.0001270688        0.0000020563
       -0.0015241675       -0.0005985387       -0.0000097024
        0.0003434463        0.0011403251        0.0000025138
        0.1313435387        0.1336967249        0.0003281826
       -0.0005210386        0.0008304276        0.0000058350
        0.0000239751       -0.0000062749       -0.0000102487
       -0.0000041112        0.0000353638        0.0000526101
       -0.0000514012       -0.0000899712       -0.0000770549
        0.0000258775       -0.0000097062        0.0080192288
        0.0000072537        0.0000042587       -0.0012623037
        0.0000043225        0.0000274900        0.0080191626
       -0.0000884363        0.0000906362        0.0014079812
       -0.0006885337       -0.0003795938       -0.0357326662
        0.0000340300       -0.0001213812        0.0014077737
        0.0000044775        0.0000115838        0.0002231988
       -0.0000034549       -0.0000019863       -0.0012937700
        0.0000122488       -0.0000019237        0.0002231762
        0.0000081512       -0.0000025000       -0.0036967437
        0.0005429162        0.0003281826        0.0261616650
        0.0000019250        0.0000082950       -0.0036968700
       -0.0000525362       -0.0000303213       -0.0000389325
        0.0000245063        0.0000141350       -0.0000279650
        0.0000633751        0.0000365538        0.0003063526
        0.0045877088       -0.0279843787        0.0000162376
       -0.0047646675       -0.0028188849       -0.0000152087
       -0.0018607387       -0.0000000062        0.0000003764
       -0.0047646424        0.0028186138        0.0000157263
        0.0045876713        0.0279842688       -0.0000164775
       -0.0582532224       -0.0000719549        0.0000043475
        0.0010369876        0.0005220313       -0.0000018511
        0.0001387388       -0.0015241737       -0.0000122962
        0.0001811063       -0.0000000036        0.0000000213
        0.0001387376        0.0015240451        0.0000122439
        0.0010369675       -0.0005210386        0.0000019250
        0.0579745223       -0.0000615712        0.0000049926
       -0.0000201412       -0.0000000075       -0.0000000011
        0.0000377526       -0.0000000112        0.0000000151
       -0.0000602686       -0.0000000324        0.0000000264
        0.0040263763       -0.0100146962        0.0000033664
       -0.0030297112        0.0005276713       -0.0000238737
        0.0000000288        0.0008782763        0.0000031488
        0.0030294463        0.0005277013       -0.0000238774
       -0.0040294949       -0.0100147025        0.0000033550
       -0.0000652774       -0.3432398036       -0.0006602825
       -0.0001641224        0.0008304276        0.0000082939
        0.0002473938       -0.0005985337        0.0000019388
        0.0000000251       -0.0000350962        0.0000040463
       -0.0002472949       -0.0005985474        0.0000019388
        0.0001644138        0.0008304276        0.0000082950
       -0.0000615712        0.3610225949        0.0006168813
       -0.0000000087        0.0000352913       -0.0000205049
        0.0000000301        0.0000281788        0.0001051976
       -0.0000000061       -0.0001790162       -0.0001541449
        0.0001223287       -0.0000316312        0.0014080576
        0.0000215200        0.0000173087        0.0080191738
        0.0000000687        0.0000083275       -0.0012623261
       -0.0000213025        0.0000173425        0.0080191688
       -0.0001221549       -0.0000316312        0.0014080737
        0.0000068550       -0.0008071049       -0.0357363088
       -0.0000062100        0.0000058250       -0.0036969262
       -0.0000077737        0.0000096338        0.0002231175
        0.0000000175       -0.0000040212       -0.0012937662
        0.0000078188        0.0000096401        0.0002231612
        0.0000062262        0.0000058350       -0.0036968700
        0.0000049926        0.0006168813        0.0261650725
        0.0000000588       -0.0000606475       -0.0000389238
       -0.0000000087        0.0000282688       -0.0000280562
       -0.0000000287        0.0000731513        0.0003063463
        0.0000000450        0.0000656801        0.0000699089
        0.0000000238       -0.0000657312        0.0000698976
        0.0001138176       -0.0000000524        0.0000000051
        0.0000000613        0.0000656937       -0.0000699162
        0.0000000514       -0.0000656787       -0.0000699262
        0.0001137926       -0.0000000323       -0.0000000075
        0.0000214263       -0.0000240224        0.0000524876
        0.0000214326        0.0000239863        0.0000524876
       -0.0000201112       -0.0000000311        0.0000000514
        0.0000214138       -0.0000240037       -0.0000525375
        0.0000214312        0.0000239751       -0.0000525362
       -0.0000201412       -0.0000000087        0.0000000588
        0.0062908823        0.0000217700       -0.0002335987
       -0.0201771624        0.0000187088       -0.0002357174
        0.0136127976       -0.0000014537        0.0000002776
        0.0000657300        0.0000758900       -0.0000403512
       -0.0000657612        0.0000758975        0.0000403575
       -0.0000000099       -0.0000379150        0.0000807125
        0.0000656726        0.0000759287        0.0000403513
       -0.0000656999        0.0000758963       -0.0000403638
       -0.0000000525       -0.0000379112       -0.0000807187
       -0.0000239650       -0.0000062562       -0.0000303238
        0.0000239988       -0.0000062625        0.0000303125
       -0.0000000025        0.0000352763        0.0000606288
       -0.0000239862       -0.0000062550        0.0000303287
        0.0000239962       -0.0000062749       -0.0000303213
       -0.0000000075        0.0000352913       -0.0000606475
        0.0000217700        0.0062908624       -0.0002335800
        0.0000187413       -0.0201771699       -0.0002356950
       -0.0000014300        0.0136128100        0.0000002938
        0.0000181362       -0.0000106187       -0.0001211449
        0.0000181237        0.0000104538       -0.0001211362
       -0.0000000750        0.0000209463       -0.0001211311
       -0.0000183750        0.0000104675       -0.0001211537
       -0.0000183562       -0.0000105649       -0.0001211512
       -0.0000000562       -0.0000211662       -0.0001211475
        0.0000177688       -0.0000102662       -0.0000389824
        0.0000177913        0.0000102551       -0.0000389200
        0.0000000050        0.0000205213       -0.0000389225
       -0.0000178800        0.0000102476       -0.0000389200
       -0.0000177875       -0.0000102487       -0.0000389325
       -0.0000000011       -0.0000205049       -0.0000389238
       -0.0002335987       -0.0002335800        1.1367975574
       -0.0002254200       -0.0002254162       -1.1525402900
        0.0000015314        0.0000015125        0.0167033151
       -0.0000556237       -0.0003842511       -0.0008620987
       -0.0000556125        0.0003842000       -0.0008621100
       -0.0007210212       -0.0000000374        0.0000000339
       -0.0000556462       -0.0003842250        0.0008621051
       -0.0000556012        0.0003842413        0.0008621063
       -0.0007210187       -0.0000000399        0.0000000325
        0.0000306051        0.0000041413       -0.0000245737
        0.0000306051       -0.0000041062       -0.0000245612
        0.0000377650        0.0000000063        0.0000000075
        0.0000305862        0.0000041376        0.0000245051
        0.0000306025       -0.0000041112        0.0000245063
        0.0000377526        0.0000000301       -0.0000000087
       -0.0201771624        0.0000187413       -0.0002254200
        0.0514951424        0.0000238126       -0.0003128737
       -0.0298517487        0.0000060888       -0.0000725525
       -0.0003842786       -0.0004992100        0.0004977389
        0.0003841688       -0.0004992387       -0.0004977024
        0.0000000388        0.0001661688       -0.0009954736
       -0.0003842587       -0.0004991688       -0.0004977088
        0.0003842114       -0.0004991887        0.0004977400
        0.0000000438        0.0001661763        0.0009954738
        0.0000041313        0.0000353714        0.0000141376
       -0.0000041312        0.0000353825       -0.0000141862
        0.0000000026        0.0000281788       -0.0000283674
        0.0000041376        0.0000353675       -0.0000141949
       -0.0000041475        0.0000353638        0.0000141350
       -0.0000000112        0.0000281788        0.0000282688
        0.0000187088       -0.0201771699       -0.0002254162
        0.0000238126        0.0514951549       -0.0003128812
        0.0000060976       -0.0298517762       -0.0000725637
        0.0003298275       -0.0001905699       -0.0003343836
        0.0003297851        0.0001904263       -0.0003343774
       -0.0000000737        0.0003807926       -0.0003343661
       -0.0003300175        0.0001904950       -0.0003343963
       -0.0003299899       -0.0001905425       -0.0003343950
       -0.0000000561       -0.0003809949       -0.0003343912
       -0.0000910912        0.0000526001       -0.0000279624
       -0.0000910850       -0.0000526937       -0.0000280524
        0.0000000200       -0.0001052074       -0.0000280512
        0.0000909863       -0.0000526049       -0.0000279675
        0.0000911162        0.0000526101       -0.0000279650
        0.0000000151        0.0001051976       -0.0000280562
       -0.0002357174       -0.0002356950       -1.1525402900
       -0.0003128737       -0.0003128812        1.5607871649
       -0.0000790312       -0.0000790437       -0.4060721025
       -0.0002429499        0.0006263839        0.0001624214
       -0.0002429775       -0.0006262624        0.0001624151
        0.0008421051       -0.0000000887       -0.0000001686
       -0.0002429074        0.0006264413       -0.0001629049
       -0.0002429461       -0.0006262037       -0.0001629037
        0.0008420876       -0.0000001011       -0.0000001587
       -0.0001493199        0.0000513826       -0.0000633811
       -0.0001493174       -0.0000514087       -0.0000633811
       -0.0000602699       -0.0000000062       -0.0000000149
       -0.0001493336        0.0000514139        0.0000633676
       -0.0001493287       -0.0000514012        0.0000633751
       -0.0000602686       -0.0000000061       -0.0000000287
        0.0136127976       -0.0000014300        0.0000015314
       -0.0298517487        0.0000060976       -0.0000790312
        0.0162440473        0.0000081301       -0.0000756924
        0.0006263738        0.0004803676       -0.0000940599
       -0.0006264199        0.0004804226        0.0000936451
        0.0000000576       -0.0006046225        0.0001875976
        0.0006263263        0.0004804362        0.0000936451
       -0.0006263998        0.0004804713       -0.0000940637
        0.0000000976       -0.0006046261       -0.0001881187
        0.0000513875       -0.0000900049        0.0000365552
       -0.0000514224       -0.0000899800       -0.0000366125
       -0.0000000187       -0.0001790337       -0.0000731961
        0.0000513926       -0.0000899999       -0.0000366112
       -0.0000514188       -0.0000899712        0.0000365538
       -0.0000000324       -0.0001790162        0.0000731513
       -0.0000014537        0.0136128100        0.0000015125
        0.0000060888       -0.0298517762       -0.0000790437
        0.0000081301        0.0162440924       -0.0000757100
       -0.0006705662        0.0003873288       -0.0007409611
       -0.0006705087       -0.0003871687       -0.0007409587
        0.0000000363       -0.0007742924       -0.0007409699
        0.0006709701       -0.0003871425       -0.0007409537
        0.0006710239        0.0003873613       -0.0007409724
        0.0000000088        0.0007748714       -0.0007409812
        0.0001335926       -0.0000770749        0.0003063001
        0.0001336038        0.0000771288        0.0003063138
        0.0000000326        0.0001542600        0.0003063601
       -0.0001334849        0.0000771163        0.0003063639
       -0.0001334887       -0.0000770549        0.0003063526
        0.0000000264       -0.0001541449        0.0003063463
        0.0000002776        0.0000002938        0.0167033151
       -0.0000725525       -0.0000725637       -0.4060721025
       -0.0000756924       -0.0000757100        0.3919784749
