   17   51
        0.6952544004        0.0535807351       -0.0000927099
       -0.2027222251        0.0139910946        0.0000256745
        0.1040711999        0.0421213446        0.0004558098
       -0.0886413051        0.0497647750        0.0000114446
       -0.0246644802       -0.1164341452       -0.0004263603
       -0.3181905802        0.0526929452       -0.0003312553
       -0.1424377049       -0.1180837552        0.0002326249
       -0.0117202305        0.0312183647        0.0000475600
       -0.0008589049       -0.0044598499       -0.0000390051
       -0.0011414355        0.0011152846        0.0000087749
        0.0005404397       -0.0031286152        0.0000345148
       -0.0093090654       -0.0024317850        0.0000260101
       -0.0002018299        0.0002614649       -0.0001060002
       -0.0000245848        0.0000162299       -0.0001500950
       -0.0000155302        0.0000530096        0.0001394099
        0.0001377299       -0.0002896653       -0.0000358150
       -0.0000674100        0.0000771348        0.0001588950
        0.0535807351        0.7571057705       -0.0001502502
        0.1193978096       -0.2797010401       -0.0003605953
       -0.0421201054       -0.0675750204       -0.0002286154
        0.0497645800       -0.0311854402        0.0000198997
       -0.0322043803        0.0611594049        0.0002808298
       -0.0527257504       -0.1642498648       -0.0001504853
       -0.1180859653       -0.2787956453        0.0003956197
       -0.0038235206        0.0073115646        0.0000578149
       -0.0039366751       -0.0038407902        0.0000174899
        0.0011153344        0.0001463897        0.0000151400
       -0.0036518352       -0.0052402103       -0.0000247553
        0.0326113798        0.0049013346        0.0000700547
        0.0002613447        0.0001000197       -0.0001836304
        0.0001018648       -0.0000135802        0.0000967898
        0.0000529698        0.0000456049        0.0002414995
       -0.0002896601       -0.0001967851       -0.0000620304
       -0.0000085453        0.0000293599       -0.0000815601
       -0.0000927099       -0.0001502502        0.1757002502
       -0.0002702103        0.0001233249       -0.0795728903
        0.0004558248        0.0002279546        0.0079734497
       -0.0000092851       -0.0000160298       -0.0078118703
       -0.0000306102        0.0005086352        0.0079737049
        0.0002360301       -0.0001649099       -0.0795735053
        0.0002113751        0.0003603796       -0.0484353302
        0.0000462848       -0.0000601850        0.0046077250
       -0.0000068951       -0.0000078600        0.0082773900
       -0.0000015854       -0.0000027302       -0.0009280399
       -0.0000033853       -0.0000099203        0.0082774650
       -0.0000753002        0.0000100599        0.0046077602
       -0.0004224199       -0.0007316800        0.0001121049
       -0.0000081548        0.0000291598        0.0001000149
       -0.0000011053       -0.0000019551       -0.0003398702
       -0.0000963300       -0.0001668701       -0.0010649350
        0.0000293349        0.0000075849        0.0001000899
       -0.2027222251        0.1193978096       -0.0002702103
        0.7879613207        0.0000154245       -0.0003510803
       -0.2027222854       -0.1193655254       -0.0002702154
       -0.0246647454       -0.0322090202        0.0000337647
       -0.0024541004       -0.0000002453        0.0000188896
       -0.0246647355        0.0322091250        0.0000337747
        0.0144162496       -0.0189127604        0.0000692347
       -0.3469171057       -0.0000178653        0.0005677848
        0.0144162598        0.0189119598        0.0000691998
       -0.0067307107        0.0005478645       -0.0000083051
        0.0007917797        0.0000000145        0.0000138147
       -0.0067306902       -0.0005479856       -0.0000082852
        0.0003758046        0.0000000546       -0.0001913256
       -0.0000005701       -0.0000708951        0.0001614745
       -0.0000005051        0.0000709596        0.0001615345
       -0.0003585953       -0.0000000202       -0.0000758303
        0.0000055249        0.0000000244       -0.0000039103
        0.0139910946       -0.2797010401        0.0001233249
        0.0000154245        0.6643548505       -0.0000176354
       -0.0139444853       -0.2797010052       -0.0001424604
       -0.1164640400        0.0611792248       -0.0004857154
       -0.0000002902       -0.1173671652        0.0000000196
        0.1164767198        0.0611792049        0.0004842846
        0.0161305849       -0.0188265653        0.0000193597
       -0.0000161106       -0.0742789206        0.0000016351
       -0.0161321250       -0.0188266000       -0.0000200302
        0.0010700543        0.0020309196        0.0000382047
        0.0000000196       -0.0017875556        0.0000000347
       -0.0010701604        0.0020309147       -0.0000386302
       -0.0000000253       -0.0007110552        0.0000000097
       -0.0000141901        0.0000299198        0.0001943795
        0.0000142546        0.0000299548       -0.0001944554
        0.0000000097        0.0003192747       -0.0000000051
        0.0000000247        0.0000607045        0.0000000449
        0.0000256745       -0.0003605953       -0.0795728903
       -0.0003510803       -0.0000176354        0.1757436007
        0.0000255696        0.0003417847       -0.0795728855
        0.0004023698       -0.0002721802        0.0079678745
       -0.0000227502        0.0000000597       -0.0078118504
        0.0004023696        0.0002716700        0.0079678748
       -0.0000259953        0.0000672046        0.0046084395
        0.0005231846        0.0000007995       -0.0484546501
       -0.0000259550       -0.0000674754        0.0046084347
       -0.0000123754       -0.0000025005        0.0082783495
       -0.0000035254       -0.0000000406       -0.0009271503
       -0.0000123552        0.0000023695        0.0082783498
       -0.0006476753        0.0000000549        0.0000989345
       -0.0000495299        0.0000145698       -0.0001790704
       -0.0000494603       -0.0000145303       -0.0001790505
       -0.0002001204       -0.0000000503       -0.0010709252
       -0.0000272553       -0.0000000455        0.0002198797
        0.1040711999       -0.0421201054        0.0004558248
       -0.2027222854       -0.0139444853        0.0000255696
        0.6952545107       -0.0535384504       -0.0000927702
       -0.3181906001       -0.0527205651       -0.0003313204
       -0.0246645203        0.1164468748       -0.0004264353
       -0.0886413554       -0.0497628852        0.0000113997
       -0.0008589203        0.0044596695       -0.0000390702
       -0.0117202856       -0.0312187055        0.0000474850
       -0.1424377200        0.1181176697        0.0002325447
       -0.0093091606        0.0024304546        0.0000259246
        0.0005403948        0.0031284696        0.0000344599
       -0.0011414906       -0.0011153955        0.0000087098
       -0.0002018703       -0.0002614303       -0.0001061002
       -0.0000156354       -0.0000530102        0.0001392846
       -0.0000244953       -0.0000162504       -0.0001501405
        0.0001377148        0.0002896445       -0.0000358853
       -0.0000674802       -0.0000771556        0.0001588347
        0.0421213446       -0.0675750204        0.0002279546
       -0.1193655254       -0.2797010052        0.0003417847
       -0.0535384504        0.7571058006        0.0001035048
        0.0526981196       -0.1642498901        0.0001505845
        0.0322044349        0.0611593899       -0.0002813303
       -0.0497626752       -0.0311854751       -0.0000196903
        0.0039365148       -0.0038408103       -0.0000178304
        0.0038227145        0.0073115646       -0.0000577100
        0.1181181548       -0.2787956603       -0.0004223705
       -0.0326113454        0.0049012596       -0.0000707053
        0.0036517949       -0.0052402504        0.0000247996
       -0.0011153554        0.0001463596       -0.0000150851
       -0.0002613703        0.0001000046        0.0001835747
       -0.0000529752        0.0000455248       -0.0002414703
       -0.0001018353       -0.0000134602       -0.0000967952
        0.0002896797       -0.0001967655        0.0000620949
        0.0000085447        0.0000293699        0.0000815947
        0.0004558098       -0.0002286154        0.0079734497
       -0.0002702154       -0.0001424604       -0.0795728855
       -0.0000927702        0.0001035048        0.1757002906
        0.0002360198        0.0001650596       -0.0795735554
       -0.0000306102       -0.0005099903        0.0079737046
       -0.0000093152        0.0000162899       -0.0078118853
       -0.0000068999        0.0000078398        0.0082773948
        0.0000461895        0.0000597248        0.0046076849
        0.0002113450       -0.0003834850       -0.0484353802
       -0.0000753406       -0.0000099655        0.0046077247
       -0.0000034305        0.0000099544        0.0082774449
       -0.0000015805        0.0000027848       -0.0009280353
       -0.0004224202        0.0007317098        0.0001120645
       -0.0000012352        0.0000019349       -0.0003399205
       -0.0000080902       -0.0000291004        0.0001000245
       -0.0000963502        0.0001668599       -0.0010649603
        0.0000293099       -0.0000075804        0.0001000649
       -0.0886413051        0.0497645800       -0.0000092851
       -0.0246647454       -0.1164640400        0.0004023698
       -0.3181906001        0.0526981196        0.0002360198
        0.6952548904        0.0535536950        0.0001432346
       -0.2027276150        0.0139946900        0.0000152997
        0.1041009597        0.0421340050       -0.0004375954
       -0.0011427451        0.0011169345       -0.0000069701
        0.0005411695       -0.0031281354       -0.0000293551
       -0.0093118001       -0.0024335549       -0.0000178551
       -0.1424319655       -0.1180607202       -0.0002963452
       -0.0117199801        0.0312213297       -0.0000521300
       -0.0008599554       -0.0044595552        0.0000373399
       -0.0004394201        0.0004706447        0.0000955848
       -0.0000145650       -0.0000061800       -0.0002491902
        0.0000468748       -0.0000239001        0.0000019347
        0.0001497850       -0.0002935602        0.0000378699
        0.0000591299       -0.0000202854        0.0000876051
        0.0497647750       -0.0311854402       -0.0000160298
       -0.0322090202        0.0611792248       -0.0002721802
       -0.0527205651       -0.1642498901        0.0001650596
        0.0535536950        0.7570795702        0.0002587797
        0.1194018648       -0.2796988849        0.0002885398
       -0.0421327550       -0.0675856597        0.0002127749
        0.0011168902        0.0001468948       -0.0000119149
       -0.0036505355       -0.0052407302        0.0000264549
        0.0326121099        0.0049020500       -0.0000703102
       -0.1180628706       -0.2787639252       -0.0005208400
       -0.0038235200        0.0073091849       -0.0000501899
       -0.0039372253       -0.0038396453       -0.0000121250
        0.0004706848        0.0001041150        0.0001656448
       -0.0000628847        0.0000439152       -0.0000427002
       -0.0000239203        0.0000193450        0.0000033899
       -0.0002935150       -0.0001891851        0.0000656999
        0.0000364301       -0.0000298002       -0.0002370601
        0.0000114446        0.0000198997       -0.0078118703
        0.0000337647       -0.0004857154        0.0079678745
       -0.0003313204        0.0001505845       -0.0795735554
        0.0001432346        0.0002587797        0.1757412008
        0.0002865747       -0.0002102203       -0.0795728153
       -0.0004376153       -0.0002134351        0.0079676795
        0.0000017698        0.0000031395       -0.0009272205
        0.0000082545        0.0000094596        0.0082782998
        0.0000708948       -0.0000111501        0.0046084895
       -0.0002727506       -0.0004782805       -0.0484517705
       -0.0000453403        0.0000557645        0.0046087047
        0.0000040396        0.0000118544        0.0082783799
        0.0003238497        0.0005609846        0.0000988845
        0.0000120346        0.0000501450       -0.0001790804
        0.0000136149        0.0000236497        0.0002198996
        0.0001000447        0.0001732346       -0.0010709005
        0.0000373598        0.0000355098       -0.0001790403
       -0.0246644802       -0.0322043803       -0.0000306102
       -0.0024541004       -0.0000002902       -0.0000227502
       -0.0246645203        0.0322044349       -0.0000306102
       -0.2027276150        0.1194018648        0.0002865747
        0.7880225604        0.0000153949        0.0001212999
       -0.2027276400       -0.1193696099        0.0002866048
       -0.0067313002        0.0005464298        0.0000040149
        0.0007903947       -0.0000000102       -0.0000174151
       -0.0067313050       -0.0005465003        0.0000040248
        0.0144168143       -0.0189134204       -0.0000740749
       -0.3469783954       -0.0000179404       -0.0004905650
        0.0144167998        0.0189124648       -0.0000740903
        0.0002508449        0.0000000401        0.0002119398
        0.0000348348        0.0000675297       -0.0000088502
        0.0000348899       -0.0000675951       -0.0000088502
       -0.0003640201       -0.0000000603        0.0000716801
        0.0000761850       -0.0000000455       -0.0002788650
       -0.1164341452        0.0611594049        0.0005086352
       -0.0000002453       -0.1173671652        0.0000000597
        0.1164468748        0.0611593899       -0.0005099903
        0.0139946900       -0.2796988849       -0.0002102203
        0.0000153949        0.6643434602       -0.0000176450
       -0.0139481548       -0.2796988849        0.0001910496
        0.0010696149        0.0020313396       -0.0000426550
        0.0000000796       -0.0017852054        0.0000000102
       -0.0010696351        0.0020313749        0.0000421699
        0.0161275196       -0.0188251153       -0.0000129501
       -0.0000161302       -0.0742697901        0.0000016351
       -0.0161290652       -0.0188251300        0.0000123347
        0.0000000151       -0.0003526551        0.0000000350
       -0.0000181200       -0.0000729500        0.0001783050
        0.0000181299       -0.0000728650       -0.0001783803
        0.0000000500        0.0003050198        0.0000000202
        0.0000000551       -0.0000461702        0.0000000000
       -0.0004263603        0.0002808298        0.0079737049
        0.0000188896        0.0000000196       -0.0078118504
       -0.0004264353       -0.0002813303        0.0079737046
        0.0000152997        0.0002885398       -0.0795728153
        0.0001212999       -0.0000176450        0.1757004605
        0.0000153199       -0.0003072952       -0.0795727703
        0.0000102847       -0.0000020654        0.0082773897
        0.0000032395       -0.0000000006       -0.0009280299
        0.0000103049        0.0000020799        0.0082773497
        0.0000287346       -0.0000701755        0.0046076698
       -0.0004451854        0.0000007498       -0.0484365100
        0.0000287494        0.0000698094        0.0046076997
        0.0008448447        0.0000000398        0.0001120796
       -0.0000212401        0.0000215348        0.0001000046
       -0.0000212003       -0.0000215502        0.0001000649
        0.0001926597       -0.0000000105       -0.0010650103
        0.0000023047       -0.0000000054       -0.0003399251
       -0.3181905802       -0.0527257504        0.0002360301
       -0.0246647355        0.1164767198        0.0004023696
       -0.0886413554       -0.0497626752       -0.0000093152
        0.1041009597       -0.0421327550       -0.0004376153
       -0.2027276400       -0.0139481548        0.0000153199
        0.6952548904       -0.0535114151        0.0001432298
       -0.0093118601        0.0024322796       -0.0000178153
        0.0005411894        0.0031280194       -0.0000293551
       -0.0011427250       -0.0011169351       -0.0000069852
       -0.0008599454        0.0044592747        0.0000373748
       -0.0117200202       -0.0312216952       -0.0000521351
       -0.1424319203        0.1180945648       -0.0002963452
       -0.0004394201       -0.0004706101        0.0000955447
        0.0000468199        0.0000238850        0.0000018997
       -0.0000145303        0.0000061547       -0.0002491404
        0.0001498051        0.0002935099        0.0000378751
        0.0000591200        0.0000202698        0.0000875897
        0.0526929452       -0.1642498648       -0.0001649099
        0.0322091250        0.0611792049        0.0002716700
       -0.0497628852       -0.0311854751        0.0000162899
        0.0421340050       -0.0675856597       -0.0002134351
       -0.1193696099       -0.2796988849       -0.0003072952
       -0.0535114151        0.7570795901       -0.0003055200
       -0.0326119550        0.0049020798        0.0000695698
        0.0036505145       -0.0052407253       -0.0000264700
       -0.0011168697        0.0001469002        0.0000118550
        0.0039370397       -0.0038396652        0.0000118550
        0.0038226497        0.0073091300        0.0000503451
        0.1180950150       -0.2787638851        0.0004941700
       -0.0004706351        0.0001041249       -0.0001657250
        0.0000238850        0.0000192600       -0.0000034302
        0.0000628449        0.0000439098        0.0000425999
        0.0002935400       -0.0001891701       -0.0000656451
       -0.0000364051       -0.0000298053        0.0002370601
       -0.0003312553       -0.0001504853       -0.0795735053
        0.0000337747        0.0004842846        0.0079678748
        0.0000113997       -0.0000196903       -0.0078118853
       -0.0004375954        0.0002127749        0.0079676795
        0.0002866048        0.0001910496       -0.0795727703
        0.0001432298       -0.0003055200        0.1757411707
        0.0000709647        0.0000112746        0.0046085097
        0.0000082443       -0.0000094855        0.0082783399
        0.0000018099       -0.0000030454       -0.0009272404
        0.0000040242       -0.0000120505        0.0082784146
       -0.0000453252       -0.0000563955        0.0046087098
       -0.0002727302        0.0004550498       -0.0484516954
        0.0003238097       -0.0005609101        0.0000989448
        0.0000135498       -0.0000236702        0.0002198746
        0.0000121398       -0.0000501453       -0.0001790005
        0.0001000248       -0.0001732906       -0.0010709303
        0.0000373745       -0.0000355604       -0.0001790499
       -0.1424377049       -0.1180859653        0.0002113751
        0.0144162496        0.0161305849       -0.0000259953
       -0.0008589203        0.0039365148       -0.0000068999
       -0.0011427451        0.0011168902        0.0000017698
       -0.0067313002        0.0010696149        0.0000102847
       -0.0093118601       -0.0326119550        0.0000709647
        0.1440765402        0.1294300196       -0.0002553548
        0.0009313345       -0.0008714053       -0.0000125951
        0.0004932951        0.0008940600        0.0000013949
        0.0001021746       -0.0000863002       -0.0000022951
       -0.0007386100       -0.0016053252        0.0000020498
        0.0011980200        0.0007176698       -0.0000106650
        0.0000609998       -0.0000020350        0.0000175950
       -0.0000272149        0.0000055601       -0.0000294901
       -0.0000052901        0.0000216349        0.0000118249
       -0.0000319702       -0.0000267102        0.0000302799
        0.0000075150       -0.0000026051       -0.0000211801
       -0.1180837552       -0.2787956453        0.0003603796
       -0.0189127604       -0.0188265653        0.0000672046
        0.0044596695       -0.0038408103        0.0000078398
        0.0011169345        0.0001468948        0.0000031395
        0.0005464298        0.0020313396       -0.0000020654
        0.0024322796        0.0049020798        0.0000112746
        0.1294300196        0.2934969808       -0.0004487154
        0.0005636744        0.0011090697       -0.0000195752
       -0.0008940651       -0.0011491852        0.0000031648
       -0.0000862255        0.0000026046       -0.0000039103
        0.0001829395        0.0000826944        0.0000029397
       -0.0007177204        0.0008422845       -0.0000207305
       -0.0000020404        0.0000586496        0.0000305246
       -0.0000226052        0.0000091347       -0.0000414906
        0.0000216846        0.0000196746        0.0000204795
       -0.0000267053       -0.0000628955        0.0000524497
        0.0000255949       -0.0000254656       -0.0000462552
        0.0002326249        0.0003956197       -0.0484353302
        0.0000692347        0.0000193597        0.0046084395
       -0.0000390702       -0.0000178304        0.0082773948
       -0.0000069701       -0.0000119149       -0.0009272205
        0.0000040149       -0.0000426550        0.0082773897
       -0.0000178153        0.0000695698        0.0046085097
       -0.0002553548       -0.0004487154        0.0339915005
       -0.0000251003       -0.0000016556       -0.0046408002
        0.0000014501       -0.0000032949       -0.0000821453
        0.0000023795        0.0000041447       -0.0010433902
       -0.0000036053       -0.0000004252       -0.0000820401
        0.0000111547       -0.0000225955       -0.0046408351
        0.0000622398        0.0001078899        0.0000029246
       -0.0000366600        0.0000010601       -0.0000542602
        0.0000243350        0.0000421849        0.0000503346
       -0.0000500151       -0.0000866405        0.0001445648
        0.0000192600       -0.0000311604       -0.0000541800
       -0.0117202305       -0.0038235206        0.0000462848
       -0.3469171057       -0.0000161106        0.0005231846
       -0.0117202856        0.0038227145        0.0000461895
        0.0005411695       -0.0036505355        0.0000082545
        0.0007903947        0.0000000796        0.0000032395
        0.0005411894        0.0036505145        0.0000082443
        0.0009313345        0.0005636744       -0.0000251003
        0.3681481411       -0.0000151306       -0.0006363703
        0.0009312996       -0.0005635954       -0.0000251254
       -0.0007390960        0.0001823892        0.0000031096
       -0.0000472204        0.0000000094       -0.0000048004
       -0.0007390656       -0.0001823457        0.0000031494
       -0.0000216804        0.0000000796        0.0000487145
        0.0000290996       -0.0000029056        0.0000086044
        0.0000292144        0.0000029695        0.0000086243
       -0.0000841456        0.0000000344        0.0000601645
        0.0000474196       -0.0000000057       -0.0001081602
        0.0312183647        0.0073115646       -0.0000601850
       -0.0000178653       -0.0742789206        0.0000007995
       -0.0312187055        0.0073115646        0.0000597248
       -0.0031281354       -0.0052407302        0.0000094596
       -0.0000000102       -0.0017852054       -0.0000000006
        0.0031280194       -0.0052407253       -0.0000094855
       -0.0008714053        0.0011090697       -0.0000016556
       -0.0000151306        0.0693791708        0.0000011798
        0.0008716299        0.0011090395        0.0000015248
       -0.0016052908        0.0000824346       -0.0000004306
       -0.0000000205        0.0001519945        0.0000000196
        0.0016053096        0.0000824596        0.0000003399
       -0.0000000253        0.0000027245       -0.0000000301
        0.0000123947       -0.0000006452       -0.0000119155
       -0.0000124305       -0.0000005701        0.0000118845
        0.0000000045       -0.0000180003       -0.0000000153
        0.0000000048        0.0000246845       -0.0000000054
        0.0000475600        0.0000578149        0.0046077250
        0.0005677848        0.0000016351       -0.0484546501
        0.0000474850       -0.0000577100        0.0046076849
       -0.0000293551        0.0000264549        0.0082782998
       -0.0000174151        0.0000000102       -0.0009280299
       -0.0000293551       -0.0000264700        0.0082783399
       -0.0000125951       -0.0000195752       -0.0046408002
       -0.0006363703        0.0000011798        0.0340082602
       -0.0000125999        0.0000195701       -0.0046407951
       -0.0000012855       -0.0000029601       -0.0000823400
        0.0000045648       -0.0000000301       -0.0010432800
       -0.0000012500        0.0000028999       -0.0000823601
        0.0000077651        0.0000000401        0.0000291098
        0.0000464749       -0.0000115350        0.0000263648
        0.0000465499        0.0000115750        0.0000264498
       -0.0001095052       -0.0000000199        0.0001409651
        0.0000458300        0.0000000048       -0.0001292551
       -0.0008589049       -0.0039366751       -0.0000068951
        0.0144162598       -0.0161321250       -0.0000259550
       -0.1424377200        0.1181181548        0.0002113450
       -0.0093118001        0.0326121099        0.0000708948
       -0.0067313050       -0.0010696351        0.0000103049
       -0.0011427250       -0.0011168697        0.0000018099
        0.0004932951       -0.0008940651        0.0000014501
        0.0009312996        0.0008716299       -0.0000125999
        0.1440765402       -0.1293968202       -0.0002553500
        0.0011979796       -0.0007176700       -0.0000106800
       -0.0007385802        0.0016052599        0.0000020802
        0.0001022099        0.0000862298       -0.0000022800
        0.0000610049        0.0000020901        0.0000176598
       -0.0000053652       -0.0000216198        0.0000117748
       -0.0000271100       -0.0000055550       -0.0000294801
       -0.0000319650        0.0000267599        0.0000303100
        0.0000074951        0.0000026151       -0.0000211799
       -0.0044598499       -0.0038407902       -0.0000078600
        0.0189119598       -0.0188266000       -0.0000674754
        0.1181176697       -0.2787956603       -0.0003834850
       -0.0024335549        0.0049020500       -0.0000111501
       -0.0005465003        0.0020313749        0.0000020799
       -0.0011169351        0.0001469002       -0.0000030454
        0.0008940600       -0.0011491852       -0.0000032949
       -0.0005635954        0.0011090395        0.0000195701
       -0.1293968202        0.2934970303        0.0004246499
        0.0007177945        0.0008422299        0.0000207100
       -0.0001829352        0.0000826498       -0.0000028950
        0.0000862445        0.0000025997        0.0000039850
        0.0000020700        0.0000586351       -0.0000305153
       -0.0000216701        0.0000195450       -0.0000204901
        0.0000226450        0.0000091748        0.0000414798
        0.0000267400       -0.0000628552       -0.0000524352
       -0.0000255599       -0.0000254903        0.0000462651
       -0.0000390051        0.0000174899        0.0082773900
        0.0000691998       -0.0000200302        0.0046084347
        0.0002325447       -0.0004223705       -0.0484353802
       -0.0000178551       -0.0000703102        0.0046084895
        0.0000040248        0.0000421699        0.0082773497
       -0.0000069852        0.0000118550       -0.0009272404
        0.0000013949        0.0000031648       -0.0000821453
       -0.0000251254        0.0000015248       -0.0046407951
       -0.0002553500        0.0004246499        0.0339915505
        0.0000110896        0.0000224497       -0.0046408701
       -0.0000035902        0.0000001995       -0.0000821052
        0.0000023547       -0.0000043454       -0.0010433902
        0.0000622248       -0.0001079502        0.0000029047
        0.0000242500       -0.0000423151        0.0000503096
       -0.0000366302       -0.0000012153       -0.0000542352
       -0.0000500350        0.0000864748        0.0001445400
        0.0000192401        0.0000310345       -0.0000542300
       -0.0011414355        0.0011153344       -0.0000015854
       -0.0067307107        0.0010700543       -0.0000123754
       -0.0093091606       -0.0326113454       -0.0000753406
       -0.1424319655       -0.1180628706       -0.0002727506
        0.0144168143        0.0161275196        0.0000287346
       -0.0008599454        0.0039370397        0.0000040242
        0.0001021746       -0.0000862255        0.0000023795
       -0.0007390960       -0.0016052908       -0.0000012855
        0.0011979796        0.0007177945        0.0000110896
        0.1440651511        0.1294090742        0.0003067095
        0.0009311643       -0.0008713855        0.0000139397
        0.0004932042        0.0008937843       -0.0000019205
       -0.0000034555       -0.0000105356       -0.0000244304
        0.0000108997        0.0000228746        0.0000059043
        0.0000303945        0.0000098396        0.0000540794
       -0.0000345503       -0.0000286505       -0.0000300955
        0.0000027094        0.0000028194       -0.0000146153
        0.0011152846        0.0001463897       -0.0000027302
        0.0005478645        0.0020309196       -0.0000025005
        0.0024304546        0.0049012596       -0.0000099655
       -0.1180607202       -0.2787639252       -0.0004782805
       -0.0189134204       -0.0188251153       -0.0000701755
        0.0044592747       -0.0038396652       -0.0000120505
       -0.0000863002        0.0000026046        0.0000041447
        0.0001823892        0.0000824346       -0.0000029601
       -0.0007176700        0.0008422299        0.0000224497
        0.1294090742        0.2934621608        0.0005249797
        0.0005636846        0.0011090447        0.0000209099
       -0.0008938804       -0.0011499455       -0.0000026353
       -0.0000105703       -0.0000156402       -0.0000422705
        0.0000075099        0.0000174896       -0.0000134852
        0.0000098396        0.0000416796        0.0000936294
       -0.0000286855       -0.0000676803       -0.0000521553
        0.0000181598        0.0000258143       -0.0000015802
        0.0000087749        0.0000151400       -0.0009280399
       -0.0000083051        0.0000382047        0.0082783495
        0.0000259246       -0.0000707053        0.0046077247
       -0.0002963452       -0.0005208400       -0.0484517705
       -0.0000740749       -0.0000129501        0.0046076698
        0.0000373748        0.0000118550        0.0082784146
       -0.0000022951       -0.0000039103       -0.0010433902
        0.0000031096       -0.0000004306       -0.0000823400
       -0.0000106800        0.0000207100       -0.0046408701
        0.0003067095        0.0005249797        0.0340052304
        0.0000231947        0.0000010897       -0.0046407999
       -0.0000019503        0.0000024696       -0.0000824301
       -0.0000039401       -0.0000067351        0.0000291197
       -0.0000133500       -0.0000460599        0.0000263898
       -0.0000229301       -0.0000396849       -0.0001292602
        0.0000547300        0.0000948347        0.0001409700
       -0.0000332500       -0.0000345003        0.0000264251
        0.0005404397       -0.0036518352       -0.0000033853
        0.0007917797        0.0000000196       -0.0000035254
        0.0005403948        0.0036517949       -0.0000034305
       -0.0117199801       -0.0038235200       -0.0000453403
       -0.3469783954       -0.0000161302       -0.0004451854
       -0.0117200202        0.0038226497       -0.0000453252
       -0.0007386100        0.0001829395       -0.0000036053
       -0.0000472204       -0.0000000205        0.0000045648
       -0.0007385802       -0.0001829352       -0.0000035902
        0.0009311643        0.0005636846        0.0000231947
        0.3682110906       -0.0000152252        0.0004879499
        0.0009312046       -0.0005637253        0.0000232748
        0.0000573849        0.0000000597       -0.0000352955
       -0.0000073604       -0.0000340950        0.0000506395
       -0.0000072851        0.0000340799        0.0000506395
       -0.0000783453       -0.0000000301       -0.0000605550
        0.0000320850       -0.0000000003       -0.0000236602
       -0.0031286152       -0.0052402103       -0.0000099203
        0.0000000145       -0.0017875556       -0.0000000406
        0.0031284696       -0.0052402504        0.0000099544
        0.0312213297        0.0073091849        0.0000557645
       -0.0000179404       -0.0742697901        0.0000007498
       -0.0312216952        0.0073091300       -0.0000563955
       -0.0016053252        0.0000826944       -0.0000004252
        0.0000000094        0.0001519945       -0.0000000301
        0.0016052599        0.0000826498        0.0000001995
       -0.0008713855        0.0011090447        0.0000010897
       -0.0000152252        0.0693771307        0.0000011747
        0.0008715847        0.0011090947       -0.0000011403
       -0.0000000153        0.0000621597       -0.0000000603
       -0.0000059353       -0.0000108150        0.0000047348
        0.0000059148       -0.0000107053       -0.0000048203
       -0.0000000003       -0.0000165653       -0.0000000304
       -0.0000000151       -0.0000178952        0.0000000000
        0.0000345148       -0.0000247553        0.0082774650
        0.0000138147        0.0000000347       -0.0009271503
        0.0000344599        0.0000247996        0.0082774449
       -0.0000521300       -0.0000501899        0.0046087047
       -0.0004905650        0.0000016351       -0.0484365100
       -0.0000521351        0.0000503451        0.0046087098
        0.0000020498        0.0000029397       -0.0000820401
       -0.0000048004        0.0000000196       -0.0010432800
        0.0000020802       -0.0000028950       -0.0000821052
        0.0000139397        0.0000209099       -0.0046407999
        0.0004879499        0.0000011747        0.0339924003
        0.0000139499       -0.0000209454       -0.0046407652
       -0.0001245951        0.0000000651        0.0000029848
        0.0000172651        0.0000322001       -0.0000541351
        0.0000173151       -0.0000321901       -0.0000541053
        0.0000999950       -0.0000000153        0.0001446699
       -0.0000486799        0.0000000497        0.0000504403
       -0.0093090654        0.0326113798       -0.0000753002
       -0.0067306902       -0.0010701604       -0.0000123552
       -0.0011414906       -0.0011153554       -0.0000015805
       -0.0008599554       -0.0039372253        0.0000040396
        0.0144167998       -0.0161290652        0.0000287494
       -0.1424319203        0.1180950150       -0.0002727302
        0.0011980200       -0.0007177204        0.0000111547
       -0.0007390656        0.0016053096       -0.0000012500
        0.0001022099        0.0000862445        0.0000023547
        0.0004932042       -0.0008938804       -0.0000019503
        0.0009312046        0.0008715847        0.0000139499
        0.1440651107       -0.1293760656        0.0003067197
       -0.0000034751        0.0000105496       -0.0000243654
        0.0000303447       -0.0000098353        0.0000540896
        0.0000110398       -0.0000229304        0.0000059646
       -0.0000345304        0.0000286698       -0.0000300201
        0.0000027296       -0.0000027603       -0.0000145903
       -0.0024317850        0.0049013346        0.0000100599
       -0.0005479856        0.0020309147        0.0000023695
       -0.0011153955        0.0001463596        0.0000027848
       -0.0044595552       -0.0038396453        0.0000118544
        0.0189124648       -0.0188251300        0.0000698094
        0.1180945648       -0.2787638851        0.0004550498
        0.0007176698        0.0008422845       -0.0000225955
       -0.0001823457        0.0000824596        0.0000028999
        0.0000862298        0.0000025997       -0.0000043454
        0.0008937843       -0.0011499455        0.0000024696
       -0.0005637253        0.0011090947       -0.0000209454
       -0.1293760656        0.2934621307       -0.0005489801
        0.0000104498       -0.0000156001        0.0000421747
       -0.0000098703        0.0000416347       -0.0000937405
       -0.0000075502        0.0000175598        0.0000133747
        0.0000286047       -0.0000676903        0.0000520899
       -0.0000181703        0.0000257896        0.0000014998
        0.0000260101        0.0000700547        0.0046077602
       -0.0000082852       -0.0000386302        0.0082783498
        0.0000087098       -0.0000150851       -0.0009280353
        0.0000373399       -0.0000121250        0.0082783799
       -0.0000740903        0.0000123347        0.0046076997
       -0.0002963452        0.0004941700       -0.0484516954
       -0.0000106650       -0.0000207305       -0.0046408351
        0.0000031494        0.0000003399       -0.0000823601
       -0.0000022800        0.0000039850       -0.0010433902
       -0.0000019205       -0.0000026353       -0.0000824301
        0.0000232748       -0.0000011403       -0.0046407652
        0.0003067197       -0.0005489801        0.0340052003
       -0.0000039000        0.0000067499        0.0000290601
       -0.0000229201        0.0000396651       -0.0001292801
       -0.0000132050        0.0000460648        0.0000263947
        0.0000547348       -0.0000949251        0.0001409998
       -0.0000332199        0.0000345148        0.0000264200
       -0.0002018299        0.0002613447       -0.0004224199
        0.0003758046       -0.0000000253       -0.0006476753
       -0.0002018703       -0.0002613703       -0.0004224202
       -0.0004394201        0.0004706848        0.0003238497
        0.0002508449        0.0000000151        0.0008448447
       -0.0004394201       -0.0004706351        0.0003238097
        0.0000609998       -0.0000020404        0.0000622398
       -0.0000216804       -0.0000000253        0.0000077651
        0.0000610049        0.0000020700        0.0000622248
       -0.0000034555       -0.0000105703       -0.0000039401
        0.0000573849       -0.0000000153       -0.0001245951
       -0.0000034751        0.0000104498       -0.0000039000
        0.5772496604        0.0000099800       -0.0000383554
       -0.1144852050        0.1019918201       -0.0419946701
       -0.1144851453       -0.1019683251       -0.0419945903
       -0.0566572052        0.0000011397       -0.0000151201
       -0.2911175150       -0.0000151601        0.0840135800
        0.0002614649        0.0001000197       -0.0007316800
        0.0000000546       -0.0007110552        0.0000000549
       -0.0002614303        0.0001000046        0.0007317098
        0.0004706447        0.0001041150        0.0005609846
        0.0000000401       -0.0003526551        0.0000000398
       -0.0004706101        0.0001041249       -0.0005609101
       -0.0000020350        0.0000586496        0.0001078899
        0.0000000796        0.0000027245        0.0000000401
        0.0000020901        0.0000586351       -0.0001079502
       -0.0000105356       -0.0000156402       -0.0000067351
        0.0000000597        0.0000621597        0.0000000651
        0.0000105496       -0.0000156001        0.0000067499
        0.0000099800        0.5772484604       -0.0000144550
        0.1019920799       -0.2322335652        0.0727506298
       -0.1019701602       -0.2322335203       -0.0727500301
        0.0000011948       -0.0566571254       -0.0000149700
       -0.0000135100       -0.0556196252       -0.0000001251
       -0.0001060002       -0.0001836304        0.0001121049
       -0.0001913256        0.0000000097        0.0000989345
       -0.0001061002        0.0001835747        0.0001120645
        0.0000955848        0.0001656448        0.0000988845
        0.0002119398        0.0000000350        0.0001120796
        0.0000955447       -0.0001657250        0.0000989448
        0.0000175950        0.0000305246        0.0000029246
        0.0000487145       -0.0000000301        0.0000291098
        0.0000176598       -0.0000305153        0.0000029047
       -0.0000244304       -0.0000422705        0.0000291197
       -0.0000352955       -0.0000000603        0.0000029848
       -0.0000243654        0.0000421747        0.0000290601
       -0.0000383554       -0.0000144550        0.5838215105
       -0.0420018500        0.0727643149       -0.0856173105
       -0.0420017153       -0.0727610404       -0.0856172704
       -0.0000171653       -0.0000170954       -0.3276996051
        0.0840296548       -0.0000006054       -0.0856173401
       -0.0000245848        0.0001018648       -0.0000081548
       -0.0000005701       -0.0000141901       -0.0000495299
       -0.0000156354       -0.0000529752       -0.0000012352
       -0.0000145650       -0.0000628847        0.0000120346
        0.0000348348       -0.0000181200       -0.0000212401
        0.0000468199        0.0000238850        0.0000135498
       -0.0000272149       -0.0000226052       -0.0000366600
        0.0000290996        0.0000123947        0.0000464749
       -0.0000053652       -0.0000216701        0.0000242500
        0.0000108997        0.0000075099       -0.0000133500
       -0.0000073604       -0.0000059353        0.0000172651
        0.0000303447       -0.0000098703       -0.0000229201
       -0.1144852050        0.1019920799       -0.0420018500
        0.1194346902       -0.1143688851        0.0470014498
        0.0097278649       -0.0143525051        0.0077312748
       -0.0002495301       -0.0015167251       -0.0000016499
       -0.0144851299        0.0283313699       -0.0126906949
        0.0000162299       -0.0000135802        0.0000291598
       -0.0000708951        0.0000299198        0.0000145698
       -0.0000530102        0.0000455248        0.0000019349
       -0.0000061800        0.0000439152        0.0000501450
        0.0000675297       -0.0000729500        0.0000215348
        0.0000238850        0.0000192600       -0.0000236702
        0.0000055601        0.0000091347        0.0000010601
       -0.0000029056       -0.0000006452       -0.0000115350
       -0.0000216198        0.0000195450       -0.0000423151
        0.0000228746        0.0000174896       -0.0000460599
       -0.0000340950       -0.0000108150        0.0000322001
       -0.0000098353        0.0000416347        0.0000396651
        0.1019918201       -0.2322335652        0.0727643149
       -0.1143688851        0.2515019702       -0.0814216003
        0.0143517599       -0.0225564401        0.0101898547
       -0.0015167450        0.0015018850        0.0000026051
       -0.0003731051        0.0016570198       -0.0016002301
       -0.0001500950        0.0000967898        0.0001000149
        0.0001614745        0.0001943795       -0.0001790704
        0.0001392846       -0.0002414703       -0.0003399205
       -0.0002491902       -0.0000427002       -0.0001790804
       -0.0000088502        0.0001783050        0.0001000046
        0.0000018997       -0.0000034302        0.0002198746
       -0.0000294901       -0.0000414906       -0.0000542602
        0.0000086044       -0.0000119155        0.0000263648
        0.0000117748       -0.0000204901        0.0000503096
        0.0000059043       -0.0000134852        0.0000263898
        0.0000506395        0.0000047348       -0.0000541351
        0.0000540896       -0.0000937405       -0.0001292801
       -0.0419946701        0.0727506298       -0.0856173105
        0.0470014498       -0.0814216003        0.0863761807
        0.0077313297       -0.0101904305        0.0042043897
       -0.0176948552        0.0306476946       -0.0087559252
        0.0049593248       -0.0117904253        0.0042044547
       -0.0000155302        0.0000529698       -0.0000011053
       -0.0000005051        0.0000142546       -0.0000494603
       -0.0000244953       -0.0001018353       -0.0000080902
        0.0000468748       -0.0000239203        0.0000136149
        0.0000348899        0.0000181299       -0.0000212003
       -0.0000145303        0.0000628449        0.0000121398
       -0.0000052901        0.0000216846        0.0000243350
        0.0000292144       -0.0000124305        0.0000465499
       -0.0000271100        0.0000226450       -0.0000366302
        0.0000303945        0.0000098396       -0.0000229301
       -0.0000072851        0.0000059148        0.0000173151
        0.0000110398       -0.0000075502       -0.0000132050
       -0.1144851453       -0.1019701602       -0.0420017153
        0.0097278649        0.0143517599        0.0077313297
        0.1194345305        0.1143913849        0.0470015297
       -0.0002494849        0.0015166097       -0.0000015902
       -0.0144850699       -0.0283315805       -0.0126906448
        0.0000530096        0.0000456049       -0.0000019551
        0.0000709596        0.0000299548       -0.0000145303
       -0.0000162504       -0.0000134602       -0.0000291004
       -0.0000239001        0.0000193450        0.0000236497
       -0.0000675951       -0.0000728650       -0.0000215502
        0.0000061547        0.0000439098       -0.0000501453
        0.0000216349        0.0000196746        0.0000421849
        0.0000029695       -0.0000005701        0.0000115750
       -0.0000055550        0.0000091748       -0.0000012153
        0.0000098396        0.0000416796       -0.0000396849
        0.0000340799       -0.0000107053       -0.0000321901
       -0.0000229304        0.0000175598        0.0000460648
       -0.1019683251       -0.2322335203       -0.0727610404
       -0.0143525051       -0.0225564401       -0.0101904305
        0.1143913849        0.2515018605        0.0814236097
        0.0015169849        0.0015019745       -0.0000026500
        0.0003730349        0.0016570795        0.0016005600
        0.0001394099        0.0002414995       -0.0003398702
        0.0001615345       -0.0001944554       -0.0001790505
       -0.0001501405       -0.0000967952        0.0001000245
        0.0000019347        0.0000033899        0.0002198996
       -0.0000088502       -0.0001783803        0.0001000649
       -0.0002491404        0.0000425999       -0.0001790005
        0.0000118249        0.0000204795        0.0000503346
        0.0000086243        0.0000118845        0.0000264498
       -0.0000294801        0.0000414798       -0.0000542352
        0.0000540794        0.0000936294       -0.0001292602
        0.0000506395       -0.0000048203       -0.0000541053
        0.0000059646        0.0000133747        0.0000263947
       -0.0419945903       -0.0727500301       -0.0856172704
        0.0077312748        0.0101898547        0.0042043897
        0.0470015297        0.0814236097        0.0863761107
       -0.0176947503       -0.0306481104       -0.0087558902
        0.0049593547        0.0117901794        0.0042044346
        0.0001377299       -0.0002896601       -0.0000963300
       -0.0003585953        0.0000000097       -0.0002001204
        0.0001377148        0.0002896797       -0.0000963502
        0.0001497850       -0.0002935150        0.0001000447
       -0.0003640201        0.0000000500        0.0001926597
        0.0001498051        0.0002935400        0.0001000248
       -0.0000319702       -0.0000267053       -0.0000500151
       -0.0000841456        0.0000000045       -0.0001095052
       -0.0000319650        0.0000267400       -0.0000500350
       -0.0000345503       -0.0000286855        0.0000547300
       -0.0000783453       -0.0000000003        0.0000999950
       -0.0000345304        0.0000286047        0.0000547348
       -0.0566572052        0.0000011948       -0.0000171653
       -0.0002495301       -0.0015167450       -0.0176948552
       -0.0002494849        0.0015169849       -0.0176947503
        0.0552209804        0.0000010797       -0.0000148702
        0.0023779751       -0.0000001702        0.0353890900
       -0.0002896653       -0.0001967851       -0.0001668701
       -0.0000000202        0.0003192747       -0.0000000503
        0.0002896445       -0.0001967655        0.0001668599
       -0.0002935602       -0.0001891851        0.0001732346
       -0.0000000603        0.0003050198       -0.0000000105
        0.0002935099       -0.0001891701       -0.0001732906
       -0.0000267102       -0.0000628955       -0.0000866405
        0.0000000344       -0.0000180003       -0.0000000199
        0.0000267599       -0.0000628552        0.0000864748
       -0.0000286505       -0.0000676803        0.0000948347
       -0.0000000301       -0.0000165653       -0.0000000153
        0.0000286698       -0.0000676903       -0.0000949251
        0.0000011397       -0.0566571254       -0.0000170954
       -0.0015167251        0.0015018850        0.0306476946
        0.0015166097        0.0015019745       -0.0306481104
        0.0000010797        0.0552210406       -0.0000148401
        0.0000000850       -0.0011248903       -0.0000003303
       -0.0000358150       -0.0000620304       -0.0010649350
       -0.0000758303       -0.0000000051       -0.0010709252
       -0.0000358853        0.0000620949       -0.0010649603
        0.0000378699        0.0000656999       -0.0010709005
        0.0000716801        0.0000000202       -0.0010650103
        0.0000378751       -0.0000656451       -0.0010709303
        0.0000302799        0.0000524497        0.0001445648
        0.0000601645       -0.0000000153        0.0001409651
        0.0000303100       -0.0000524352        0.0001445400
       -0.0000300955       -0.0000521553        0.0001409700
       -0.0000605550       -0.0000000304        0.0001446699
       -0.0000300201        0.0000520899        0.0001409998
       -0.0000151201       -0.0000149700       -0.3276996051
       -0.0000016499        0.0000026051       -0.0087559252
       -0.0000015902       -0.0000026500       -0.0087558902
       -0.0000148702       -0.0000148401        0.3595177003
        0.0000029050        0.0000000546       -0.0087558951
       -0.0000674100       -0.0000085453        0.0000293349
        0.0000055249        0.0000000247       -0.0000272553
       -0.0000674802        0.0000085447        0.0000293099
        0.0000591299        0.0000364301        0.0000373598
        0.0000761850        0.0000000551        0.0000023047
        0.0000591200       -0.0000364051        0.0000373745
        0.0000075150        0.0000255949        0.0000192600
        0.0000474196        0.0000000048        0.0000458300
        0.0000074951       -0.0000255599        0.0000192401
        0.0000027094        0.0000181598       -0.0000332500
        0.0000320850       -0.0000000151       -0.0000486799
        0.0000027296       -0.0000181703       -0.0000332199
       -0.2911175150       -0.0000135100        0.0840296548
       -0.0144851299       -0.0003731051        0.0049593248
       -0.0144850699        0.0003730349        0.0049593547
        0.0023779751        0.0000000850        0.0000029050
        0.3175447102       -0.0000129600       -0.0940252198
        0.0000771348        0.0000293599        0.0000075849
        0.0000000244        0.0000607045       -0.0000000455
       -0.0000771556        0.0000293699       -0.0000075804
       -0.0000202854       -0.0000298002        0.0000355098
       -0.0000000455       -0.0000461702       -0.0000000054
        0.0000202698       -0.0000298053       -0.0000355604
       -0.0000026051       -0.0000254656       -0.0000311604
       -0.0000000057        0.0000246845        0.0000000048
        0.0000026151       -0.0000254903        0.0000310345
        0.0000028194        0.0000258143       -0.0000345003
       -0.0000000003       -0.0000178952        0.0000000497
       -0.0000027603        0.0000257896        0.0000345148
       -0.0000151601       -0.0556196252       -0.0000006054
        0.0283313699        0.0016570198       -0.0117904253
       -0.0283315805        0.0016570795        0.0117901794
       -0.0000001702       -0.0011248903        0.0000000546
       -0.0000129600        0.0534089907       -0.0000007549
        0.0001588950       -0.0000815601        0.0001000899
       -0.0000039103        0.0000000449        0.0002198797
        0.0001588347        0.0000815947        0.0001000649
        0.0000876051       -0.0002370601       -0.0001790403
       -0.0002788650        0.0000000000       -0.0003399251
        0.0000875897        0.0002370601       -0.0001790499
       -0.0000211801       -0.0000462552       -0.0000541800
       -0.0001081602       -0.0000000054       -0.0001292551
       -0.0000211799        0.0000462651       -0.0000542300
       -0.0000146153       -0.0000015802        0.0000264251
       -0.0000236602        0.0000000000        0.0000504403
       -0.0000145903        0.0000014998        0.0000264200
        0.0840135800       -0.0000001251       -0.0856173401
       -0.0126906949       -0.0016002301        0.0042044547
       -0.0126906448        0.0016005600        0.0042044346
        0.0353890900       -0.0000003303       -0.0087558951
       -0.0940252198       -0.0000007549        0.0863761602
