   12   36
        0.0393864002       -0.0000047712       -0.0000029664
       -0.0017425663       -0.0000000851       -0.0000000190
       -0.0071923189       -0.0000000115       -0.0000011052
       -0.0201880701       -0.0000024288       -0.0000008026
       -0.0201880677       -0.0000024201       -0.0000007901
       -0.0001708413        0.0000000000        0.0000000087
        0.0018465650       -0.0000001039       -0.0000002225
        0.0018465451       -0.0000001226       -0.0000002376
        0.0011146635       -0.0000000314       -0.0000000252
        0.0011146612       -0.0000000288       -0.0000000088
        0.0020866086       -0.0000000114       -0.0000000001
        0.0020866160       -0.0000000128       -0.0000000202
       -0.0000047712        0.1619316950        0.0000063162
       -0.0000000226       -0.0324468550       -0.0000000938
        0.0000000949       -0.0117935549       -0.0000014862
       -0.0000023526       -0.0703884650        0.0010588900
       -0.0000023589       -0.0703884551       -0.0010469388
       -0.0000000011       -0.0005080037        0.0000000013
       -0.0000002673        0.0162583675       -0.0322349725
       -0.0000002811        0.0162583549        0.0322388412
       -0.0000000863       -0.0049827138        0.0040744611
       -0.0000000774       -0.0049827088       -0.0040748600
       -0.0000000651        0.0005233638        0.0001740362
       -0.0000000526        0.0005233599       -0.0001740538
       -0.0000029664        0.0000063162        0.1441593153
       -0.0000000702       -0.0000001275        0.0000606647
       -0.0000014477       -0.0000014614       -0.0466030089
       -0.0000009639        0.0296377573       -0.0436838089
       -0.0000009628       -0.0296301550       -0.0436838039
       -0.0000000038       -0.0000000001        0.0002455999
       -0.0000000614       -0.0072944339       -0.0069357114
       -0.0000000701        0.0072943011       -0.0069357264
       -0.0000000840       -0.0049366214        0.0029734986
       -0.0000000638        0.0049363985        0.0029735024
       -0.0000000202        0.0002258912       -0.0012852939
        0.0000000109       -0.0002259016       -0.0012852954
       -0.0017425663       -0.0000000226       -0.0000000702
        0.0426567777       -0.0000043063       -0.0000064090
       -0.0002098365        0.0000000372       -0.0000000377
        0.0020216585       -0.0000000888       -0.0000001701
        0.0020216510       -0.0000000951       -0.0000001639
       -0.0116967738        0.0000002262       -0.0000039537
       -0.0197318013       -0.0000022938       -0.0000007914
       -0.0197318126       -0.0000023039       -0.0000008002
        0.0020362423        0.0000000124        0.0000000298
        0.0020362299        0.0000000199        0.0000000348
        0.0011707786       -0.0000000114       -0.0000000202
        0.0011707724       -0.0000000202       -0.0000000102
       -0.0000000851       -0.0324468550       -0.0000001275
       -0.0000043063        0.1664694776        0.0000039398
        0.0000000024        0.0007711773       -0.0000000588
       -0.0000002363        0.0162530525       -0.0291806263
       -0.0000002564        0.0162530512        0.0291837786
        0.0000004012       -0.0184917525       -0.0000040774
       -0.0000023937       -0.0702625137        0.0034484124
       -0.0000023937       -0.0702625175       -0.0034364739
       -0.0000000813        0.0004306675        0.0003188249
       -0.0000000612        0.0004306673       -0.0003188413
       -0.0000000638       -0.0045699888        0.0040175237
       -0.0000000752       -0.0045699902       -0.0040179414
       -0.0000000190       -0.0000000938        0.0000606647
       -0.0000064090        0.0000039398        0.1988556980
       -0.0000000041        0.0000000047       -0.0007616491
       -0.0000000665       -0.0077721403       -0.0062499078
       -0.0000000816        0.0077721123       -0.0062499002
       -0.0000046403       -0.0000045191       -0.0877269439
       -0.0000007590        0.0304039573       -0.0510365714
       -0.0000007601       -0.0303957390       -0.0510365777
       -0.0000000242        0.0002198672       -0.0015916503
       -0.0000000202       -0.0002198890       -0.0015916291
       -0.0000000340       -0.0047185651        0.0036642085
       -0.0000000317        0.0047183434        0.0036642072
       -0.0071923189        0.0000000949       -0.0000014477
       -0.0002098365        0.0000000024       -0.0000000041
        0.0037638253        0.0000000549       -0.0000014403
        0.0013275299        0.0000000061       -0.0000001026
        0.0013275347       -0.0000000090       -0.0000000965
       -0.0001958713        0.0000000161        0.0000000050
        0.0014243813        0.0000000037       -0.0000000064
        0.0014243550        0.0000000050       -0.0000000239
       -0.0008227539        0.0000000212        0.0000000124
       -0.0008227576        0.0000000186        0.0000000225
       -0.0000119989        0.0000000348        0.0000000023
       -0.0000120002        0.0000000198        0.0000000135
       -0.0000000115       -0.0117935549       -0.0000014614
        0.0000000372        0.0007711773        0.0000000047
        0.0000000549        0.0105859704       -0.0000010539
       -0.0000000165        0.0010256498        0.0076504747
       -0.0000000279        0.0010256572       -0.0076505115
       -0.0000000064        0.0000714836       -0.0000000026
       -0.0000000189       -0.0012424326        0.0005198936
       -0.0000000152       -0.0012424402       -0.0005199176
       -0.0000000053        0.0003856549        0.0001715674
       -0.0000000051        0.0003856547       -0.0001714977
       -0.0000000088        0.0000135175       -0.0002558539
       -0.0000000040        0.0000135110        0.0002558397
       -0.0000011052       -0.0000014862       -0.0466030089
       -0.0000000377       -0.0000000588       -0.0007616491
       -0.0000014403       -0.0000010539        0.0657226528
       -0.0000001215       -0.0006761989       -0.0098381626
       -0.0000001364        0.0006758337       -0.0098381553
        0.0000000036       -0.0000000027       -0.0000234888
        0.0000000162       -0.0012070801        0.0007433287
        0.0000000149        0.0012070436        0.0007433086
       -0.0000000102       -0.0000098676        0.0003414235
       -0.0000000101        0.0000098899        0.0003414412
        0.0000000249        0.0000210412       -0.0004137802
        0.0000000210       -0.0000210277       -0.0004137802
       -0.0201880701       -0.0000023526       -0.0000009639
        0.0020216585       -0.0000002363       -0.0000000665
        0.0013275299       -0.0000000165       -0.0000001215
        0.0424863578       -0.0000059576       -0.0000048914
        0.0024276935       -0.0000001339       -0.0000001852
        0.0020112624       -0.0000000075       -0.0000000225
       -0.0014393525       -0.0000000438       -0.0000000500
       -0.0193593000       -0.0000000263       -0.0000031588
       -0.0118338740       -0.0000028965       -0.0000008839
        0.0016489099       -0.0000000090        0.0000000136
       -0.0002361377        0.0000000112       -0.0000000114
        0.0011338410       -0.0000000014       -0.0000000740
       -0.0000024288       -0.0703884650        0.0296377573
       -0.0000000888        0.0162530525       -0.0077721403
        0.0000000061        0.0010256498       -0.0006761989
       -0.0000059576        0.1907982127        0.0162062624
       -0.0000001315       -0.0166277938       -0.0112231164
       -0.0000000139       -0.0013068751       -0.0008797426
       -0.0000000026       -0.0083740113        0.0132446449
       -0.0000000287       -0.0413382888       -0.0146084051
       -0.0000033815       -0.0704233452       -0.0313292989
       -0.0000000476       -0.0008895888       -0.0009636038
       -0.0000000138        0.0000509212        0.0002566085
       -0.0000000890        0.0012206372        0.0081175786
       -0.0000008026        0.0010588900       -0.0436838089
       -0.0000001701       -0.0291806263       -0.0062499078
       -0.0000001026        0.0076504747       -0.0098381626
       -0.0000048914        0.0162062624        0.1765456977
       -0.0000001839        0.0112235223        0.0253346111
       -0.0000000452       -0.0007508788        0.0001242437
       -0.0000000463        0.0125853211       -0.0222111338
       -0.0000031812        0.0131443062       -0.0805624451
       -0.0000009102       -0.0304220589       -0.0363241202
       -0.0000000388       -0.0011165989       -0.0003177439
       -0.0000000064        0.0002578362       -0.0002878477
       -0.0000000040       -0.0006394289       -0.0025272014
       -0.0201880677       -0.0000023589       -0.0000009628
        0.0020216510       -0.0000002564       -0.0000000816
        0.0013275347       -0.0000000279       -0.0000001364
        0.0024276935       -0.0000001315       -0.0000001839
        0.0424863654       -0.0000059690       -0.0000049127
        0.0020112624       -0.0000000190       -0.0000000202
       -0.0193592939       -0.0000000253       -0.0000031451
       -0.0014393814       -0.0000000540       -0.0000000627
        0.0016489022       -0.0000000027       -0.0000000053
       -0.0118338764       -0.0000028840       -0.0000008852
        0.0011338423        0.0000000261       -0.0000000814
       -0.0002361529       -0.0000000115       -0.0000000165
       -0.0000024201       -0.0703884551       -0.0296301550
       -0.0000000951        0.0162530512        0.0077721123
       -0.0000000090        0.0010256572        0.0006758337
       -0.0000001339       -0.0166277938        0.0112235223
       -0.0000059690        0.1907982127       -0.0161952327
       -0.0000000051       -0.0013068838        0.0008797187
       -0.0000000225       -0.0413382838        0.0146015525
       -0.0000000163       -0.0083740213       -0.0132441001
       -0.0000000465       -0.0008895800        0.0009635737
       -0.0000033749       -0.0704233376        0.0313380387
       -0.0000000939        0.0012206449       -0.0081175864
        0.0000000047        0.0000509061       -0.0002566439
       -0.0000007901       -0.0010469388       -0.0436838039
       -0.0000001639        0.0291837786       -0.0062499002
       -0.0000000965       -0.0076505115       -0.0098381553
       -0.0000001852       -0.0112231164        0.0253346111
       -0.0000049127       -0.0161952327        0.1765457029
       -0.0000000439        0.0007508574        0.0001242523
       -0.0000031764       -0.0131513364       -0.0805624389
       -0.0000000649       -0.0125848615       -0.0222111439
       -0.0000000279        0.0011165811       -0.0003177452
       -0.0000009240        0.0304312047       -0.0363241114
        0.0000000010        0.0006391362       -0.0025272028
       -0.0000000128       -0.0002578452       -0.0002878591
       -0.0001708413       -0.0000000011       -0.0000000038
       -0.0116967738        0.0000004012       -0.0000046403
       -0.0001958713       -0.0000000064        0.0000000036
        0.0020112624       -0.0000000139       -0.0000000452
        0.0020112624       -0.0000000051       -0.0000000439
        0.0083593602        0.0000002949       -0.0000041312
        0.0009975787        0.0000000087       -0.0000001012
        0.0009975687       -0.0000000114       -0.0000001089
       -0.0000031952        0.0000000188        0.0000000173
       -0.0000031625        0.0000000061        0.0000000175
       -0.0011534389        0.0000000037        0.0000000061
       -0.0011534202        0.0000000036       -0.0000000040
        0.0000000000       -0.0005080037       -0.0000000001
        0.0000002262       -0.0184917525       -0.0000045191
        0.0000000161        0.0000714836       -0.0000000027
       -0.0000000075       -0.0013068751       -0.0007508788
       -0.0000000190       -0.0013068838        0.0007508574
        0.0000002949        0.0172977477       -0.0000038300
       -0.0000000475        0.0018084461        0.0078390426
       -0.0000000675        0.0018084299       -0.0078391288
       -0.0000000139        0.0000426712       -0.0003819751
        0.0000000000        0.0000426749        0.0003819837
       -0.0000000163        0.0002709574       -0.0002172126
       -0.0000000077        0.0002709548        0.0002172548
        0.0000000087        0.0000000013        0.0002455999
       -0.0000039537       -0.0000040774       -0.0877269439
        0.0000000050       -0.0000000026       -0.0000234888
       -0.0000000225       -0.0008797426        0.0001242437
       -0.0000000202        0.0008797187        0.0001242523
       -0.0000041312       -0.0000038300        0.0928963925
        0.0000000189       -0.0009716412       -0.0028762162
        0.0000000063        0.0009714225       -0.0028762162
       -0.0000000138        0.0000547713       -0.0001677412
        0.0000000038       -0.0000547463       -0.0001677537
       -0.0000000063        0.0001403750        0.0002239611
        0.0000000162       -0.0001403525        0.0002239612
        0.0018465650       -0.0000002673       -0.0000000614
       -0.0197318013       -0.0000023937       -0.0000007590
        0.0014243813       -0.0000000189        0.0000000162
       -0.0014393525       -0.0000000026       -0.0000000463
       -0.0193592939       -0.0000000225       -0.0000031764
        0.0009975787       -0.0000000475        0.0000000189
        0.0433539375       -0.0000058874       -0.0000048762
        0.0020223027       -0.0000001100       -0.0000001938
       -0.0002106688        0.0000000175        0.0000000125
        0.0011217899        0.0000000261       -0.0000000463
       -0.0120124014       -0.0000029237       -0.0000008089
        0.0019881061       -0.0000000114       -0.0000000101
       -0.0000001039        0.0162583675       -0.0072944339
       -0.0000022938       -0.0702625137        0.0304039573
        0.0000000037       -0.0012424326       -0.0012070801
       -0.0000000438       -0.0083740113        0.0125853211
       -0.0000000253       -0.0413382838       -0.0131513364
        0.0000000087        0.0018084461       -0.0009716412
       -0.0000058874        0.1903775177        0.0130580425
       -0.0000001150       -0.0172548714       -0.0108042326
       -0.0000000027        0.0000748410        0.0002389861
       -0.0000001000        0.0015526423        0.0078516537
       -0.0000033826       -0.0706118563       -0.0297031826
       -0.0000000290       -0.0009876801       -0.0009961539
       -0.0000002225       -0.0322349725       -0.0069357114
       -0.0000007914        0.0034484124       -0.0510365714
       -0.0000000064        0.0005198936        0.0007433287
       -0.0000000500        0.0132446449       -0.0222111338
       -0.0000031451        0.0146015525       -0.0805624389
       -0.0000001012        0.0078390426       -0.0028762162
       -0.0000048762        0.0130580425        0.1743780001
       -0.0000001874        0.0108045987        0.0266243737
       -0.0000000165        0.0002542674       -0.0002562989
       -0.0000000225       -0.0006777438       -0.0021763663
       -0.0000008264       -0.0297368976       -0.0354557027
       -0.0000000213       -0.0011038652       -0.0002331826
        0.0018465451       -0.0000002811       -0.0000000701
       -0.0197318126       -0.0000023937       -0.0000007601
        0.0014243550       -0.0000000152        0.0000000149
       -0.0193593000       -0.0000000287       -0.0000031812
       -0.0014393814       -0.0000000163       -0.0000000649
        0.0009975687       -0.0000000675        0.0000000063
        0.0020223027       -0.0000001150       -0.0000001874
        0.0433539600       -0.0000059087       -0.0000048799
        0.0011217787        0.0000000175       -0.0000000476
       -0.0002106924        0.0000000099       -0.0000000099
        0.0019880763       -0.0000000151       -0.0000000063
       -0.0120124189       -0.0000029502       -0.0000008275
       -0.0000001226        0.0162583549        0.0072943011
       -0.0000023039       -0.0702625175       -0.0303957390
        0.0000000050       -0.0012424402        0.0012070436
       -0.0000000263       -0.0413382888        0.0131443062
       -0.0000000540       -0.0083740213       -0.0125848615
       -0.0000000114        0.0018084299        0.0009714225
       -0.0000001100       -0.0172548714        0.0108045987
       -0.0000059087        0.1903775302       -0.0130474987
       -0.0000001002        0.0015526462       -0.0078516253
       -0.0000000237        0.0000748500       -0.0002389788
       -0.0000000527       -0.0009876776        0.0009960898
       -0.0000033813       -0.0706118765        0.0297110448
       -0.0000002376        0.0322388412       -0.0069357264
       -0.0000008002       -0.0034364739       -0.0510365777
       -0.0000000239       -0.0005199176        0.0007433086
       -0.0000031588       -0.0146084051       -0.0805624451
       -0.0000000627       -0.0132441001       -0.0222111439
       -0.0000001089       -0.0078391288       -0.0028762162
       -0.0000001938       -0.0108042326        0.0266243737
       -0.0000048799       -0.0130474987        0.1743780152
       -0.0000000190        0.0006774374       -0.0021763726
       -0.0000000101       -0.0002542663       -0.0002563002
       -0.0000000414        0.0011038325       -0.0002331790
       -0.0000008276        0.0297452549       -0.0354557152
        0.0011146635       -0.0000000863       -0.0000000840
        0.0020362423       -0.0000000813       -0.0000000242
       -0.0008227539       -0.0000000053       -0.0000000102
       -0.0118338740       -0.0000033815       -0.0000009102
        0.0016489022       -0.0000000465       -0.0000000279
       -0.0000031952       -0.0000000139       -0.0000000138
       -0.0002106688       -0.0000000027       -0.0000000165
        0.0011217787       -0.0000001002       -0.0000000190
        0.0083113079       -0.0000029890       -0.0000008752
        0.0000388424        0.0000000010       -0.0000000090
       -0.0002098940       -0.0000000090       -0.0000000152
       -0.0011912066       -0.0000000141       -0.0000000303
       -0.0000000314       -0.0049827138       -0.0049366214
        0.0000000124        0.0004306675        0.0002198672
        0.0000000212        0.0003856549       -0.0000098676
       -0.0000028965       -0.0704233452       -0.0304220589
       -0.0000000027       -0.0008895800        0.0011165811
        0.0000000188        0.0000426712        0.0000547713
        0.0000000175        0.0000748410        0.0002542674
        0.0000000175        0.0015526462        0.0006774374
       -0.0000029890        0.0738742477        0.0334494811
       -0.0000000063       -0.0002609214       -0.0002096414
        0.0000000074       -0.0000003676       -0.0000175439
        0.0000000098        0.0001963822       -0.0001678140
       -0.0000000252        0.0040744611        0.0029734986
        0.0000000298        0.0003188249       -0.0015916503
        0.0000000124        0.0001715674        0.0003414235
       -0.0000008839       -0.0313292989       -0.0363241202
       -0.0000000053        0.0009635737       -0.0003177452
        0.0000000173       -0.0003819751       -0.0001677412
        0.0000000125        0.0002389861       -0.0002562989
       -0.0000000476       -0.0078516253       -0.0021763726
       -0.0000008752        0.0334494811        0.0370395753
       -0.0000000101        0.0002096586        0.0001697912
       -0.0000000027       -0.0000181826        0.0000166773
        0.0000000185        0.0001627384        0.0002930173
        0.0011146612       -0.0000000774       -0.0000000638
        0.0020362299       -0.0000000612       -0.0000000202
       -0.0008227576       -0.0000000051       -0.0000000101
        0.0016489099       -0.0000000476       -0.0000000388
       -0.0118338764       -0.0000033749       -0.0000009240
       -0.0000031625        0.0000000000        0.0000000038
        0.0011217899       -0.0000001000       -0.0000000225
       -0.0002106924       -0.0000000237       -0.0000000101
        0.0000388424       -0.0000000063       -0.0000000101
        0.0083113051       -0.0000029925       -0.0000008575
       -0.0011911951       -0.0000000099       -0.0000000038
       -0.0002098901       -0.0000000027       -0.0000000090
       -0.0000000288       -0.0049827088        0.0049363985
        0.0000000199        0.0004306673       -0.0002198890
        0.0000000186        0.0003856547        0.0000098899
       -0.0000000090       -0.0008895888       -0.0011165989
       -0.0000028840       -0.0704233376        0.0304312047
        0.0000000061        0.0000426749       -0.0000547463
        0.0000000261        0.0015526423       -0.0006777438
        0.0000000099        0.0000748500       -0.0002542663
        0.0000000010       -0.0002609214        0.0002096586
       -0.0000029925        0.0738742477       -0.0334405502
        0.0000000186        0.0001963937        0.0001678423
        0.0000000335       -0.0000003764        0.0000175386
       -0.0000000088       -0.0040748600        0.0029735024
        0.0000000348       -0.0003188413       -0.0015916291
        0.0000000225       -0.0001714977        0.0003414412
        0.0000000136       -0.0009636038       -0.0003177439
       -0.0000008852        0.0313380387       -0.0363241114
        0.0000000175        0.0003819837       -0.0001677537
       -0.0000000463        0.0078516537       -0.0021763663
       -0.0000000099       -0.0002389788       -0.0002563002
       -0.0000000090       -0.0002096414        0.0001697912
       -0.0000008575       -0.0334405502        0.0370395702
        0.0000000024       -0.0001627050        0.0002930148
        0.0000000148        0.0000182011        0.0000166722
        0.0020866086       -0.0000000651       -0.0000000202
        0.0011707786       -0.0000000638       -0.0000000340
       -0.0000119989       -0.0000000088        0.0000000249
       -0.0002361377       -0.0000000138       -0.0000000064
        0.0011338423       -0.0000000939        0.0000000010
       -0.0011534389       -0.0000000163       -0.0000000063
       -0.0120124014       -0.0000033826       -0.0000008264
        0.0019880763       -0.0000000527       -0.0000000414
       -0.0002098940        0.0000000074       -0.0000000027
       -0.0011911951        0.0000000186        0.0000000024
        0.0084553852       -0.0000030238       -0.0000007964
       -0.0000194002       -0.0000000203       -0.0000000065
       -0.0000000114        0.0005233638        0.0002258912
       -0.0000000114       -0.0045699888       -0.0047185651
        0.0000000348        0.0000135175        0.0000210412
        0.0000000112        0.0000509212        0.0002578362
        0.0000000261        0.0012206449        0.0006391362
        0.0000000037        0.0002709574        0.0001403750
       -0.0000029237       -0.0706118563       -0.0297368976
       -0.0000000151       -0.0009876776        0.0011038325
       -0.0000000090       -0.0000003676       -0.0000181826
       -0.0000000099        0.0001963937       -0.0001627050
       -0.0000030238        0.0741726376        0.0324815250
        0.0000000124       -0.0002783715       -0.0002250877
       -0.0000000001        0.0001740362       -0.0012852939
       -0.0000000202        0.0040175237        0.0036642085
        0.0000000023       -0.0002558539       -0.0004137802
       -0.0000000114        0.0002566085       -0.0002878477
       -0.0000000814       -0.0081175864       -0.0025272028
        0.0000000061       -0.0002172126        0.0002239611
       -0.0000008089       -0.0297031826       -0.0354557027
       -0.0000000063        0.0009960898       -0.0002331790
       -0.0000000152       -0.0000175439        0.0000166773
       -0.0000000038        0.0001678423        0.0002930148
       -0.0000007964        0.0324815250        0.0358762878
        0.0000000135        0.0002250886        0.0001289536
        0.0020866160       -0.0000000526        0.0000000109
        0.0011707724       -0.0000000752       -0.0000000317
       -0.0000120002       -0.0000000040        0.0000000210
        0.0011338410       -0.0000000890       -0.0000000040
       -0.0002361529        0.0000000047       -0.0000000128
       -0.0011534202       -0.0000000077        0.0000000162
        0.0019881061       -0.0000000290       -0.0000000213
       -0.0120124189       -0.0000033813       -0.0000008276
       -0.0011912066        0.0000000098        0.0000000185
       -0.0002098901        0.0000000335        0.0000000148
       -0.0000194002        0.0000000124        0.0000000135
        0.0084553804       -0.0000030316       -0.0000007965
       -0.0000000128        0.0005233599       -0.0002259016
       -0.0000000202       -0.0045699902        0.0047183434
        0.0000000198        0.0000135110       -0.0000210277
       -0.0000000014        0.0012206372       -0.0006394289
       -0.0000000115        0.0000509061       -0.0002578452
        0.0000000036        0.0002709548       -0.0001403525
       -0.0000000114       -0.0009876801       -0.0011038652
       -0.0000029502       -0.0706118765        0.0297452549
       -0.0000000141        0.0001963822        0.0001627384
       -0.0000000027       -0.0000003764        0.0000182011
       -0.0000000203       -0.0002783715        0.0002250886
       -0.0000030316        0.0741726504       -0.0324733766
       -0.0000000202       -0.0001740538       -0.0012852954
       -0.0000000102       -0.0040179414        0.0036642072
        0.0000000135        0.0002558397       -0.0004137802
       -0.0000000740        0.0081175786       -0.0025272014
       -0.0000000165       -0.0002566439       -0.0002878591
       -0.0000000040        0.0002172548        0.0002239612
       -0.0000000101       -0.0009961539       -0.0002331826
       -0.0000008275        0.0297110448       -0.0354557152
       -0.0000000303       -0.0001678140        0.0002930173
       -0.0000000090        0.0000175386        0.0000166722
       -0.0000000065       -0.0002250877        0.0001289536
       -0.0000007965       -0.0324733766        0.0358762929
