    4   12
        1.1660230803        0.0000519299       -0.0000484749
       -0.2364872802       -0.2635733205       -0.0000068644
       -0.2364872648        0.2636490245       -0.0000068644
       -0.6930493100       -0.0000285547       -0.0000292596
        0.0000519299        1.1660230598       -0.0000484647
       -0.2635745898       -0.5408480200       -0.0000217796
        0.2636483902       -0.5408480200       -0.0000217642
       -0.0000266493       -0.0843277894        0.0000006054
       -0.0000484749       -0.0000484647        0.1681279400
       -0.0000065552       -0.0000204250       -0.0560424098
       -0.0000065450       -0.0000204250       -0.0560423894
       -0.0000273798        0.0000003899       -0.0560423894
       -0.2364872802       -0.2635745898       -0.0000065552
        0.2353798607        0.2805409792       -0.0000059100
        0.0151833092        0.0267225596       -0.0000001950
       -0.0140766747       -0.0436168250       -0.0000006952
       -0.2635733205       -0.5408480200       -0.0000204250
        0.2805409792        0.5592473212       -0.0000205250
       -0.0267244360       -0.0238301055       -0.0000005650
        0.0098310596        0.0054300500       -0.0000000955
       -0.0000068644       -0.0000217796       -0.0560424098
       -0.0000059100       -0.0000205250        0.0136757399
       -0.0000002001       -0.0000005605        0.0211837209
       -0.0000002740       -0.0000004997        0.0211837005
       -0.2364872648        0.2636483902       -0.0000065450
        0.0151833092       -0.0267244360       -0.0000002001
        0.2353798504       -0.2804654451       -0.0000058947
       -0.0140766696        0.0436177498       -0.0000006895
        0.2636490245       -0.5408480200       -0.0000204250
        0.0267225596       -0.0238301055       -0.0000005605
       -0.2804654451        0.5592473110       -0.0000205097
       -0.0098308902        0.0054300449       -0.0000000904
       -0.0000068644       -0.0000217642       -0.0560423894
       -0.0000001950       -0.0000005650        0.0211837209
       -0.0000058947       -0.0000205097        0.0136757194
       -0.0000002689       -0.0000004894        0.0211837005
       -0.6930493100       -0.0000266493       -0.0000273798
       -0.0140766747        0.0098310596       -0.0000002740
       -0.0140766696       -0.0098308902       -0.0000002689
        0.7212018795       -0.0000246342       -0.0000278447
       -0.0000285547       -0.0843277894        0.0000003899
       -0.0436168250        0.0054300500       -0.0000004997
        0.0436177498        0.0054300449       -0.0000004894
       -0.0000246342        0.0734669300        0.0000014006
       -0.0000292596        0.0000006054       -0.0560423894
       -0.0000006952       -0.0000000955        0.0211837005
       -0.0000006895       -0.0000000904        0.0211837005
       -0.0000278447        0.0000014006        0.0136757399
