    4   12
        0.0340999003       -0.0143921503        0.0143934184
       -0.0003273325       -0.0018301216        0.0018294185
       -0.0168862402        0.0143938047       -0.0018301213
       -0.0168862363        0.0018294236       -0.0143917327
       -0.0143921503        0.0340999230       -0.0143921554
        0.0018294298       -0.0168862704        0.0143937896
        0.0143937885       -0.0168862491        0.0018294185
       -0.0018301103       -0.0003273465       -0.0018301253
        0.0143934184       -0.0143921554        0.0340999054
       -0.0018301088        0.0143937984       -0.0168862454
        0.0018294222       -0.0018301066       -0.0003273325
       -0.0143917151        0.0018294162       -0.0168862266
       -0.0003273325        0.0018294298       -0.0018301088
        0.0340998952        0.0143934250       -0.0143921613
       -0.0168862451       -0.0018300989        0.0143938175
       -0.0168862326       -0.0143917276        0.0018294324
       -0.0018301216       -0.0168862704        0.0143937984
        0.0143934250        0.0340999179       -0.0143921690
        0.0018294111       -0.0003273502       -0.0018301176
       -0.0143917177       -0.0168862627        0.0018294122
        0.0018294185        0.0143937896       -0.0168862454
       -0.0143921613       -0.0143921690        0.0340999202
        0.0143937896        0.0018294114       -0.0168862348
       -0.0018301137       -0.0018301151       -0.0003273564
       -0.0168862402        0.0143937885        0.0018294222
       -0.0168862451        0.0018294111        0.0143937896
        0.0340999128       -0.0143921514       -0.0143921540
       -0.0003273351       -0.0018301239       -0.0018301276
        0.0143938047       -0.0168862491       -0.0018301066
       -0.0018300989       -0.0003273502        0.0018294114
       -0.0143921514        0.0340999003        0.0143934361
        0.0018294224       -0.0168862414       -0.0143917302
       -0.0018301213        0.0018294185       -0.0003273325
        0.0143938175       -0.0018301176       -0.0168862348
       -0.0143921540        0.0143934361        0.0340998901
        0.0018294386       -0.0143917137       -0.0168862314
       -0.0168862363       -0.0018301103       -0.0143917151
       -0.0168862326       -0.0143917177       -0.0018301137
       -0.0003273351        0.0018294224        0.0018294386
        0.0340998827        0.0143934375        0.0143934361
        0.0018294236       -0.0003273465        0.0018294162
       -0.0143917276       -0.0168862627       -0.0018301151
       -0.0018301239       -0.0168862414       -0.0143917137
        0.0143934375        0.0340999077        0.0143934349
       -0.0143917327       -0.0018301253       -0.0168862266
        0.0018294324        0.0018294122       -0.0003273564
       -0.0018301276       -0.0143917302       -0.0168862314
        0.0143934361        0.0143934349        0.0340999054
