ZMAT begin
2 4

4 6

4 7

7 8

8 9

8 10

2 1
2 3
2 5

8 11

9 12
9 13
9 14

10 15
10 16
10 17

6 4 7
2 4 6
2 4 7

4 7 8

9 8 10
7 8 9
9 8 10

5 2 4
1 2 4
3 2 4
1 2 3
5 2 1
5 2 3

11 8 7
11 8 9
11 8 10

14 9 8
12 9 8
13 9 8
12 9 13
14 9 12
14 9 13

17 10 8
15 10 8
16 10 8
15 10 16
17 10 15
17 10 16

2 4 7 8 T

4 7 8 9 T
4 7 8 10 T

1 2 4 6 T
3 2 4 6 T
5 2 4 6 T

12 9 8 7 T
13 9 8 7 T
14 9 8 7 T

15 10 8 7 T
16 10 8 7 T
17 10 8 7 T

2 4 6 7 O
ZMAT end

cart begin
H          4.3619292195        1.5867342273        2.8626598699
C          4.4967599846        1.4389938887        0.8110138799
H          6.2458647409        0.5008229084        0.2845773566
C          2.2838170587       -0.0555259728       -0.1815311852
H          4.4491447265        3.3500868430        0.0421346859
O          2.4302114681       -2.0334944588       -1.3191673875
O          0.0874739176        1.1206297141        0.3727398896
C         -2.1976746002       -0.1453780226       -0.4692060167
C         -2.8930718261       -2.2163262305        1.3971140572
C         -4.1979261803        1.9005890411       -0.6595226503
H         -1.8085729952       -0.9691327653       -2.3184737430
H         -1.4025467046       -3.6337779860        1.4980869761
H         -3.1916597545       -1.4062914168        3.2728121229
H         -4.6378863109       -3.1438541938        0.7998720694
H         -4.5125504463        2.7690193273        1.1861204761
H         -3.6205443370        3.3679595963       -1.9869593836
H         -5.9772080541        1.0839637763       -1.3111007000
cart end 
