    6   18
        0.3110233320        0.0000080104       -0.0000088357
       -0.0271934391       -0.0000000023       -0.0000023670
       -0.0549133142        0.0530643342       -0.0000007117
       -0.0271934073       -0.0000000114       -0.0000022851
       -0.0549133210       -0.0530533066       -0.0000007299
       -0.1468099526       -0.0000033697       -0.0000034061
        0.0000080104        0.3110234002       -0.0000088494
       -0.0000000273       -0.0271933914       -0.0000023488
        0.0530643774       -0.1161758041       -0.0000025602
       -0.0000000750       -0.0271934459       -0.0000024147
       -0.0530532566       -0.1161758451       -0.0000025716
       -0.0000034311       -0.0242850797        0.0000001501
       -0.0000088357       -0.0000088494        0.2240114009
       -0.0000018963       -0.0000019168       -0.0792728201
       -0.0000009254       -0.0000032060       -0.0218219429
       -0.0000019213       -0.0000019008       -0.0792728474
       -0.0000009663       -0.0000032742       -0.0218219316
       -0.0000043019        0.0000002046       -0.0218218793
       -0.0271934391       -0.0000000273       -0.0000018963
        0.0411067413       -0.0000000296       -0.0000016121
        0.0007784797        0.0106987000       -0.0141320879
        0.0022820450       -0.0000000045       -0.0000000523
        0.0007784183       -0.0106987522       -0.0141321038
       -0.0177523134       -0.0000001796        0.0282654150
       -0.0000000023       -0.0271933914       -0.0000019168
       -0.0000000296        0.0411066731       -0.0000009800
        0.0106987341       -0.0115753710        0.0244783087
        0.0000000387        0.0022821200        0.0000000182
       -0.0106986977       -0.0115754210       -0.0244773378
       -0.0000001114        0.0069553130       -0.0000001614
       -0.0000023670       -0.0000023488       -0.0792728201
       -0.0000016121       -0.0000009800        0.1430692919
       -0.0090042636        0.0155962971       -0.0205541778
        0.0000000045        0.0000000045       -0.0021340065
       -0.0090042727       -0.0155958514       -0.0205541573
        0.0180093434       -0.0000001751       -0.0205541210
       -0.0549133142        0.0530643774       -0.0000009254
        0.0007784797        0.0106987341       -0.0090042636
        0.0534014998       -0.0775517242       -0.0000006821
        0.0007784433        0.0106987227        0.0090041544
        0.0026631483       -0.0024950168        0.0000000045
       -0.0027083320        0.0055964301       -0.0000000500
        0.0530643342       -0.1161758041       -0.0000032060
        0.0106987000       -0.0115753710        0.0155962971
       -0.0775517242        0.1429526537       -0.0000016780
        0.0106986886       -0.0115753915       -0.0155957878
        0.0024948577       -0.0044989770       -0.0000000682
        0.0006063283        0.0008727238        0.0000000182
       -0.0000007117       -0.0000025602       -0.0218219429
       -0.0141320879        0.0244783087       -0.0205541778
       -0.0000006821       -0.0000016780        0.0592407059
        0.0141321175       -0.0244773582       -0.0205541892
       -0.0000000205       -0.0000001387        0.0018447190
       -0.0000000205       -0.0000000523        0.0018447463
       -0.0271934073       -0.0000000750       -0.0000019213
        0.0022820450        0.0000000387        0.0000000045
        0.0007784433        0.0106986886        0.0141321175
        0.0411067231       -0.0000000364       -0.0000005025
        0.0007784661       -0.0106987636        0.0141321016
       -0.0177523225       -0.0000001614       -0.0282639962
       -0.0000000114       -0.0271934459       -0.0000019008
       -0.0000000045        0.0022821200        0.0000000045
        0.0106987227       -0.0115753915       -0.0244773582
       -0.0000000364        0.0411067231       -0.0000010868
       -0.0106987432       -0.0115754733        0.0244782632
       -0.0000001728        0.0069552880       -0.0000001887
       -0.0000022851       -0.0000024147       -0.0792728474
       -0.0000000523        0.0000000182       -0.0021340065
        0.0090041544       -0.0155957878       -0.0205541892
       -0.0000005025       -0.0000010868        0.1430693646
        0.0090041272        0.0155962221       -0.0205541869
       -0.0180085431       -0.0000001910       -0.0205541437
       -0.0549133210       -0.0530532566       -0.0000009663
        0.0007784183       -0.0106986977       -0.0090042727
        0.0026631483        0.0024948577       -0.0000000205
        0.0007784661       -0.0106987432        0.0090041272
        0.0534015544        0.0775631179       -0.0000006980
       -0.0027083274       -0.0055962187       -0.0000000227
       -0.0530533066       -0.1161758451       -0.0000032742
       -0.0106987522       -0.0115754210       -0.0155958514
       -0.0024950168       -0.0044989770       -0.0000001387
       -0.0106987636       -0.0115754733        0.0155962221
        0.0775631179        0.1429527538       -0.0000016917
       -0.0006063442        0.0008726533        0.0000000023
       -0.0000007299       -0.0000025716       -0.0218219316
       -0.0141321038       -0.0244773378       -0.0205541573
        0.0000000045       -0.0000000682        0.0018447190
        0.0141321016        0.0244782632       -0.0205541869
       -0.0000006980       -0.0000016917        0.0592406923
        0.0000000045       -0.0000000705        0.0018447599
       -0.1468099526       -0.0000034311       -0.0000043019
       -0.0177523134       -0.0000001114        0.0180093434
       -0.0027083320        0.0006063283       -0.0000000205
       -0.0177523225       -0.0000001728       -0.0180085431
       -0.0027083274       -0.0006063442        0.0000000045
        0.1877311843       -0.0000033174       -0.0000020236
       -0.0000033697       -0.0242850797        0.0000002046
       -0.0000001796        0.0069553130       -0.0000001751
        0.0055964301        0.0008727238       -0.0000000523
       -0.0000001614        0.0069552880       -0.0000001910
       -0.0055962187        0.0008726533       -0.0000000705
       -0.0000033174        0.0086289720       -0.0000001660
       -0.0000034061        0.0000001501       -0.0218218793
        0.0282654150       -0.0000001614       -0.0205541210
       -0.0000000500        0.0000000182        0.0018447463
       -0.0282639962       -0.0000001887       -0.0205541437
       -0.0000000227        0.0000000023        0.0018447599
       -0.0000020236       -0.0000001660        0.0592406332
