   10   30
        0.5452962131        0.0000000000        0.0000000000
       -0.2308077978        0.0000000000        0.0971800907
       -0.0011293677        0.0000000000        0.0433012522
       -0.0011293677        0.0000000000       -0.0433012522
       -0.2308077978        0.0000000000       -0.0971800907
       -0.0567247779        0.0000000000        0.0000000000
       -0.0114049239        0.0000000000        0.0156512565
       -0.0009436282        0.0000000000       -0.0027612415
       -0.0009436282        0.0000000000        0.0027612415
       -0.0114049239        0.0000000000       -0.0156512565
        0.0000000000        0.0846178870        0.0000000000
        0.0000000000       -0.0464110032        0.0000000000
        0.0000000000        0.0116536818        0.0000000000
        0.0000000000        0.0116536818        0.0000000000
        0.0000000000       -0.0464110032        0.0000000000
        0.0000000000       -0.0123492718        0.0000000000
        0.0000000000       -0.0041978266        0.0000000000
        0.0000000000        0.0028208404        0.0000000000
        0.0000000000        0.0028208404        0.0000000000
        0.0000000000       -0.0041978266        0.0000000000
        0.0000000000        0.0000000000        0.7629935358
        0.1145987204        0.0000000000       -0.1620043959
        0.0001039094        0.0000000000       -0.0608711980
       -0.0001039094        0.0000000000       -0.0608711980
       -0.1145987204        0.0000000000       -0.1620043959
        0.0000000000        0.0000000000       -0.3286647999
       -0.0147418330        0.0000000000        0.0113092132
       -0.0026747223        0.0000000000       -0.0055979873
        0.0026747223        0.0000000000       -0.0055979873
        0.0147418330        0.0000000000        0.0113092132
       -0.2308077978        0.0000000000        0.1145987204
        0.7422796387        0.0000000000        0.0639614955
       -0.1064096111        0.0000000000       -0.0741638368
       -0.0423929757        0.0000000000       -0.0134696338
       -0.0679445077        0.0000000000       -0.0216244340
        0.0088634855        0.0000000000       -0.0081587504
       -0.3027050204        0.0000000000       -0.0799108250
        0.0094050854        0.0000000000        0.0215103825
       -0.0067256149        0.0000000000        0.0007804828
       -0.0035626821        0.0000000000       -0.0035236013
        0.0000000000       -0.0464110032        0.0000000000
        0.0000000000        0.0846164372        0.0000000000
        0.0000000000       -0.0464110128        0.0000000000
        0.0000000000        0.0116505404        0.0000000000
        0.0000000000        0.0116558078        0.0000000000
        0.0000000000       -0.0041972727        0.0000000000
        0.0000000000       -0.0123490992        0.0000000000
        0.0000000000       -0.0041965708        0.0000000000
        0.0000000000        0.0028219079        0.0000000000
        0.0000000000        0.0028202653        0.0000000000
        0.0971800907        0.0000000000       -0.1620043959
        0.0639614955        0.0000000000        0.5661735402
       -0.0567270037        0.0000000000       -0.2865143187
       -0.0567131960        0.0000000000       -0.0196144236
        0.0216244340        0.0000000000        0.0058939050
        0.0222273735        0.0000000000       -0.0089819394
       -0.0799101235        0.0000000000       -0.0827001785
       -0.0088855890        0.0000000000       -0.0095110835
        0.0008405499        0.0000000000        0.0002301542
       -0.0035980313        0.0000000000       -0.0029712598
       -0.0011293677        0.0000000000        0.0001039094
       -0.1064096111        0.0000000000       -0.0567270037
        0.6205847795        0.0000000000       -0.1035047865
       -0.3077582541        0.0000000000       -0.0087354893
       -0.0423929757        0.0000000000        0.0567131960
       -0.0051114475        0.0000000000        0.0031028451
       -0.0031368706        0.0000000000       -0.0261371020
       -0.1506884756        0.0000000000        0.1293072474
       -0.0039924339        0.0000000000        0.0045198533
        0.0000346567        0.0000000000        0.0013573304
        0.0000000000        0.0116536818        0.0000000000
        0.0000000000       -0.0464110128        0.0000000000
        0.0000000000        0.0846150167        0.0000000000
        0.0000000000       -0.0464052754        0.0000000000
        0.0000000000        0.0116505404        0.0000000000
        0.0000000000        0.0028214229        0.0000000000
        0.0000000000       -0.0041960284        0.0000000000
        0.0000000000       -0.0123511441        0.0000000000
        0.0000000000       -0.0041970583        0.0000000000
        0.0000000000        0.0028198572        0.0000000000
        0.0433012522        0.0000000000       -0.0608711980
       -0.0741638368        0.0000000000       -0.2865143187
       -0.1035047865        0.0000000000        0.6878696999
        0.0087354893        0.0000000000       -0.0851003625
        0.0134696338        0.0000000000       -0.0196144236
        0.0030344610        0.0000000000       -0.0014079654
        0.0042466446        0.0000000000        0.0030304140
        0.1293063551        0.0000000000       -0.2347258536
       -0.0258608731        0.0000000000        0.0038923799
        0.0014356605        0.0000000000       -0.0065583720
       -0.0011293677        0.0000000000       -0.0001039094
       -0.0423929757        0.0000000000       -0.0567131960
       -0.3077582541        0.0000000000        0.0087354893
        0.6205847795        0.0000000000        0.1035047865
       -0.1064096111        0.0000000000        0.0567270037
       -0.0051114475        0.0000000000       -0.0031028451
        0.0000346567        0.0000000000       -0.0013573304
       -0.0039924339        0.0000000000       -0.0045198533
       -0.1506884756        0.0000000000       -0.1293072474
       -0.0031368706        0.0000000000        0.0261371020
        0.0000000000        0.0116536818        0.0000000000
        0.0000000000        0.0116505404        0.0000000000
        0.0000000000       -0.0464052754        0.0000000000
        0.0000000000        0.0846150167        0.0000000000
        0.0000000000       -0.0464110128        0.0000000000
        0.0000000000        0.0028214229        0.0000000000
        0.0000000000        0.0028198572        0.0000000000
        0.0000000000       -0.0041970583        0.0000000000
        0.0000000000       -0.0123511441        0.0000000000
        0.0000000000       -0.0041960284        0.0000000000
       -0.0433012522        0.0000000000       -0.0608711980
       -0.0134696338        0.0000000000       -0.0196144236
       -0.0087354893        0.0000000000       -0.0851003625
        0.1035047865        0.0000000000        0.6878696999
        0.0741638368        0.0000000000       -0.2865143187
       -0.0030344610        0.0000000000       -0.0014079654
       -0.0014356605        0.0000000000       -0.0065583720
        0.0258608731        0.0000000000        0.0038923799
       -0.1293063551        0.0000000000       -0.2347258536
       -0.0042466446        0.0000000000        0.0030304140
       -0.2308077978        0.0000000000       -0.1145987204
       -0.0679445077        0.0000000000        0.0216244340
       -0.0423929757        0.0000000000        0.0134696338
       -0.1064096111        0.0000000000        0.0741638368
        0.7422796387        0.0000000000       -0.0639614955
        0.0088634855        0.0000000000        0.0081587504
       -0.0035626821        0.0000000000        0.0035236013
       -0.0067256149        0.0000000000       -0.0007804828
        0.0094050854        0.0000000000       -0.0215103825
       -0.3027050204        0.0000000000        0.0799108250
        0.0000000000       -0.0464110032        0.0000000000
        0.0000000000        0.0116558078        0.0000000000
        0.0000000000        0.0116505404        0.0000000000
        0.0000000000       -0.0464110128        0.0000000000
        0.0000000000        0.0846164372        0.0000000000
        0.0000000000       -0.0041972727        0.0000000000
        0.0000000000        0.0028202653        0.0000000000
        0.0000000000        0.0028219079        0.0000000000
        0.0000000000       -0.0041965708        0.0000000000
        0.0000000000       -0.0123490992        0.0000000000
       -0.0971800907        0.0000000000       -0.1620043959
       -0.0216244340        0.0000000000        0.0058939050
        0.0567131960        0.0000000000       -0.0196144236
        0.0567270037        0.0000000000       -0.2865143187
       -0.0639614955        0.0000000000        0.5661735402
       -0.0222273735        0.0000000000       -0.0089819394
        0.0035980313        0.0000000000       -0.0029712598
       -0.0008405499        0.0000000000        0.0002301542
        0.0088855890        0.0000000000       -0.0095110835
        0.0799101235        0.0000000000       -0.0827001785
       -0.0567247779        0.0000000000        0.0000000000
        0.0088634855        0.0000000000        0.0222273735
       -0.0051114475        0.0000000000        0.0030344610
       -0.0051114475        0.0000000000       -0.0030344610
        0.0088634855        0.0000000000       -0.0222273735
        0.0469209309        0.0000000000        0.0000000000
        0.0004413654        0.0000000000       -0.0012763833
        0.0007085201        0.0000000000        0.0014828133
        0.0007085201        0.0000000000       -0.0014828133
        0.0004413654        0.0000000000        0.0012763833
        0.0000000000       -0.0123492718        0.0000000000
        0.0000000000       -0.0041972727        0.0000000000
        0.0000000000        0.0028214229        0.0000000000
        0.0000000000        0.0028214229        0.0000000000
        0.0000000000       -0.0041972727        0.0000000000
        0.0000000000        0.0153794831        0.0000000000
        0.0000000000       -0.0023885030        0.0000000000
        0.0000000000        0.0022492471        0.0000000000
        0.0000000000        0.0022492471        0.0000000000
        0.0000000000       -0.0023885030        0.0000000000
        0.0000000000        0.0000000000       -0.3286647999
       -0.0081587504        0.0000000000       -0.0089819394
        0.0031028451        0.0000000000       -0.0014079654
       -0.0031028451        0.0000000000       -0.0014079654
        0.0081587504        0.0000000000       -0.0089819394
        0.0000000000        0.0000000000        0.3506195373
        0.0010853769        0.0000000000        0.0003779915
       -0.0002673003        0.0000000000       -0.0009654555
        0.0002673003        0.0000000000       -0.0009654555
       -0.0010853769        0.0000000000        0.0003779915
       -0.0114049239        0.0000000000       -0.0147418330
       -0.3027050204        0.0000000000       -0.0799101235
       -0.0031368706        0.0000000000        0.0042466446
        0.0000346567        0.0000000000       -0.0014356605
       -0.0035626821        0.0000000000        0.0035980313
        0.0004413654        0.0000000000        0.0010853769
        0.3216154517        0.0000000000        0.0892542542
        0.0003255250        0.0000000000       -0.0011208057
       -0.0004437681        0.0000000000       -0.0001060642
       -0.0011637338        0.0000000000       -0.0008698200
        0.0000000000       -0.0041978266        0.0000000000
        0.0000000000       -0.0123490992        0.0000000000
        0.0000000000       -0.0041960284        0.0000000000
        0.0000000000        0.0028198572        0.0000000000
        0.0000000000        0.0028202653        0.0000000000
        0.0000000000       -0.0023885030        0.0000000000
        0.0000000000        0.0153795746        0.0000000000
        0.0000000000       -0.0023885227        0.0000000000
        0.0000000000        0.0022494991        0.0000000000
        0.0000000000        0.0022507838        0.0000000000
        0.0156512565        0.0000000000        0.0113092132
       -0.0799108250        0.0000000000       -0.0827001785
       -0.0261371020        0.0000000000        0.0030304140
       -0.0013573304        0.0000000000       -0.0065583720
        0.0035236013        0.0000000000       -0.0029712598
       -0.0012763833        0.0000000000        0.0003779915
        0.0892542542        0.0000000000        0.0759232781
        0.0012408079        0.0000000000        0.0004902959
       -0.0018580993        0.0000000000        0.0001916730
        0.0008698200        0.0000000000        0.0009069446
       -0.0009436282        0.0000000000       -0.0026747223
        0.0094050854        0.0000000000       -0.0088855890
       -0.1506884756        0.0000000000        0.1293063551
       -0.0039924339        0.0000000000        0.0258608731
       -0.0067256149        0.0000000000       -0.0008405499
        0.0007085201        0.0000000000       -0.0002673003
        0.0003255250        0.0000000000        0.0012408079
        0.1518450997        0.0000000000       -0.1444110490
        0.0005096905        0.0000000000       -0.0011869249
       -0.0004437681        0.0000000000        0.0018580993
        0.0000000000        0.0028208404        0.0000000000
        0.0000000000       -0.0041965708        0.0000000000
        0.0000000000       -0.0123511441        0.0000000000
        0.0000000000       -0.0041970583        0.0000000000
        0.0000000000        0.0028219079        0.0000000000
        0.0000000000        0.0022492471        0.0000000000
        0.0000000000       -0.0023885227        0.0000000000
        0.0000000000        0.0153805700        0.0000000000
        0.0000000000       -0.0023887686        0.0000000000
        0.0000000000        0.0022494991        0.0000000000
       -0.0027612415        0.0000000000       -0.0055979873
        0.0215103825        0.0000000000       -0.0095110835
        0.1293072474        0.0000000000       -0.2347258536
       -0.0045198533        0.0000000000        0.0038923799
       -0.0007804828        0.0000000000        0.0002301542
        0.0014828133        0.0000000000       -0.0009654555
       -0.0011208057        0.0000000000        0.0004902959
       -0.1444110490        0.0000000000        0.2456832458
        0.0011869249        0.0000000000        0.0003126309
        0.0001060642        0.0000000000        0.0001916730
       -0.0009436282        0.0000000000        0.0026747223
       -0.0067256149        0.0000000000        0.0008405499
       -0.0039924339        0.0000000000       -0.0258608731
       -0.1506884756        0.0000000000       -0.1293063551
        0.0094050854        0.0000000000        0.0088855890
        0.0007085201        0.0000000000        0.0002673003
       -0.0004437681        0.0000000000       -0.0018580993
        0.0005096905        0.0000000000        0.0011869249
        0.1518450997        0.0000000000        0.1444110490
        0.0003255250        0.0000000000       -0.0012408079
        0.0000000000        0.0028208404        0.0000000000
        0.0000000000        0.0028219079        0.0000000000
        0.0000000000       -0.0041970583        0.0000000000
        0.0000000000       -0.0123511441        0.0000000000
        0.0000000000       -0.0041965708        0.0000000000
        0.0000000000        0.0022492471        0.0000000000
        0.0000000000        0.0022494991        0.0000000000
        0.0000000000       -0.0023887686        0.0000000000
        0.0000000000        0.0153805700        0.0000000000
        0.0000000000       -0.0023885227        0.0000000000
        0.0027612415        0.0000000000       -0.0055979873
        0.0007804828        0.0000000000        0.0002301542
        0.0045198533        0.0000000000        0.0038923799
       -0.1293072474        0.0000000000       -0.2347258536
       -0.0215103825        0.0000000000       -0.0095110835
       -0.0014828133        0.0000000000       -0.0009654555
       -0.0001060642        0.0000000000        0.0001916730
       -0.0011869249        0.0000000000        0.0003126309
        0.1444110490        0.0000000000        0.2456832458
        0.0011208057        0.0000000000        0.0004902959
       -0.0114049239        0.0000000000        0.0147418330
       -0.0035626821        0.0000000000       -0.0035980313
        0.0000346567        0.0000000000        0.0014356605
       -0.0031368706        0.0000000000       -0.0042466446
       -0.3027050204        0.0000000000        0.0799101235
        0.0004413654        0.0000000000       -0.0010853769
       -0.0011637338        0.0000000000        0.0008698200
       -0.0004437681        0.0000000000        0.0001060642
        0.0003255250        0.0000000000        0.0011208057
        0.3216154517        0.0000000000       -0.0892542542
        0.0000000000       -0.0041978266        0.0000000000
        0.0000000000        0.0028202653        0.0000000000
        0.0000000000        0.0028198572        0.0000000000
        0.0000000000       -0.0041960284        0.0000000000
        0.0000000000       -0.0123490992        0.0000000000
        0.0000000000       -0.0023885030        0.0000000000
        0.0000000000        0.0022507838        0.0000000000
        0.0000000000        0.0022494991        0.0000000000
        0.0000000000       -0.0023885227        0.0000000000
        0.0000000000        0.0153795746        0.0000000000
       -0.0156512565        0.0000000000        0.0113092132
       -0.0035236013        0.0000000000       -0.0029712598
        0.0013573304        0.0000000000       -0.0065583720
        0.0261371020        0.0000000000        0.0030304140
        0.0799108250        0.0000000000       -0.0827001785
        0.0012763833        0.0000000000        0.0003779915
       -0.0008698200        0.0000000000        0.0009069446
        0.0018580993        0.0000000000        0.0001916730
       -0.0012408079        0.0000000000        0.0004902959
       -0.0892542542        0.0000000000        0.0759232781
