    3    9
       -0.0021561618       -0.0000027683       -0.0000033197
        0.0010780718       -0.0000012233       -0.0000016246
        0.0010780809       -0.0000012233       -0.0000016189
       -0.0000027683        0.1701004476        0.0000129808
       -0.0000012290       -0.0850502238        0.0739658662
       -0.0000012187       -0.0850502136       -0.0739533289
       -0.0000033197        0.0000129808        0.1839025799
       -0.0000016746        0.0755970450       -0.0919513059
       -0.0000016894       -0.0755838698       -0.0919512843
        0.0010780718       -0.0000012290       -0.0000016746
       -0.0011753218       -0.0000010834       -0.0000018542
        0.0000972318       -0.0000000182       -0.0000000989
       -0.0000012233       -0.0850502238        0.0755970450
       -0.0000010834        0.0725936889       -0.0747686090
       -0.0000000136        0.0124565156       -0.0008156883
       -0.0000016246        0.0739658662       -0.0919513059
       -0.0000018542       -0.0747686090        0.1121147488
       -0.0000000944        0.0008151255       -0.0201634339
        0.0010780809       -0.0000012187       -0.0000016894
        0.0000972318       -0.0000000136       -0.0000000944
       -0.0011753218       -0.0000010891       -0.0000018485
       -0.0000012233       -0.0850502136       -0.0755838698
       -0.0000000182        0.0124565156        0.0008151255
       -0.0000010891        0.0725936980        0.0747815909
       -0.0000016189       -0.0739533289       -0.0919512843
       -0.0000000989       -0.0008156883       -0.0201634339
       -0.0000018485        0.0747815909        0.1121147284
