    3    9
        0.0001365095       -0.0000006850       -0.0000007898
       -0.0000682536       -0.0000003084       -0.0000003871
       -0.0000682547       -0.0000002947       -0.0000003899
       -0.0000006850        0.0429686924        0.0000031639
       -0.0000003087       -0.0214843462        0.0173603752
       -0.0000003010       -0.0214843436       -0.0173573113
       -0.0000007898        0.0000031639        0.0427540596
       -0.0000003948        0.0173159802       -0.0213770210
       -0.0000004036       -0.0173127984       -0.0213770298
       -0.0000682536       -0.0000003087       -0.0000003948
        0.0001021846       -0.0000002774       -0.0000004420
       -0.0000339296        0.0000000003       -0.0000000276
       -0.0000003084       -0.0214843462        0.0173159802
       -0.0000002774        0.0178433146       -0.0173350674
       -0.0000000060        0.0036410364        0.0000221473
       -0.0000003871        0.0173603752       -0.0213770210
       -0.0000004420       -0.0173350674        0.0270989892
       -0.0000000182       -0.0000222769       -0.0057219609
       -0.0000682547       -0.0000003010       -0.0000004036
       -0.0000339296       -0.0000000060       -0.0000000182
        0.0001021795       -0.0000002584       -0.0000004422
       -0.0000002947       -0.0214843436       -0.0173127984
        0.0000000003        0.0036410364       -0.0000222769
       -0.0000002584        0.0178433044        0.0173382227
       -0.0000003899       -0.0173573113       -0.0213770298
       -0.0000000276        0.0000221473       -0.0057219609
       -0.0000004422        0.0173382227        0.0270990023
