ZMAT begin
1 5
6 7

1 2
1 3
1 4
6 9
6 8
6 10

1 6

5 1 2
5 1 3
5 1 4
3 1 4
2 1 4
3 1 2
7 6 9
7 6 8
7 6 10
8 6 10
9 6 10
8 6 9

8 6 1 3 T
9 6 1 2 T
10 6 1 4 T

2 1 6 7 Lx
3 1 6 7 Lx
4 1 6 7 Lx
9 6 1 5 Lx
8 6 1 5 Lx
10 6 1 5 Lx
ZMAT end
;3 5;1;6
;4 5;1;6
;2 5;1;6
;7 8;6;1
;7 9;6;1
;7 10;6;1

;2 4 5;3 5;1;6 T
;7 9 10;7 8;6;1 T
;3 5;1;6;7 8 T
;4 5;1;6;7 10 T
;2 5;1;6;7 9 T


cart begin
C        0.0004526037     -3.4217490114      0.0000000000                 
H       -0.9703428922     -2.7324769316     -1.6809270632                 
H       -0.9703428922     -2.7324769316      1.6809270632                 
H        1.9411043588     -2.7311527378      0.0000000000                 
H        0.0013874329     -5.4815606572      0.0000000000                 
C       -0.0004526037      3.4217490114      0.0000000000                 
H       -0.0013874329      5.4815606572      0.0000000000                 
H        0.9703428922      2.7324769316     -1.6809270632                 
H        0.9703428922      2.7324769316      1.6809270632                 
H       -1.9411043588      2.7311527378      0.0000000000                 
cart end 

