   11   33
        1.5535209496       -0.0000669648        0.0204811352
       -0.4352898347       -0.0000218948       -0.0053922699
       -1.1241480898       -0.0000431396       -0.0155547049
        0.0091766451        0.0000003452        0.0000861003
       -0.0022809549       -0.0000000549        0.0005340800
       -0.0004889048       -0.0004785848       -0.0001429899
       -0.0004889048        0.0004785753       -0.0001429548
        0.0000000000        0.0000000000        0.0000000000
        0.0000000000        0.0000000000        0.0000000000
        0.0000000000        0.0000000000        0.0000000000
        0.0000000000        0.0000000000        0.0000000000
       -0.0000669648        0.0122551796        0.0000180552
       -0.0000195448       -0.0174968147        0.0000046302
       -0.0000421798        0.0061178802        0.0000129052
        0.0000009202       -0.0023541548        0.0000011403
       -0.0000000699        0.0020247752        0.0000000401
       -0.0005927399       -0.0002698299       -0.0000878548
        0.0005927501       -0.0002698349        0.0000878903
        0.0000000000        0.0000000000        0.0000000000
        0.0000000000        0.0000000000        0.0000000000
        0.0000000000        0.0000000000        0.0000000000
        0.0000000000        0.0000000000        0.0000000000
        0.0204811352        0.0000180552        0.0126082398
       -0.0054586899        0.0000046552       -0.0171682399
       -0.0155620799        0.0000132552        0.0059964101
        0.0002215749        0.0000011950       -0.0024429649
        0.0007380602        0.0000004151        0.0010002751
       -0.0002738699        0.0000426002        0.0000066400
       -0.0002738449       -0.0000424750        0.0000066100
        0.0000000000        0.0000000000        0.0000000000
        0.0000000000        0.0000000000        0.0000000000
        0.0000000000        0.0000000000        0.0000000000
        0.0000000000        0.0000000000        0.0000000000
       -0.4352898347       -0.0000195448       -0.0054586899
        0.4248924597       -0.0000201348        0.0054701101
        0.0113702052        0.0000004152        0.0002520351
        0.0001750502        0.0000000202       -0.0000742948
       -0.0022531898        0.0000002352       -0.0003824449
        0.0005531952        0.0011300851        0.0000769352
        0.0005531952       -0.0011300449        0.0000769552
        0.0000000000        0.0000000000        0.0000000000
        0.0000000000        0.0000000000        0.0000000000
        0.0000000000        0.0000000000        0.0000000000
        0.0000000000        0.0000000000        0.0000000000
       -0.0000218948       -0.0174968147        0.0000046552
       -0.0000201348        0.0146366398        0.0000028801
        0.0000005052       -0.0014030499        0.0000012901
        0.0000001100        0.0068657002        0.0000001151
       -0.0000000600       -0.0032410649       -0.0000000200
        0.0012004952        0.0003227601        0.0000718951
       -0.0012005199        0.0003227801       -0.0000718649
        0.0000000000        0.0000000000        0.0000000000
        0.0000000000        0.0000000000        0.0000000000
        0.0000000000        0.0000000000        0.0000000000
        0.0000000000        0.0000000000        0.0000000000
       -0.0053922699        0.0000046302       -0.0171682399
        0.0054701101        0.0000028801        0.0137914299
        0.0001210701        0.0000012703       -0.0016977600
       -0.0001326300        0.0000001351        0.0069088301
       -0.0012729899        0.0000001751       -0.0018592500
        0.0005826050       -0.0000763499        0.0000160701
        0.0005826000        0.0000764202        0.0000160702
        0.0000000000        0.0000000000        0.0000000000
        0.0000000000        0.0000000000        0.0000000000
        0.0000000000        0.0000000000        0.0000000000
        0.0000000000        0.0000000000        0.0000000000
       -1.1241480898       -0.0000421798       -0.0155620799
        0.0113702052        0.0000005052        0.0001210701
        1.5623650899       -0.0000669098        0.0206864550
       -0.4474216450       -0.0000224149       -0.0054144900
       -0.0016550300       -0.0000000399        0.0001516501
       -0.0002547999       -0.0003071500       -0.0000566500
       -0.0002547999        0.0003071500       -0.0000566500
        0.0000000000        0.0000000000        0.0000000000
        0.0000000000        0.0000000000        0.0000000000
        0.0000000000        0.0000000000        0.0000000000
        0.0000000000        0.0000000000        0.0000000000
       -0.0000431396        0.0061178802        0.0000132552
        0.0000004152       -0.0014030499        0.0000012703
       -0.0000669098        0.0072856795        0.0000173002
       -0.0000195098       -0.0120815398        0.0000043502
       -0.0000000398        0.0001370152        0.0000000101
        0.0000391103       -0.0000244799       -0.0000027748
       -0.0000390948       -0.0000244849        0.0000027902
        0.0000000000        0.0000000000        0.0000000000
        0.0000000000        0.0000000000        0.0000000000
        0.0000000000        0.0000000000        0.0000000000
        0.0000000000        0.0000000000        0.0000000000
       -0.0155547049        0.0000129052        0.0059964101
        0.0002520351        0.0000012901       -0.0016977600
        0.0206864550        0.0000173002        0.0075201498
       -0.0055253150        0.0000044000       -0.0120629349
       -0.0000194700        0.0000001802        0.0003418350
        0.0000161650       -0.0000216099       -0.0000453049
        0.0000161650        0.0000217051       -0.0000453299
        0.0000000000        0.0000000000        0.0000000000
        0.0000000000        0.0000000000        0.0000000000
        0.0000000000        0.0000000000        0.0000000000
        0.0000000000        0.0000000000        0.0000000000
        0.0091766451        0.0000009202        0.0002215749
        0.0001750502        0.0000001100       -0.0001326300
       -0.4474216450       -0.0000195098       -0.0055253150
        0.4380540099       -0.0000207550        0.0053892251
        0.0000383700        0.0000000151       -0.0000112701
       -0.0000108250        0.0000136700        0.0000096701
       -0.0000108250       -0.0000137000        0.0000096651
        0.0000000000        0.0000000000        0.0000000000
        0.0000000000        0.0000000000        0.0000000000
        0.0000000000        0.0000000000        0.0000000000
        0.0000000000        0.0000000000        0.0000000000
        0.0000003452       -0.0023541548        0.0000011950
        0.0000000202        0.0068657002        0.0000001351
       -0.0000224149       -0.0120815398        0.0000044000
       -0.0000207550        0.0076824398        0.0000029102
       -0.0000000199       -0.0001665400        0.0000000000
        0.0000280301        0.0000303551        0.0000076602
       -0.0000280200        0.0000303201       -0.0000077048
        0.0000000000        0.0000000000        0.0000000000
        0.0000000000        0.0000000000        0.0000000000
        0.0000000000        0.0000000000        0.0000000000
        0.0000000000        0.0000000000        0.0000000000
        0.0000861003        0.0000011403       -0.0024429649
       -0.0000742948        0.0000001151        0.0069088301
       -0.0054144900        0.0000043502       -0.0120629349
        0.0053892251        0.0000029102        0.0077062697
       -0.0000514250        0.0000000202       -0.0001285049
        0.0000110602        0.0000013351        0.0000130052
        0.0000110401       -0.0000013499        0.0000130052
        0.0000000000        0.0000000000        0.0000000000
        0.0000000000        0.0000000000        0.0000000000
        0.0000000000        0.0000000000        0.0000000000
        0.0000000000        0.0000000000        0.0000000000
       -0.0022809549       -0.0000000699        0.0007380602
       -0.0022531898       -0.0000000600       -0.0012729899
       -0.0016550300       -0.0000000398       -0.0000194700
        0.0000383700       -0.0000000199       -0.0000514250
        0.3476398098        0.0000728801       -0.2024040600
       -0.1707443349        0.1797512101        0.1015070600
       -0.1707443349       -0.1796820298        0.1015070352
        0.0000000000        0.0000000000        0.0000000000
        0.0000000000        0.0000000000        0.0000000000
        0.0000000000        0.0000000000        0.0000000000
        0.0000000000        0.0000000000        0.0000000000
       -0.0000000549        0.0020247752        0.0000004151
        0.0000002352       -0.0032410649        0.0000001751
       -0.0000000399        0.0001370152        0.0000001802
        0.0000000151       -0.0001665400        0.0000000202
        0.0000728801        0.7020260497       -0.0000016199
        0.2345975651       -0.3503898299       -0.1389392348
       -0.2345250149       -0.3503898049        0.1389368153
        0.0000000000        0.0000000000        0.0000000000
        0.0000000000        0.0000000000        0.0000000000
        0.0000000000        0.0000000000        0.0000000000
        0.0000000000        0.0000000000        0.0000000000
        0.0005340800        0.0000000401        0.0010002751
       -0.0003824449       -0.0000000200       -0.0018592500
        0.0001516501        0.0000000101        0.0003418350
       -0.0000112701        0.0000000000       -0.0001285049
       -0.2024040600       -0.0000016199        0.1154155899
        0.1010559050       -0.1062406700       -0.0573849199
        0.1010559050        0.1062389201       -0.0573849199
        0.0000000000        0.0000000000        0.0000000000
        0.0000000000        0.0000000000        0.0000000000
        0.0000000000        0.0000000000        0.0000000000
        0.0000000000        0.0000000000        0.0000000000
       -0.0004889048       -0.0005927399       -0.0002738699
        0.0005531952        0.0012004952        0.0005826050
       -0.0002547999        0.0000391103        0.0000161650
       -0.0000108250        0.0000280301        0.0000110602
       -0.1707443349        0.2345975651        0.1010559050
        0.1635091698       -0.2076195999       -0.0970478548
        0.0074365501       -0.0275826049       -0.0043453848
        0.0000000000        0.0000000000        0.0000000000
        0.0000000000        0.0000000000        0.0000000000
        0.0000000000        0.0000000000        0.0000000000
        0.0000000000        0.0000000000        0.0000000000
       -0.0004785848       -0.0002698299        0.0000426002
        0.0011300851        0.0003227601       -0.0000763499
       -0.0003071500       -0.0000244799       -0.0000216099
        0.0000136700        0.0000303551        0.0000013351
        0.1797512101       -0.3503898299       -0.1062406700
       -0.2076195999        0.3782584298        0.1226192701
        0.0275805101       -0.0279272849       -0.0163288048
        0.0000000000        0.0000000000        0.0000000000
        0.0000000000        0.0000000000        0.0000000000
        0.0000000000        0.0000000000        0.0000000000
        0.0000000000        0.0000000000        0.0000000000
       -0.0001429899       -0.0000878548        0.0000066400
        0.0000769352        0.0000718951        0.0000160701
       -0.0000566500       -0.0000027748       -0.0000453049
        0.0000096701        0.0000076602        0.0000130052
        0.1015070600       -0.1389392348       -0.0573849199
       -0.0970478548        0.1226192701        0.0550725397
       -0.0043453848        0.0163271552        0.0023220402
        0.0000000000        0.0000000000        0.0000000000
        0.0000000000        0.0000000000        0.0000000000
        0.0000000000        0.0000000000        0.0000000000
        0.0000000000        0.0000000000        0.0000000000
       -0.0004889048        0.0005927501       -0.0002738449
        0.0005531952       -0.0012005199        0.0005826000
       -0.0002547999       -0.0000390948        0.0000161650
       -0.0000108250       -0.0000280200        0.0000110401
       -0.1707443349       -0.2345250149        0.1010559050
        0.0074365501        0.0275805101       -0.0043453848
        0.1635091698        0.2076893452       -0.0970478548
        0.0000000000        0.0000000000        0.0000000000
        0.0000000000        0.0000000000        0.0000000000
        0.0000000000        0.0000000000        0.0000000000
        0.0000000000        0.0000000000        0.0000000000
        0.0004785753       -0.0002698349       -0.0000424750
       -0.0011300449        0.0003227801        0.0000764202
        0.0003071500       -0.0000244849        0.0000217051
       -0.0000137000        0.0000303201       -0.0000013499
       -0.1796820298       -0.3503898049        0.1062389201
       -0.0275826049       -0.0279272849        0.0163271552
        0.2076893452        0.3782584398       -0.1226228149
        0.0000000000        0.0000000000        0.0000000000
        0.0000000000        0.0000000000        0.0000000000
        0.0000000000        0.0000000000        0.0000000000
        0.0000000000        0.0000000000        0.0000000000
       -0.0001429548        0.0000878903        0.0000066100
        0.0000769552       -0.0000718649        0.0000160702
       -0.0000566500        0.0000027902       -0.0000453299
        0.0000096651       -0.0000077048        0.0000130052
        0.1015070352        0.1389368153       -0.0573849199
       -0.0043453848       -0.0163288048        0.0023220402
       -0.0970478548       -0.1226228149        0.0550725397
        0.0000000000        0.0000000000        0.0000000000
        0.0000000000        0.0000000000        0.0000000000
        0.0000000000        0.0000000000        0.0000000000
        0.0000000000        0.0000000000        0.0000000000
        0.0000000000        0.0000000000        0.0000000000
        0.0000000000        0.0000000000        0.0000000000
        0.0000000000        0.0000000000        0.0000000000
        0.0000000000        0.0000000000        0.0000000000
        0.0000000000        0.0000000000        0.0000000000
        0.0000000000        0.0000000000        0.0000000000
        0.0000000000        0.0000000000        0.0000000000
        0.0000000000        0.0000000000        0.0000000000
        0.0000000000        0.0000000000        0.0000000000
        0.0000000000        0.0000000000        0.0000000000
        0.0000000000        0.0000000000        0.0000000000
        0.0000000000        0.0000000000        0.0000000000
        0.0000000000        0.0000000000        0.0000000000
        0.0000000000        0.0000000000        0.0000000000
        0.0000000000        0.0000000000        0.0000000000
        0.0000000000        0.0000000000        0.0000000000
        0.0000000000        0.0000000000        0.0000000000
        0.0000000000        0.0000000000        0.0000000000
        0.0000000000        0.0000000000        0.0000000000
        0.0000000000        0.0000000000        0.0000000000
        0.0000000000        0.0000000000        0.0000000000
        0.0000000000        0.0000000000        0.0000000000
        0.0000000000        0.0000000000        0.0000000000
        0.0000000000        0.0000000000        0.0000000000
        0.0000000000        0.0000000000        0.0000000000
        0.0000000000        0.0000000000        0.0000000000
        0.0000000000        0.0000000000        0.0000000000
        0.0000000000        0.0000000000        0.0000000000
        0.0000000000        0.0000000000        0.0000000000
        0.0000000000        0.0000000000        0.0000000000
        0.0000000000        0.0000000000        0.0000000000
        0.0000000000        0.0000000000        0.0000000000
        0.0000000000        0.0000000000        0.0000000000
        0.0000000000        0.0000000000        0.0000000000
        0.0000000000        0.0000000000        0.0000000000
        0.0000000000        0.0000000000        0.0000000000
        0.0000000000        0.0000000000        0.0000000000
        0.0000000000        0.0000000000        0.0000000000
        0.0000000000        0.0000000000        0.0000000000
        0.0000000000        0.0000000000        0.0000000000
        0.0000000000        0.0000000000        0.0000000000
        0.0000000000        0.0000000000        0.0000000000
        0.0000000000        0.0000000000        0.0000000000
        0.0000000000        0.0000000000        0.0000000000
        0.0000000000        0.0000000000        0.0000000000
        0.0000000000        0.0000000000        0.0000000000
        0.0000000000        0.0000000000        0.0000000000
        0.0000000000        0.0000000000        0.0000000000
        0.0000000000        0.0000000000        0.0000000000
        0.0000000000        0.0000000000        0.0000000000
        0.0000000000        0.0000000000        0.0000000000
        0.0000000000        0.0000000000        0.0000000000
        0.0000000000        0.0000000000        0.0000000000
        0.0000000000        0.0000000000        0.0000000000
        0.0000000000        0.0000000000        0.0000000000
        0.0000000000        0.0000000000        0.0000000000
        0.0000000000        0.0000000000        0.0000000000
        0.0000000000        0.0000000000        0.0000000000
        0.0000000000        0.0000000000        0.0000000000
        0.0000000000        0.0000000000        0.0000000000
        0.0000000000        0.0000000000        0.0000000000
        0.0000000000        0.0000000000        0.0000000000
        0.0000000000        0.0000000000        0.0000000000
        0.0000000000        0.0000000000        0.0000000000
        0.0000000000        0.0000000000        0.0000000000
        0.0000000000        0.0000000000        0.0000000000
        0.0000000000        0.0000000000        0.0000000000
        0.0000000000        0.0000000000        0.0000000000
        0.0000000000        0.0000000000        0.0000000000
        0.0000000000        0.0000000000        0.0000000000
        0.0000000000        0.0000000000        0.0000000000
        0.0000000000        0.0000000000        0.0000000000
        0.0000000000        0.0000000000        0.0000000000
        0.0000000000        0.0000000000        0.0000000000
        0.0000000000        0.0000000000        0.0000000000
        0.0000000000        0.0000000000        0.0000000000
        0.0000000000        0.0000000000        0.0000000000
        0.0000000000        0.0000000000        0.0000000000
        0.0000000000        0.0000000000        0.0000000000
        0.0000000000        0.0000000000        0.0000000000
        0.0000000000        0.0000000000        0.0000000000
        0.0000000000        0.0000000000        0.0000000000
        0.0000000000        0.0000000000        0.0000000000
        0.0000000000        0.0000000000        0.0000000000
        0.0000000000        0.0000000000        0.0000000000
        0.0000000000        0.0000000000        0.0000000000
        0.0000000000        0.0000000000        0.0000000000
        0.0000000000        0.0000000000        0.0000000000
        0.0000000000        0.0000000000        0.0000000000
        0.0000000000        0.0000000000        0.0000000000
        0.0000000000        0.0000000000        0.0000000000
        0.0000000000        0.0000000000        0.0000000000
        0.0000000000        0.0000000000        0.0000000000
        0.0000000000        0.0000000000        0.0000000000
        0.0000000000        0.0000000000        0.0000000000
        0.0000000000        0.0000000000        0.0000000000
        0.0000000000        0.0000000000        0.0000000000
        0.0000000000        0.0000000000        0.0000000000
        0.0000000000        0.0000000000        0.0000000000
        0.0000000000        0.0000000000        0.0000000000
        0.0000000000        0.0000000000        0.0000000000
        0.0000000000        0.0000000000        0.0000000000
        0.0000000000        0.0000000000        0.0000000000
        0.0000000000        0.0000000000        0.0000000000
        0.0000000000        0.0000000000        0.0000000000
        0.0000000000        0.0000000000        0.0000000000
        0.0000000000        0.0000000000        0.0000000000
        0.0000000000        0.0000000000        0.0000000000
        0.0000000000        0.0000000000        0.0000000000
        0.0000000000        0.0000000000        0.0000000000
        0.0000000000        0.0000000000        0.0000000000
        0.0000000000        0.0000000000        0.0000000000
        0.0000000000        0.0000000000        0.0000000000
        0.0000000000        0.0000000000        0.0000000000
        0.0000000000        0.0000000000        0.0000000000
        0.0000000000        0.0000000000        0.0000000000
        0.0000000000        0.0000000000        0.0000000000
        0.0000000000        0.0000000000        0.0000000000
        0.0000000000        0.0000000000        0.0000000000
        0.0000000000        0.0000000000        0.0000000000
        0.0000000000        0.0000000000        0.0000000000
        0.0000000000        0.0000000000        0.0000000000
        0.0000000000        0.0000000000        0.0000000000
        0.0000000000        0.0000000000        0.0000000000
        0.0000000000        0.0000000000        0.0000000000
        0.0000000000        0.0000000000        0.0000000000
        0.0000000000        0.0000000000        0.0000000000
        0.0000000000        0.0000000000        0.0000000000
        0.0000000000        0.0000000000        0.0000000000
        0.0000000000        0.0000000000        0.0000000000
        0.0000000000        0.0000000000        0.0000000000
        0.0000000000        0.0000000000        0.0000000000
