   13   39
        0.1556192900        0.0009894413        0.0005557088
       -0.0238476187        0.0005994025       -0.0001810713
        0.0006199588       -0.0071166162        0.0023056663
       -0.0001513600        0.0101593700       -0.0033997912
        0.0003219113       -0.0003551513       -0.0001840450
       -0.0015247362        0.0008904750        0.0003307350
        0.0001463213       -0.0017713288        0.0005138575
       -0.0010957025       -0.0009859812       -0.0007046138
        0.0001198038       -0.0000316738        0.0001589100
        0.0002330438        0.0002678250        0.0001455738
       -0.0467415975       -0.0244655537       -0.0214847500
       -0.0165016700       -0.0003652887        0.0110742300
       -0.0671977788        0.0221914863        0.0108630300
        0.0009894413        0.1355606075        0.0073042275
        0.0005627387       -0.0508046825        0.0092686475
       -0.0006288237       -0.0061828338        0.0012559725
        0.0028179175       -0.0051875250        0.0008911087
       -0.0012920025       -0.0002999763        0.0002477812
        0.0001590563        0.0002586275        0.0000707325
        0.0000135950       -0.0001666525        0.0000418188
       -0.0004102638       -0.0002024875       -0.0002759350
        0.0003625913        0.0003618462        0.0001577212
        0.0003440925        0.0003113863        0.0002326525
       -0.0254986875       -0.0343315313       -0.0168958000
       -0.0004348637       -0.0148277237        0.0026382325
        0.0230214012       -0.0244892100       -0.0049435763
        0.0005557088        0.0073042275        0.1506313451
       -0.0001676100        0.0101496400       -0.0271090225
        0.0003936637       -0.0043862838        0.0018888275
       -0.0006324575       -0.0013292663        0.0009301050
        0.0000452487       -0.0002077413       -0.0006698563
        0.0005600262       -0.0003249900        0.0004116275
       -0.0006389688        0.0091415550       -0.0024735400
       -0.0008034138       -0.0009180362       -0.0004043500
        0.0001391300        0.0001053637        0.0000230337
        0.0000511950       -0.0002354950        0.0001531350
       -0.0217186663       -0.0162111712       -0.0289393313
        0.0115353162        0.0016104300       -0.0773905001
        0.0106742800       -0.0047044425       -0.0170516100
       -0.0238476187        0.0005627387       -0.0001676100
        0.1321343350       -0.0034239113       -0.0057147838
       -0.0356669325       -0.0082265613       -0.0087280400
       -0.0431511100        0.0144252887        0.0008381712
       -0.0098448463        0.0005635999        0.0050638650
        0.0007374462       -0.0009161250        0.0014386800
       -0.0163792950        0.0009834475        0.0108547988
        0.0008065950        0.0005391563        0.0008268437
       -0.0060303287       -0.0057409500       -0.0045865375
        0.0008322662        0.0007293000        0.0002850325
        0.0004563325       -0.0062761513        0.0026922112
       -0.0000197650       -0.0017333625        0.0003332137
       -0.0000272613        0.0085148012       -0.0031430188
        0.0005994025       -0.0508046825        0.0101496400
       -0.0034239113        0.1415007000       -0.0076578775
       -0.0107469200       -0.0318044863       -0.0070864462
        0.0146131225       -0.0356769313       -0.0013426862
       -0.0060350175        0.0052917462        0.0026157487
        0.0071919450       -0.0027028463        0.0000998937
        0.0012832338       -0.0151751150        0.0022157338
       -0.0059822900       -0.0045584212       -0.0043620400
        0.0023855638        0.0018203538        0.0016728762
        0.0002301388        0.0001834625        0.0003021525
        0.0003680375       -0.0043419150        0.0018180662
       -0.0000926662       -0.0002836637        0.0002115700
       -0.0003893450       -0.0034482838        0.0013557800
       -0.0001810713        0.0092686475       -0.0271090225
       -0.0057147838       -0.0076578775        0.1471525476
       -0.0107599950       -0.0056628713       -0.0278540338
        0.0010560050       -0.0008415401       -0.0260705063
        0.0072699375        0.0003128812        0.0044846587
       -0.0014473438        0.0028516624        0.0048409562
        0.0127016925        0.0017464887       -0.0726169463
        0.0027540125        0.0019128125        0.0015565312
        0.0010364700        0.0008514150        0.0006626900
       -0.0067604975       -0.0052926375       -0.0040991938
        0.0004962787       -0.0047581588        0.0015749712
       -0.0004364813        0.0093505837       -0.0030039913
       -0.0000219088       -0.0020884938        0.0004812025
        0.0006199588       -0.0006288237        0.0003936637
       -0.0356669325       -0.0107469200       -0.0107599950
        0.1429912350       -0.0101430488       -0.0076483800
       -0.0088175413       -0.0059925788       -0.0044886125
       -0.0006047937        0.0010275050        0.0009153950
        0.0006376425        0.0001467075        0.0006384225
        0.0013326925        0.0005505125        0.0006915675
       -0.0151699787        0.0037549900       -0.0013487013
       -0.0693258462        0.0210585888        0.0131311138
       -0.0161110450       -0.0000597737        0.0086256450
        0.0000612550        0.0006122838       -0.0001310612
       -0.0000243663        0.0000984150       -0.0000718325
        0.0000775625        0.0003194100        0.0000438587
       -0.0071166162       -0.0061828338       -0.0043862838
       -0.0082265613       -0.0318044863       -0.0056628713
       -0.0101430488        0.1447362276       -0.0072444350
       -0.0005059200        0.0035908962        0.0028340887
        0.0014779512       -0.0002551413       -0.0013157200
        0.0001584087       -0.0002473888       -0.0002081063
       -0.0002757938       -0.0001743738       -0.0001982075
        0.0042600275       -0.0720805125        0.0190491449
        0.0204481700       -0.0219577375       -0.0046776400
       -0.0001305138       -0.0149673675        0.0016033225
        0.0000940687       -0.0016462375        0.0005577537
        0.0000442950        0.0005276475       -0.0001987213
       -0.0000878025        0.0004612212       -0.0001599038
        0.0023056663        0.0012559725        0.0018888275
       -0.0087280400       -0.0070864462       -0.0278540338
       -0.0076483800       -0.0072444350        0.1460353100
       -0.0001318912        0.0013560325        0.0013673613
        0.0010847463       -0.0001275675       -0.0009277937
       -0.0000341212       -0.0000447925       -0.0001153813
       -0.0073835225       -0.0055713587       -0.0044870987
       -0.0016196038        0.0186888163       -0.0211526775
        0.0126922176       -0.0045188925       -0.0174155225
        0.0091383800        0.0021638275       -0.0773091025
        0.0001212763        0.0009691838       -0.0001558737
        0.0001910925        0.0002530475        0.0001333087
        0.0000024863       -0.0001012725       -0.0000073938
       -0.0001513600        0.0028179175       -0.0006324575
       -0.0431511100        0.0146131225        0.0010560050
       -0.0088175413       -0.0005059200       -0.0001318912
        0.2007612075        0.0303695887       -0.0509640762
       -0.1288232562       -0.0571232238        0.0529733462
       -0.0197828525        0.0112012287       -0.0033438775
       -0.0008589413       -0.0003575050        0.0002892925
        0.0001126300        0.0005863338       -0.0000169938
        0.0001289050       -0.0000521225       -0.0003950987
        0.0004947950        0.0003086213        0.0005368013
       -0.0000477612       -0.0006748000       -0.0002596025
        0.0001374825       -0.0003543287        0.0005894900
       -0.0000022612       -0.0008208850        0.0003023750
        0.0101593700       -0.0051875250       -0.0013292663
        0.0144252887       -0.0356769313       -0.0008415401
       -0.0059925788        0.0035908962        0.0013560325
        0.0303695887        0.1731143050       -0.0448437063
       -0.0547508937       -0.0685821250        0.0327256724
        0.0090233287       -0.0643575600        0.0124998275
       -0.0012275163        0.0004188575        0.0005497838
       -0.0005120663       -0.0004593488        0.0001694200
       -0.0013433425       -0.0011621925       -0.0009066113
        0.0001496737        0.0000517037       -0.0000723438
        0.0000109862       -0.0000429150       -0.0002454138
        0.0000839162        0.0001826588        0.0000845162
       -0.0003862263       -0.0018896150        0.0008529425
       -0.0033997912        0.0008911087        0.0009301050
        0.0008381712       -0.0013426862       -0.0260705063
       -0.0044886125        0.0028340887        0.0013673613
       -0.0509640762       -0.0448437063        0.1011279250
        0.0520835950        0.0335149325       -0.0521601575
       -0.0028421412        0.0121888312       -0.0222626150
        0.0097691488       -0.0039528025       -0.0019662362
        0.0003960188        0.0001825187        0.0001403362
       -0.0008991675       -0.0007029038       -0.0005605500
       -0.0004284588        0.0000559150       -0.0002871550
        0.0001790062        0.0000169525        0.0001665100
       -0.0003037787        0.0002107875       -0.0002254913
        0.0000648450        0.0009465262       -0.0001994263
        0.0003219113       -0.0012920025        0.0000452487
       -0.0098448463       -0.0060350175        0.0072699375
       -0.0006047937        0.0014779512        0.0010847463
       -0.1288232562       -0.0547508937        0.0520835950
        0.1407251125        0.0652026775       -0.0634273313
        0.0006136050       -0.0053441838        0.0034238412
       -0.0019336537        0.0007413750        0.0003341100
        0.0000702463       -0.0001190150        0.0000359837
       -0.0005113199       -0.0004865500       -0.0003990437
        0.0000198275       -0.0000502125       -0.0003546813
       -0.0000280438        0.0003994350        0.0000552387
       -0.0000796725        0.0002735063       -0.0001511388
        0.0000748200       -0.0000033875        0.0000078688
       -0.0003551513       -0.0002999763       -0.0002077413
        0.0005635999        0.0052917462        0.0003128812
        0.0010275050       -0.0002551413       -0.0001275675
       -0.0571232238       -0.0685821250        0.0335149325
        0.0652026775        0.0672141250       -0.0397614425
       -0.0105252600       -0.0049101175        0.0070237300
        0.0003310037        0.0001018150       -0.0004418738
        0.0001961312        0.0002639125       -0.0000350001
        0.0000947388        0.0002087875        0.0001075137
       -0.0000555788       -0.0000354787       -0.0000784688
        0.0003270450        0.0004039450        0.0003147050
       -0.0000397213        0.0000971612       -0.0003811788
        0.0003695712        0.0005015137       -0.0002386550
       -0.0001840450        0.0002477812       -0.0006698563
        0.0050638650        0.0026157487        0.0044846587
        0.0009153950       -0.0013157200       -0.0009277937
        0.0529733462        0.0327256724       -0.0521601575
       -0.0634273313       -0.0397614425        0.0458601375
        0.0052107163        0.0052948587        0.0021439912
       -0.0008718850        0.0002656350        0.0000549250
       -0.0001752488       -0.0000838850       -0.0000374263
        0.0003724038        0.0003261175        0.0003864637
        0.0001432688        0.0000350475        0.0002584612
        0.0000057225       -0.0000690938       -0.0000108100
        0.0000816950       -0.0001423200        0.0004145599
       -0.0001000650       -0.0001371838        0.0002029612
       -0.0015247362        0.0001590563        0.0005600262
        0.0007374462        0.0071919450       -0.0014473438
        0.0006376425        0.0001584087       -0.0000341212
       -0.0197828525        0.0090233287       -0.0028421412
        0.0006136050       -0.0105252600        0.0052107163
        0.0193566050       -0.0061025863       -0.0015343037
        0.0000199750       -0.0001088425        0.0002975288
       -0.0001944425       -0.0001770487       -0.0000303125
        0.0001007825       -0.0000557925        0.0000793500
       -0.0000332425       -0.0000360012       -0.0000536988
        0.0000447912       -0.0000075725        0.0000513013
        0.0000051325       -0.0000469825       -0.0000756525
        0.0000193400        0.0005214300       -0.0001818250
        0.0008904750        0.0002586275       -0.0003249900
       -0.0009161250       -0.0027028463        0.0028516624
        0.0001467075       -0.0002473888       -0.0000447925
        0.0112012287       -0.0643575600        0.0121888312
       -0.0053441838       -0.0049101175        0.0052948587
       -0.0061025863        0.0715709525       -0.0198698650
       -0.0000533175        0.0000492200       -0.0002417488
        0.0000902975        0.0003556225       -0.0000248138
        0.0001295663        0.0002133675        0.0000489662
        0.0000108162        0.0000087700        0.0000005200
       -0.0000453575        0.0000218287        0.0000027375
       -0.0000477475        0.0000216613        0.0000130462
        0.0000341125       -0.0002818663        0.0001053112
        0.0003307350        0.0000707325        0.0004116275
        0.0014386800        0.0000998937        0.0048409562
        0.0006384225       -0.0002081063       -0.0001153813
       -0.0033438775        0.0124998275       -0.0222626150
        0.0034238412        0.0070237300        0.0021439912
       -0.0015343037       -0.0198698650        0.0148375651
       -0.0010449263        0.0004286674        0.0002243900
       -0.0000510500        0.0000175575       -0.0000055175
        0.0001025600        0.0000990525        0.0000219812
       -0.0000149125       -0.0000476425       -0.0000627413
       -0.0000223875        0.0000088900       -0.0000523563
        0.0000435825       -0.0000782913       -0.0000112000
        0.0000332775       -0.0000451925        0.0000293775
        0.0001463213        0.0000135950       -0.0006389688
       -0.0163792950        0.0012832338        0.0127016925
        0.0013326925       -0.0002757938       -0.0073835225
       -0.0008589413       -0.0012275163        0.0097691488
       -0.0019336537        0.0003310037       -0.0008718850
        0.0000199750       -0.0000533175       -0.0010449263
        0.0177763875        0.0003734137       -0.0120721537
        0.0002413450        0.0001034825        0.0002404412
        0.0003780638        0.0003522900        0.0001308937
       -0.0009247162       -0.0009411550       -0.0007442362
        0.0000075638       -0.0000287438        0.0001167900
        0.0001353213        0.0001706750       -0.0001022963
        0.0000587688       -0.0001008425       -0.0001060275
       -0.0017713288       -0.0001666525        0.0091415550
        0.0009834475       -0.0151751150        0.0017464887
        0.0005505125       -0.0001743738       -0.0055713587
       -0.0003575050        0.0004188575       -0.0039528025
        0.0007413750        0.0001018150        0.0002656350
       -0.0001088425        0.0000492200        0.0004286674
        0.0003734137        0.0161380950       -0.0021259325
        0.0002061150        0.0001468750        0.0000528325
        0.0001275550        0.0001928775        0.0002821662
       -0.0008666238       -0.0004654650       -0.0004382525
       -0.0000979363        0.0003447075       -0.0002260575
        0.0001130313       -0.0018077187        0.0005979924
        0.0001068300        0.0003967250       -0.0002080400
        0.0005138575        0.0000418188       -0.0024735400
        0.0108547988        0.0022157338       -0.0726169463
        0.0006915675       -0.0001982075       -0.0044870987
        0.0002892925        0.0005497838       -0.0019662362
        0.0003341100       -0.0004418738        0.0000549250
        0.0002975288       -0.0002417488        0.0002243900
       -0.0120721537       -0.0021259325        0.0803297050
        0.0000155188       -0.0001542224        0.0001749963
       -0.0000601012        0.0001839825        0.0002505387
       -0.0007431700       -0.0006070337       -0.0000043287
        0.0000848950        0.0001209400        0.0001830525
       -0.0000553725        0.0005919700        0.0002193162
       -0.0001557900        0.0000580525        0.0001112712
       -0.0010957025       -0.0004102638       -0.0008034138
        0.0008065950       -0.0059822900        0.0027540125
       -0.0151699787        0.0042600275       -0.0016196038
        0.0001126300       -0.0005120663        0.0003960188
        0.0000702463        0.0001961312       -0.0001752488
       -0.0001944425        0.0000902975       -0.0000510500
        0.0002413450        0.0002061150        0.0000155188
        0.0151845925       -0.0040337775        0.0020393312
       -0.0000672850        0.0079461337       -0.0029264012
       -0.0000522737       -0.0013493162        0.0003556825
        0.0000729775       -0.0004381488        0.0000697763
       -0.0000014212        0.0000779388       -0.0000209075
        0.0000925850       -0.0000575713       -0.0000340188
       -0.0009859812       -0.0002024875       -0.0009180362
        0.0005391563       -0.0045584212        0.0019128125
        0.0037549900       -0.0720805125        0.0186888163
        0.0005863338       -0.0004593488        0.0001825187
       -0.0001190150        0.0002639125       -0.0000838850
       -0.0001770487        0.0003556225        0.0000175575
        0.0001034825        0.0001468750       -0.0001542224
       -0.0040337775        0.0791148275       -0.0209258888
        0.0002959888       -0.0026829400        0.0008850300
       -0.0000302775        0.0002774413        0.0002310588
        0.0000149800       -0.0003575825        0.0001475425
        0.0000222551        0.0000753300        0.0000212300
        0.0000224238        0.0001072587       -0.0000049825
       -0.0007046138       -0.0002759350       -0.0004043500
        0.0008268437       -0.0043620400        0.0015565312
       -0.0013487013        0.0190491449       -0.0211526775
       -0.0000169938        0.0001694200        0.0001403362
        0.0000359837       -0.0000350001       -0.0000374263
       -0.0000303125       -0.0000248138       -0.0000055175
        0.0002404412        0.0000528325        0.0001749963
        0.0020393312       -0.0209258888        0.0211729625
       -0.0000902788       -0.0020602863        0.0005975300
       -0.0008196225        0.0086717175       -0.0023072613
       -0.0000609788       -0.0002489438        0.0001824025
       -0.0000532625       -0.0000752525        0.0001178712
       -0.0000179700        0.0000644675       -0.0000354250
        0.0001198038        0.0003625913        0.0001391300
       -0.0060303287        0.0023855638        0.0010364700
       -0.0693258462        0.0204481700        0.0126922176
        0.0001289050       -0.0013433425       -0.0008991675
       -0.0005113199        0.0000947388        0.0003724038
        0.0001007825        0.0001295663        0.0001025600
        0.0003780638        0.0001275550       -0.0000601012
       -0.0000672850        0.0002959888       -0.0000902788
        0.0756802000       -0.0224730387       -0.0136382250
       -0.0007478575        0.0002626788        0.0003926688
        0.0001046575       -0.0000209550       -0.0000519737
       -0.0000026250       -0.0000209124       -0.0000104325
        0.0001728650       -0.0002478412        0.0000111213
       -0.0000316738        0.0003618462        0.0001053637
       -0.0057409500        0.0018203538        0.0008514150
        0.0210585888       -0.0219577375       -0.0045188925
       -0.0000521225       -0.0011621925       -0.0007029038
       -0.0004865500        0.0002087875        0.0003261175
       -0.0000557925        0.0002133675        0.0000990525
        0.0003522900        0.0001928775        0.0001839825
        0.0079461337       -0.0026829400       -0.0020602863
       -0.0224730387        0.0229704725        0.0057357250
       -0.0005593750        0.0000806600        0.0000259137
        0.0000447900        0.0000740987       -0.0000161300
       -0.0000033388       -0.0000293088        0.0000092262
        0.0000017963       -0.0000903313       -0.0000388650
        0.0001589100        0.0001577212        0.0000230337
       -0.0045865375        0.0016728762        0.0006626900
        0.0131311138       -0.0046776400       -0.0174155225
       -0.0003950987       -0.0009066113       -0.0005605500
       -0.0003990437        0.0001075137        0.0003864637
        0.0000793500        0.0000489662        0.0000219812
        0.0001308937        0.0002821662        0.0002505387
       -0.0029264012        0.0008850300        0.0005975300
       -0.0136382250        0.0057357250        0.0174795650
        0.0083892550       -0.0033054125       -0.0014775588
       -0.0000100588        0.0000512925       -0.0000381113
        0.0000242038       -0.0000331187        0.0000009212
        0.0000379062       -0.0000189250        0.0000689675
        0.0002330438        0.0003440925        0.0000511950
        0.0008322662        0.0002301388       -0.0067604975
       -0.0161110450       -0.0001305138        0.0091383800
        0.0004947950        0.0001496737       -0.0004284588
        0.0000198275       -0.0000555788        0.0001432688
       -0.0000332425        0.0000108162       -0.0000149125
       -0.0009247162       -0.0008666238       -0.0007431700
       -0.0000522737       -0.0000302775       -0.0008196225
       -0.0007478575       -0.0005593750        0.0083892550
        0.0162623450        0.0009317213       -0.0091379500
       -0.0000098112        0.0000760675        0.0000215425
        0.0000356800       -0.0000676087        0.0001168487
        0.0000009038       -0.0000321362        0.0000378237
        0.0002678250        0.0003113863       -0.0002354950
        0.0007293000        0.0001834625       -0.0052926375
       -0.0000597737       -0.0149673675        0.0021638275
        0.0003086213        0.0000517037        0.0000559150
       -0.0000502125       -0.0000354787        0.0000350475
       -0.0000360012        0.0000087700       -0.0000476425
       -0.0009411550       -0.0004654650       -0.0006070337
       -0.0013493162        0.0002774413        0.0086717175
        0.0002626788        0.0000806600       -0.0033054125
        0.0009317213        0.0145935900       -0.0016143775
        0.0000156850        0.0000596762        0.0000805375
       -0.0000842750       -0.0000701450        0.0000905000
        0.0000052088       -0.0000282600       -0.0000025762
        0.0001455738        0.0002326525        0.0001531350
        0.0002850325        0.0003021525       -0.0040991938
        0.0086256450        0.0016033225       -0.0773091025
        0.0005368013       -0.0000723438       -0.0002871550
       -0.0003546813       -0.0000784688        0.0002584612
       -0.0000536988        0.0000005200       -0.0000627413
       -0.0007442362       -0.0004382525       -0.0000043287
        0.0003556825        0.0002310588       -0.0023072613
        0.0003926688        0.0000259137       -0.0014775588
       -0.0091379500       -0.0016143775        0.0847976075
       -0.0000211188        0.0000082013        0.0001279837
       -0.0000242637       -0.0001937825        0.0002087837
       -0.0000114438       -0.0000137875        0.0000013425
       -0.0467415975       -0.0254986875       -0.0217186663
        0.0004563325        0.0003680375        0.0004962787
        0.0000612550        0.0000940687        0.0001212763
       -0.0000477612        0.0000109862        0.0001790062
       -0.0000280438        0.0003270450        0.0000057225
        0.0000447912       -0.0000453575       -0.0000223875
        0.0000075638       -0.0000979363        0.0000848950
        0.0000729775        0.0000149800       -0.0000609788
        0.0001046575        0.0000447900       -0.0000100588
       -0.0000098112        0.0000156850       -0.0000211188
        0.0499440000        0.0279489000        0.0240429500
        0.0013575887        0.0011767738        0.0007111625
       -0.0052219638       -0.0043530425       -0.0038046125
       -0.0244655537       -0.0343315313       -0.0162111712
       -0.0062761513       -0.0043419150       -0.0047581588
        0.0006122838       -0.0016462375        0.0009691838
       -0.0006748000       -0.0000429150        0.0000169525
        0.0003994350        0.0004039450       -0.0000690938
       -0.0000075725        0.0000218287        0.0000088900
       -0.0000287438        0.0003447075        0.0001209400
       -0.0004381488       -0.0003575825       -0.0002489438
       -0.0000209550        0.0000740987        0.0000512925
        0.0000760675        0.0000596762        0.0000082013
        0.0279489000        0.0371635950        0.0179558462
        0.0004465838        0.0002826500        0.0000404587
        0.0024346250        0.0023696875        0.0021173100
       -0.0214847500       -0.0168958000       -0.0289393313
        0.0026922112        0.0018180662        0.0015749712
       -0.0001310612        0.0005577537       -0.0001558737
       -0.0002596025       -0.0002454138        0.0001665100
        0.0000552387        0.0003147050       -0.0000108100
        0.0000513013        0.0000027375       -0.0000523563
        0.0001167900       -0.0002260575        0.0001830525
        0.0000697763        0.0001475425        0.0001824025
       -0.0000519737       -0.0000161300       -0.0000381113
        0.0000215425        0.0000805375        0.0001279837
        0.0240429500        0.0179558462        0.0299816900
       -0.0064367438       -0.0048957362       -0.0039379050
        0.0013174450        0.0014034888        0.0009178200
       -0.0165016700       -0.0004348637        0.0115353162
       -0.0000197650       -0.0000926662       -0.0004364813
       -0.0000243663        0.0000442950        0.0001910925
        0.0001374825        0.0000839162       -0.0003037787
       -0.0000796725       -0.0000397213        0.0000816950
        0.0000051325       -0.0000477475        0.0000435825
        0.0001353213        0.0001130313       -0.0000553725
       -0.0000014212        0.0000222551       -0.0000532625
       -0.0000026250       -0.0000033388        0.0000242038
        0.0000356800       -0.0000842750       -0.0000242637
        0.0013575887        0.0004465838       -0.0064367438
        0.0160477950        0.0004769888       -0.0127531912
       -0.0010895925       -0.0004842550        0.0081819325
       -0.0003652887       -0.0148277237        0.0016104300
       -0.0017333625       -0.0002836637        0.0093505837
        0.0000984150        0.0005276475        0.0002530475
       -0.0003543287        0.0001826588        0.0002107875
        0.0002735063        0.0000971612       -0.0001423200
       -0.0000469825        0.0000216613       -0.0000782913
        0.0001706750       -0.0018077187        0.0005919700
        0.0000779388        0.0000753300       -0.0000752525
       -0.0000209124       -0.0000293088       -0.0000331187
       -0.0000676087       -0.0000701450       -0.0001937825
        0.0011767738        0.0002826500       -0.0048957362
        0.0004769888        0.0157807850       -0.0030023250
        0.0003144313        0.0000504913       -0.0036034537
        0.0110742300        0.0026382325       -0.0773905001
        0.0003332137        0.0002115700       -0.0030039913
       -0.0000718325       -0.0001987213        0.0001333087
        0.0005894900        0.0000845162       -0.0002254913
       -0.0001511388       -0.0003811788        0.0004145599
       -0.0000756525        0.0000130462       -0.0000112000
       -0.0001022963        0.0005979924        0.0002193162
       -0.0000209075        0.0000212300        0.0001178712
       -0.0000104325        0.0000092262        0.0000009212
        0.0001168487        0.0000905000        0.0002087837
        0.0007111625        0.0000404587       -0.0039379050
       -0.0127531912       -0.0030023250        0.0844859075
        0.0003555775       -0.0001316575       -0.0010116575
       -0.0671977788        0.0230214012        0.0106742800
       -0.0000272613       -0.0003893450       -0.0000219088
        0.0000775625       -0.0000878025        0.0000024863
       -0.0000022612       -0.0003862263        0.0000648450
        0.0000748200        0.0003695712       -0.0001000650
        0.0000193400        0.0000341125        0.0000332775
        0.0000587688        0.0001068300       -0.0001557900
        0.0000925850        0.0000224238       -0.0000179700
        0.0001728650        0.0000017963        0.0000379062
        0.0000009038        0.0000052088       -0.0000114438
       -0.0052219638        0.0024346250        0.0013174450
       -0.0010895925        0.0003144313        0.0003555775
        0.0730419950       -0.0254438337       -0.0121826838
        0.0221914863       -0.0244892100       -0.0047044425
        0.0085148012       -0.0034482838       -0.0020884938
        0.0003194100        0.0004612212       -0.0001012725
       -0.0008208850       -0.0018896150        0.0009465262
       -0.0000033875        0.0005015137       -0.0001371838
        0.0005214300       -0.0002818663       -0.0000451925
       -0.0001008425        0.0003967250        0.0000580525
       -0.0000575713        0.0001072587        0.0000644675
       -0.0002478412       -0.0000903313       -0.0000189250
       -0.0000321362       -0.0000282600       -0.0000137875
       -0.0043530425        0.0023696875        0.0014034888
       -0.0004842550        0.0000504913       -0.0001316575
       -0.0254438337        0.0263406175        0.0047680275
        0.0108630300       -0.0049435763       -0.0170516100
       -0.0031430188        0.0013557800        0.0004812025
        0.0000438587       -0.0001599038       -0.0000073938
        0.0003023750        0.0008529425       -0.0001994263
        0.0000078688       -0.0002386550        0.0002029612
       -0.0001818250        0.0001053112        0.0000293775
       -0.0001060275       -0.0002080400        0.0001112712
       -0.0000340188       -0.0000049825       -0.0000354250
        0.0000111213       -0.0000388650        0.0000689675
        0.0000378237       -0.0000025762        0.0000013425
       -0.0038046125        0.0021173100        0.0009178200
        0.0081819325       -0.0036034537       -0.0010116575
       -0.0121826838        0.0047680275        0.0164925425
