   14   42
        0.1339411805        0.0533099213       -0.1081857958
       -0.1235234057       -0.0478859104        0.0996665127
       -0.0024542603       -0.0011270949       -0.0033480391
       -0.0064720282        0.0034330010       -0.0031373674
       -0.0001784991        0.0003288046        0.0005302700
       -0.0162370149       -0.0141043384        0.0291077767
        0.0112334813        0.0091004670       -0.0159331933
        0.0005629715       -0.0010180234       -0.0005127439
       -0.0007602511       -0.0006291823        0.0017782616
        0.0001655774       -0.0001706332        0.0000566095
        0.0022516746        0.0001352259        0.0001270491
        0.0010710526        0.0000915871        0.0008840689
        0.0001380425       -0.0009285047       -0.0003618076
        0.0002643312       -0.0005350841       -0.0006683602
        0.0533099213        0.1002703673       -0.0845557242
       -0.0500333258       -0.0960745870        0.0791293373
       -0.0015242749       -0.0000083104       -0.0006202224
        0.0034147503       -0.0003248484        0.0008215738
        0.0002694303        0.0003330969       -0.0000421536
        0.0078453628        0.0043880988       -0.0125582291
        0.0052591057        0.0033955778       -0.0102884926
        0.0002263377       -0.0003256102       -0.0003822758
        0.0003113173        0.0005182918       -0.0007320126
       -0.0000341647       -0.0000027376       -0.0000056811
       -0.0006974043        0.0012005027       -0.0006370239
        0.0004143399        0.0004544640        0.0009199432
       -0.0182272935       -0.0138724188        0.0286831799
       -0.0005350842        0.0000504770        0.0002698951
       -0.1081857958       -0.0845557242        0.2337275010
        0.0978127074        0.0757718797       -0.2138562207
       -0.0050513913       -0.0014143190       -0.0040498591
       -0.0000879631        0.0002688085        0.0007687644
       -0.0008773586        0.0005424004        0.0007301627
       -0.0014204550       -0.0004564826        0.0019671310
        0.0187157709        0.0127387084       -0.0241645001
        0.0010610773       -0.0013260502       -0.0011343094
       -0.0001069697       -0.0000825847        0.0000277229
        0.0001114303       -0.0000301930       -0.0000036738
        0.0001651979       -0.0008558973        0.0003473136
       -0.0005547078       -0.0004454831        0.0014823041
       -0.0022503897        0.0001140178        0.0039277381
        0.0006683603       -0.0002698952        0.0002338888
       -0.1235234057       -0.0500333258        0.0978127074
        0.5405744317        0.0185744870       -0.0453106578
        0.0157833627        0.0036392696        0.0147534645
       -0.0226849134        0.0038107767        0.0060155696
        0.0019966039        0.0027207580       -0.0027018240
       -0.1940506218        0.0417495487        0.0028102126
       -0.1338859292       -0.0203109879       -0.0549206648
       -0.0019726999       -0.0009593190        0.0048641819
        0.0005136771       -0.0012675002        0.0011514190
        0.0000352749       -0.0001440813       -0.0004442025
        0.0009077372        0.0000154692        0.0004798717
       -0.0080938012       -0.0055094084       -0.0276583565
       -0.0593654142       -0.0001325519        0.0017251096
       -0.0162370151        0.0078453628        0.0014204548
       -0.0478859104       -0.0960745870        0.0757718797
        0.0185744870        0.5739161181       -0.0239677262
       -0.0005328434        0.0046760120       -0.0061306558
       -0.0110718914        0.0079074257       -0.0007357232
       -0.0003142312       -0.0076058483        0.0027307108
        0.0417495483       -0.1073192679        0.0017199385
       -0.0122405330       -0.0904185295       -0.0240928771
       -0.0020399838        0.0131880523       -0.0005082303
       -0.0016277061        0.0005115089        0.0031336003
       -0.0002592380       -0.0004130619        0.0000369991
        0.0370111427       -0.0135069478       -0.0003362335
       -0.0005508200        0.0046034941       -0.0014675488
       -0.0067050385       -0.2938502062       -0.0266124833
       -0.0141043379        0.0043880988        0.0004564828
        0.0996665127        0.0791293373       -0.2138562207
       -0.0453106578       -0.0239677262        0.5969141422
       -0.0102322039       -0.0121291784       -0.0306129464
        0.0331926027       -0.0093794095        0.0031554152
       -0.0042777167        0.0019601455       -0.0018243679
       -0.0028102122       -0.0017199383       -0.0964431659
       -0.0484328574       -0.0274643107       -0.1987670089
        0.0028035266       -0.0022423348       -0.0014768551
        0.0025353737        0.0003820259       -0.0053749161
       -0.0005735860        0.0005761534        0.0005833898
       -0.0016821136        0.0002389369        0.0001868410
        0.0037141102        0.0034883637        0.0054444054
        0.0005163019       -0.0214307487       -0.0598988597
       -0.0291077772        0.0125582292        0.0019671307
       -0.0024542603       -0.0015242749       -0.0050513913
        0.0157833627       -0.0005328434       -0.0102322039
        0.6670216453        0.0735918010       -0.0521055048
       -0.0311329361       -0.0067797462       -0.0252746448
       -0.2608995424       -0.0362891444        0.0103102312
        0.0019966035       -0.0003142310        0.0042777170
       -0.2394083626        0.0032605503        0.1593191992
       -0.1299084015       -0.0291204925       -0.1099060576
        0.0011163172       -0.0009426917       -0.0012732409
       -0.0082122377        0.0000012193       -0.0033659787
        0.0003388893        0.0027582448        0.0015822860
       -0.0133287313       -0.0001247099        0.0328695048
       -0.0007382170       -0.0042530067       -0.0020268909
       -0.0001784986        0.0002694303        0.0008773592
       -0.0011270949       -0.0000083104       -0.0014143190
        0.0036392696        0.0046760120       -0.0121291784
        0.0735918010        0.1858825289        0.0726700014
       -0.0007295465        0.0088798303       -0.0018919224
       -0.0362891444       -0.0799872696        0.0028804454
        0.0027207578       -0.0076058485       -0.0019601455
       -0.0011460654       -0.0794936259       -0.0176697286
       -0.0290294883       -0.0570839558       -0.0457291990
       -0.0014138517        0.0124046536        0.0020972355
       -0.0049226153        0.0025224435       -0.0009470010
       -0.0020741936        0.0002161245        0.0012748930
       -0.0035011218        0.0081542510        0.0040533568
       -0.0000484220        0.0011074734       -0.0006919813
        0.0003288050        0.0003330969       -0.0005424001
       -0.0033480391       -0.0006202224       -0.0040498591
        0.0147534645       -0.0061306558       -0.0306129464
       -0.0521055048        0.0726700014        0.8410277775
       -0.0308661409       -0.0019605518        0.0119121586
       -0.0103102319       -0.0028804457       -0.1246982450
        0.0027018234       -0.0027307118       -0.0018243682
        0.1701401937       -0.0214282949       -0.4189684032
       -0.1117424638       -0.0455047256       -0.2768241074
       -0.0041773369        0.0023285079       -0.0048628371
        0.0314301031        0.0048506615        0.0049320215
       -0.0011217982       -0.0009139447        0.0005336879
       -0.0041793997        0.0009875692        0.0052975431
       -0.0006466116        0.0012906612       -0.0025965181
       -0.0005302694        0.0000421536        0.0007301627
       -0.0064720282        0.0034147503       -0.0000879631
       -0.0226849134       -0.0110718914        0.0331926027
       -0.0311329361       -0.0007295465       -0.0308661409
        0.7514954778        0.0642990178        0.1220346274
       -0.2394083622       -0.0011460653       -0.1701401934
       -0.1338859289       -0.0122405327        0.0484328575
       -0.0000082439       -0.0019702301       -0.0060760616
       -0.0065141439       -0.0019575282        0.0008025085
       -0.3413485027       -0.0401107072        0.0033606389
        0.0140853870       -0.0009624629        0.0177928289
        0.0016174242       -0.0022805335       -0.0005201179
        0.0008790558       -0.0004366607        0.0005569047
        0.0021449872       -0.0000651704        0.0002347280
        0.0112334809        0.0052591057       -0.0187157709
        0.0034330010       -0.0003248484        0.0002688085
        0.0038107767        0.0079074257       -0.0093794095
       -0.0067797462        0.0088798303       -0.0019605518
        0.0642990178        0.2031751510       -0.0671700303
        0.0032605506       -0.0794936259        0.0214282954
       -0.0203109874       -0.0904185295        0.0274643104
       -0.0019702298        0.0001489735       -0.0038753173
       -0.0017763904        0.0005446528       -0.0001406528
       -0.0400471767       -0.0521697192        0.0052882042
        0.0039090343        0.0059066220        0.0066952238
       -0.0165435559       -0.0062047254        0.0330455708
        0.0002017070       -0.0011589289        0.0003356012
       -0.0005850059       -0.0001933448        0.0007387300
        0.0091004667        0.0033955780       -0.0127387083
       -0.0031373674        0.0008215738        0.0007687644
        0.0060155696       -0.0007357232        0.0031554152
       -0.0252746448       -0.0018919224        0.0119121586
        0.1220346274       -0.0671700303        0.7311516394
       -0.1593191999        0.0176697282       -0.4189684034
        0.0549206644        0.0240928766       -0.1987670089
        0.0060760617        0.0038753172       -0.0092507602
        0.0023261700        0.0004136328        0.0007485060
       -0.0018438466        0.0067375240       -0.0688524676
       -0.0185718982        0.0012065614       -0.0215797634
        0.0025949656        0.0072240911       -0.0064171591
       -0.0001458550       -0.0011671584       -0.0003111936
       -0.0016112571       -0.0013676292        0.0005724314
        0.0159331937        0.0102884926       -0.0241644997
       -0.0001784991        0.0002694303       -0.0008773586
        0.0019966039       -0.0003142312       -0.0042777167
       -0.2608995424       -0.0362891444       -0.0103102319
       -0.2394083622        0.0032605506       -0.1593191999
        0.6670216445        0.0735918010        0.0521055048
        0.0157833625       -0.0005328441        0.0102322037
       -0.0311329355       -0.0067797459        0.0252746449
       -0.0082122380        0.0000012187        0.0033659791
       -0.0133287307       -0.0001247094       -0.0328695053
       -0.1299084017       -0.0291204930        0.1099060577
       -0.0007382173       -0.0042530063        0.0020268918
        0.0011163172       -0.0009426916        0.0012732405
        0.0003388886        0.0027582454       -0.0015822860
       -0.0024542602       -0.0015242749        0.0050513912
        0.0003288046        0.0003330969        0.0005424004
        0.0027207580       -0.0076058483        0.0019601455
       -0.0362891444       -0.0799872696       -0.0028804457
       -0.0011460653       -0.0794936259        0.0176697282
        0.0735918010        0.1858825287       -0.0726700015
        0.0036392695        0.0046760119        0.0121291783
       -0.0007295465        0.0088798304        0.0018919220
       -0.0049226154        0.0025224435        0.0009470010
       -0.0035011216        0.0081542512       -0.0040533572
       -0.0290294882       -0.0570839557        0.0457291991
       -0.0000484218        0.0011074733        0.0006919817
       -0.0014138519        0.0124046534       -0.0020972360
       -0.0020741936        0.0002161247       -0.0012748927
       -0.0011270946       -0.0000083103        0.0014143194
        0.0005302700       -0.0000421536        0.0007301627
       -0.0027018240        0.0027307108       -0.0018243679
        0.0103102312        0.0028804454       -0.1246982450
       -0.1701401934        0.0214282954       -0.4189684034
        0.0521055048       -0.0726700015        0.8410277784
       -0.0147534637        0.0061306557       -0.0306129465
        0.0308661413        0.0019605518        0.0119121593
       -0.0314301032       -0.0048506624        0.0049320218
        0.0041793998       -0.0009875695        0.0052975445
        0.1117424633        0.0455047244       -0.2768241076
        0.0006466109       -0.0012906598       -0.0025965182
        0.0041773377       -0.0023285071       -0.0048628357
        0.0011217978        0.0009139462        0.0005336866
        0.0033480377        0.0006202224       -0.0040498599
       -0.0162370149        0.0078453628       -0.0014204550
       -0.1940506218        0.0417495483       -0.0028102122
        0.0019966035        0.0027207578        0.0027018234
       -0.1338859289       -0.0203109874        0.0549206644
        0.0157833625        0.0036392695       -0.0147534637
        0.5405744322        0.0185744867        0.0453106574
       -0.0226849128        0.0038107772       -0.0060155691
        0.0000352749       -0.0001440811        0.0004442026
       -0.0080938010       -0.0055094086        0.0276583571
       -0.0019727000       -0.0009593188       -0.0048641817
       -0.0593654142       -0.0001325524       -0.0017251098
        0.0005136773       -0.0012675001       -0.0011514186
        0.0009077370        0.0000154686       -0.0004798719
       -0.1235234061       -0.0500333258       -0.0978127072
       -0.0141043384        0.0043880988       -0.0004564826
        0.0417495487       -0.1073192679       -0.0017199383
       -0.0003142310       -0.0076058485       -0.0027307118
       -0.0122405327       -0.0904185295        0.0240928766
       -0.0005328441        0.0046760119        0.0061306557
        0.0185744867        0.5739161176        0.0239677261
       -0.0110718912        0.0079074259        0.0007357233
       -0.0002592382       -0.0004130619       -0.0000369989
       -0.0005508196        0.0046034944        0.0014675482
       -0.0020399839        0.0131880525        0.0005082303
       -0.0067050385       -0.2938502065        0.0266124838
       -0.0016277062        0.0005115088       -0.0031336008
        0.0370111425       -0.0135069477        0.0003362337
       -0.0478859101       -0.0960745870       -0.0757718796
        0.0291077767       -0.0125582291        0.0019671310
        0.0028102126        0.0017199385       -0.0964431659
        0.0042777170       -0.0019601455       -0.0018243682
        0.0484328575        0.0274643104       -0.1987670089
        0.0102322037        0.0121291783       -0.0306129465
        0.0453106574        0.0239677261        0.5969141422
       -0.0331926029        0.0093794097        0.0031554153
        0.0005735857       -0.0005761533        0.0005833897
       -0.0037141101       -0.0034883633        0.0054444045
       -0.0028035265        0.0022423351       -0.0014768554
       -0.0005163017        0.0214307486       -0.0598988594
       -0.0025353738       -0.0003820261       -0.0053749170
        0.0016821135       -0.0002389373        0.0001868414
       -0.0996665122       -0.0791293373       -0.2138562206
        0.0112334813        0.0052591057        0.0187157709
       -0.1338859292       -0.0122405330       -0.0484328574
       -0.2394083626       -0.0011460654        0.1701401937
       -0.0000082439       -0.0019702298        0.0060760617
       -0.0311329355       -0.0007295465        0.0308661413
       -0.0226849128       -0.0110718912       -0.0331926029
        0.7514954776        0.0642990179       -0.1220346269
        0.0140853870       -0.0009624634       -0.0177928291
        0.0008790554       -0.0004366608       -0.0005569037
       -0.0065141441       -0.0019575288       -0.0008025085
        0.0021449867       -0.0000651697       -0.0002347282
       -0.3413485024       -0.0401107067       -0.0033606380
        0.0016174240       -0.0022805328        0.0005201170
       -0.0064720291        0.0034147503        0.0000879625
        0.0091004670        0.0033955778        0.0127387084
       -0.0203109879       -0.0904185295       -0.0274643107
        0.0032605503       -0.0794936259       -0.0214282949
       -0.0019702301        0.0001489735        0.0038753172
       -0.0067797459        0.0088798304        0.0019605518
        0.0038107772        0.0079074259        0.0093794097
        0.0642990179        0.2031751505        0.0671700301
        0.0039090345        0.0059066216       -0.0066952234
        0.0002017069       -0.0011589291       -0.0003356004
       -0.0017763907        0.0005446522        0.0001406531
       -0.0005850062       -0.0001933443       -0.0007387302
       -0.0400471765       -0.0521697187       -0.0052882033
       -0.0165435558       -0.0062047246       -0.0330455715
        0.0034330005       -0.0003248484       -0.0002688088
       -0.0159331933       -0.0102884926       -0.0241645001
       -0.0549206648       -0.0240928771       -0.1987670089
        0.1593191992       -0.0176697286       -0.4189684032
       -0.0060760616       -0.0038753173       -0.0092507602
        0.0252746449        0.0018919220        0.0119121593
       -0.0060155691        0.0007357233        0.0031554153
       -0.1220346269        0.0671700301        0.7311516393
        0.0185718982       -0.0012065614       -0.0215797631
        0.0001458550        0.0011671582       -0.0003111927
       -0.0023261703       -0.0004136330        0.0007485058
        0.0016112571        0.0013676300        0.0005724311
        0.0018438471       -0.0067375236       -0.0688524668
       -0.0025949654       -0.0072240906       -0.0064171599
        0.0031373667       -0.0008215737        0.0007687642
        0.0005629715        0.0002263377        0.0010610773
       -0.0019726999       -0.0020399838        0.0028035266
       -0.1299084015       -0.0290294883       -0.1117424638
       -0.0065141439       -0.0017763904        0.0023261700
       -0.0082122380       -0.0049226154       -0.0314301032
        0.0000352749       -0.0002592382        0.0005735857
        0.0140853870        0.0039090345        0.0185718982
        0.1309563415        0.0312758379        0.1194831567
       -0.0009411231        0.0008158143       -0.0014773123
        0.0009055800        0.0002978402        0.0010207750
        0.0000614176        0.0000516016       -0.0001165154
        0.0009552854        0.0014401396       -0.0007448230
       -0.0001751019        0.0000451304       -0.0002207216
        0.0001655776       -0.0000341647       -0.0001114300
       -0.0010180234       -0.0003256102       -0.0013260502
       -0.0009593190        0.0131880523       -0.0022423348
       -0.0291204925       -0.0570839558       -0.0455047256
       -0.0019575282        0.0005446528        0.0004136328
        0.0000012187        0.0025224435       -0.0048506624
       -0.0001440811       -0.0004130619       -0.0005761533
       -0.0009624634        0.0059066216       -0.0012065614
        0.0312758379        0.0436689675        0.0517477693
       -0.0000716771        0.0001793168       -0.0003268715
        0.0002978400       -0.0002866922        0.0000356032
        0.0001729270        0.0000169145       -0.0000542495
        0.0013625455       -0.0081007726        0.0012574526
        0.0012944897        0.0001887293        0.0026019053
       -0.0001706331       -0.0000027375        0.0000301932
       -0.0005127439       -0.0003822758       -0.0011343094
        0.0048641819       -0.0005082303       -0.0014768551
       -0.1099060576       -0.0457291990       -0.2768241074
        0.0008025085       -0.0001406528        0.0007485060
        0.0033659791        0.0009470010        0.0049320218
        0.0004442026       -0.0000369989        0.0005833897
       -0.0177928291       -0.0066952234       -0.0215797631
        0.1194831567        0.0517477693        0.2935446032
        0.0001723731       -0.0001522102        0.0000894324
       -0.0010207746       -0.0000356027        0.0005826329
       -0.0000688554        0.0000554724       -0.0000017800
        0.0004598250        0.0011520505        0.0010377704
       -0.0002334713       -0.0002273725       -0.0004943726
       -0.0000566095        0.0000056810       -0.0000036737
       -0.0007602511        0.0003113173       -0.0001069697
        0.0005136771       -0.0016277061        0.0025353737
        0.0011163172       -0.0014138517       -0.0041773369
       -0.3413485027       -0.0400471767       -0.0018438466
       -0.0133287307       -0.0035011216        0.0041793998
       -0.0080938010       -0.0005508196       -0.0037141101
        0.0008790554        0.0002017069        0.0001458550
       -0.0009411231       -0.0000716771        0.0001723731
        0.3607302006        0.0448423671        0.0018386659
        0.0009552855        0.0013625455       -0.0004598251
       -0.0006862887       -0.0002015815        0.0008715896
       -0.0000611430        0.0001426521       -0.0000094804
       -0.0000462871        0.0001391622        0.0000133785
        0.0010710527        0.0004143398        0.0005547074
       -0.0006291823        0.0005182918       -0.0000825847
       -0.0012675002        0.0005115089        0.0003820259
       -0.0009426917        0.0124046536        0.0023285079
       -0.0401107072       -0.0521697192        0.0067375240
       -0.0001247094        0.0081542512       -0.0009875695
       -0.0055094086        0.0046034944       -0.0034883633
       -0.0004366608       -0.0011589291        0.0011671582
        0.0008158143        0.0001793168       -0.0001522102
        0.0448423671        0.0368570263       -0.0049392381
        0.0014401397       -0.0081007726       -0.0011520508
        0.0009321513       -0.0008381080       -0.0004657593
        0.0001426521       -0.0013526248        0.0002078745
        0.0007544731       -0.0000597940       -0.0000010718
        0.0000915872        0.0004544639        0.0004454830
        0.0017782616       -0.0007320126        0.0000277229
        0.0011514190        0.0031336003       -0.0053749161
       -0.0012732409        0.0020972355       -0.0048628371
        0.0033606389        0.0052882042       -0.0688524676
       -0.0328695053       -0.0040533572        0.0052975445
        0.0276583571        0.0014675482        0.0054444045
       -0.0005569037       -0.0003356004       -0.0003111927
       -0.0014773123       -0.0003268715        0.0000894324
        0.0018386659       -0.0049392381        0.0662539057
        0.0007448229       -0.0012574525        0.0010377706
        0.0003465493        0.0010046241       -0.0007061313
        0.0000094804       -0.0002078745        0.0003131461
        0.0001731769       -0.0002187779        0.0001620553
       -0.0008840693       -0.0009199432        0.0014823041
        0.0001655774       -0.0000341647        0.0001114303
        0.0000352749       -0.0002592380       -0.0005735860
       -0.0082122377       -0.0049226153        0.0314301031
        0.0140853870        0.0039090343       -0.0185718982
       -0.1299084017       -0.0290294882        0.1117424633
       -0.0019727000       -0.0020399839       -0.0028035265
       -0.0065141441       -0.0017763907       -0.0023261703
        0.0009055800        0.0002978400       -0.0010207746
        0.0009552855        0.0014401397        0.0007448229
        0.1309563414        0.0312758377       -0.1194831566
       -0.0001751019        0.0000451304        0.0002207218
       -0.0009411231        0.0008158144        0.0014773122
        0.0000614176        0.0000516021        0.0001165155
        0.0005629717        0.0002263377       -0.0010610772
       -0.0001706332       -0.0000027376       -0.0000301930
       -0.0001440813       -0.0004130619        0.0005761534
        0.0000012193        0.0025224435        0.0048506615
       -0.0009624629        0.0059066220        0.0012065614
       -0.0291204930       -0.0570839557        0.0455047244
       -0.0009593188        0.0131880525        0.0022423351
       -0.0019575288        0.0005446522       -0.0004136330
        0.0002978402       -0.0002866922       -0.0000356027
        0.0013625455       -0.0081007726       -0.0012574525
        0.0312758377        0.0436689668       -0.0517477687
        0.0012944896        0.0001887293       -0.0026019052
       -0.0000716771        0.0001793169        0.0003268717
        0.0001729270        0.0000169153        0.0000542494
       -0.0010180235       -0.0003256102        0.0013260503
        0.0000566095       -0.0000056811       -0.0000036738
       -0.0004442025        0.0000369991        0.0005833898
       -0.0033659787       -0.0009470010        0.0049320215
        0.0177928289        0.0066952238       -0.0215797634
        0.1099060577        0.0457291991       -0.2768241076
       -0.0048641817        0.0005082303       -0.0014768554
       -0.0008025085        0.0001406531        0.0007485058
        0.0010207750        0.0000356032        0.0005826329
       -0.0004598251       -0.0011520508        0.0010377706
       -0.1194831566       -0.0517477687        0.2935446039
        0.0002334713        0.0002273714       -0.0004943729
       -0.0001723735        0.0001522101        0.0000894325
        0.0000688556       -0.0000554731       -0.0000017797
        0.0005127442        0.0003822759       -0.0011343091
        0.0022516746       -0.0006974043        0.0001651979
        0.0009077372        0.0370111427       -0.0016821136
        0.0003388893       -0.0020741936       -0.0011217982
        0.0016174242       -0.0165435559        0.0025949656
       -0.0007382173       -0.0000484218        0.0006466109
       -0.0593654142       -0.0067050385       -0.0005163017
        0.0021449867       -0.0005850062        0.0016112571
        0.0000614176        0.0001729270       -0.0000688554
       -0.0006862887        0.0009321513        0.0003465493
       -0.0001751019        0.0012944896        0.0002334713
        0.0610653000        0.0014352517       -0.0036728523
       -0.0000462873        0.0007544730       -0.0001731772
       -0.0075142738        0.0032800834       -0.0006131473
        0.0001380426       -0.0182272935        0.0022503897
        0.0001352259        0.0012005027       -0.0008558973
        0.0000154692       -0.0135069478        0.0002389369
        0.0027582448        0.0002161245       -0.0009139447
       -0.0022805335       -0.0062047254        0.0072240911
       -0.0042530063        0.0011074733       -0.0012906598
       -0.0001325524       -0.2938502065        0.0214307486
       -0.0000651697       -0.0001933443        0.0013676300
        0.0000516016        0.0000169145        0.0000554724
       -0.0002015815       -0.0008381080        0.0010046241
        0.0000451304        0.0001887293        0.0002273714
        0.0014352517        0.3249475173       -0.0283503853
        0.0001391625       -0.0000597937        0.0002187776
        0.0032800832        0.0008458152       -0.0002423837
       -0.0009285049       -0.0138724189       -0.0001140184
        0.0001270491       -0.0006370239        0.0003473136
        0.0004798717       -0.0003362335        0.0001868410
        0.0015822860        0.0012748930        0.0005336879
       -0.0005201179        0.0330455708       -0.0064171591
        0.0020268918        0.0006919817       -0.0025965182
       -0.0017251098        0.0266124838       -0.0598988594
       -0.0002347282       -0.0007387302        0.0005724311
       -0.0001165154       -0.0000542495       -0.0000017800
        0.0008715896       -0.0004657593       -0.0007061313
        0.0002207218       -0.0026019052       -0.0004943729
       -0.0036728523       -0.0283503853        0.0631057970
       -0.0000133787        0.0000010719        0.0001620557
        0.0006131476        0.0002423835        0.0012800466
        0.0003618076       -0.0286831799        0.0039277379
        0.0010710526        0.0004143399       -0.0005547078
       -0.0080938012       -0.0005508200        0.0037141102
       -0.0133287313       -0.0035011218       -0.0041793997
        0.0008790558        0.0002017070       -0.0001458550
        0.0011163172       -0.0014138519        0.0041773377
        0.0005136773       -0.0016277062       -0.0025353738
       -0.3413485024       -0.0400471765        0.0018438471
        0.0009552854        0.0013625455        0.0004598250
       -0.0000611430        0.0001426521        0.0000094804
       -0.0009411231       -0.0000716771       -0.0001723735
       -0.0000462873        0.0001391625       -0.0000133787
        0.3607302012        0.0448423670       -0.0018386660
       -0.0006862885       -0.0002015817       -0.0008715899
       -0.0007602512        0.0003113172        0.0001069695
        0.0000915871        0.0004544640       -0.0004454831
       -0.0055094084        0.0046034941        0.0034883637
       -0.0001247099        0.0081542510        0.0009875692
       -0.0004366607       -0.0011589289       -0.0011671584
       -0.0009426916        0.0124046534       -0.0023285071
       -0.0012675001        0.0005115088       -0.0003820261
       -0.0401107067       -0.0521697187       -0.0067375236
        0.0014401396       -0.0081007726        0.0011520505
        0.0001426521       -0.0013526248       -0.0002078745
        0.0008158144        0.0001793169        0.0001522101
        0.0007544730       -0.0000597937        0.0000010719
        0.0448423670        0.0368570262        0.0049392379
        0.0009321512       -0.0008381081        0.0004657591
       -0.0006291824        0.0005182917        0.0000825847
        0.0008840689        0.0009199432        0.0014823041
       -0.0276583565       -0.0014675488        0.0054444054
        0.0328695048        0.0040533568        0.0052975431
        0.0005569047        0.0003356012       -0.0003111936
        0.0012732405       -0.0020972360       -0.0048628357
       -0.0011514186       -0.0031336008       -0.0053749170
       -0.0033606380       -0.0052882033       -0.0688524668
       -0.0007448230        0.0012574526        0.0010377704
       -0.0000094804        0.0002078745        0.0003131461
        0.0014773122        0.0003268717        0.0000894325
       -0.0001731772        0.0002187776        0.0001620557
       -0.0018386660        0.0049392379        0.0662539053
       -0.0003465496       -0.0010046245       -0.0007061315
       -0.0017782618        0.0007320127        0.0000277230
        0.0001380425       -0.0182272935       -0.0022503897
       -0.0593654142       -0.0067050385        0.0005163019
       -0.0007382170       -0.0000484220       -0.0006466116
        0.0021449872       -0.0005850059       -0.0016112571
        0.0003388886       -0.0020741936        0.0011217978
        0.0009077370        0.0370111425        0.0016821135
        0.0016174240       -0.0165435558       -0.0025949654
       -0.0001751019        0.0012944897       -0.0002334713
       -0.0000462871        0.0007544731        0.0001731769
        0.0000614176        0.0001729270        0.0000688556
       -0.0075142738        0.0032800832        0.0006131476
       -0.0006862885        0.0009321512       -0.0003465496
        0.0610652999        0.0014352517        0.0036728525
        0.0022516748       -0.0006974043       -0.0001651977
       -0.0009285047       -0.0138724188        0.0001140178
       -0.0001325519       -0.2938502062       -0.0214307487
       -0.0042530067        0.0011074734        0.0012906612
       -0.0000651704       -0.0001933448       -0.0013676292
        0.0027582454        0.0002161247        0.0009139462
        0.0000154686       -0.0135069477       -0.0002389373
       -0.0022805328       -0.0062047246       -0.0072240906
        0.0000451304        0.0001887293       -0.0002273725
        0.0001391622       -0.0000597940       -0.0002187779
        0.0000516021        0.0000169153       -0.0000554731
        0.0032800834        0.0008458152        0.0002423835
       -0.0002015817       -0.0008381081       -0.0010046245
        0.0014352517        0.3249475160        0.0283503856
        0.0001352259        0.0012005027        0.0008558972
       -0.0003618076        0.0286831799        0.0039277381
        0.0017251096       -0.0266124833       -0.0598988597
       -0.0020268909       -0.0006919813       -0.0025965181
        0.0002347280        0.0007387300        0.0005724314
       -0.0015822860       -0.0012748927        0.0005336866
       -0.0004798719        0.0003362337        0.0001868414
        0.0005201170       -0.0330455715       -0.0064171599
       -0.0002207216        0.0026019053       -0.0004943726
        0.0000133785       -0.0000010718        0.0001620553
        0.0001165155        0.0000542494       -0.0000017797
       -0.0006131473       -0.0002423837        0.0012800466
       -0.0008715899        0.0004657591       -0.0007061315
        0.0036728525        0.0283503856        0.0631057976
       -0.0001270485        0.0006370239        0.0003473140
        0.0002643312       -0.0005350842        0.0006683603
       -0.0162370151       -0.0141043379       -0.0291077772
       -0.0001784986        0.0003288050       -0.0005302694
        0.0112334809        0.0091004667        0.0159331937
       -0.0024542602       -0.0011270946        0.0033480377
       -0.1235234061       -0.0478859101       -0.0996665122
       -0.0064720291        0.0034330005        0.0031373667
        0.0001655776       -0.0001706331       -0.0000566095
        0.0010710527        0.0000915872       -0.0008840693
        0.0005629717       -0.0010180235        0.0005127442
        0.0001380426       -0.0009285049        0.0003618076
       -0.0007602512       -0.0006291824       -0.0017782618
        0.0022516748        0.0001352259       -0.0001270485
        0.1339411810        0.0533099213        0.1081857960
       -0.0005350841        0.0000504770       -0.0002698952
        0.0078453628        0.0043880988        0.0125582292
        0.0002694303        0.0003330969        0.0000421536
        0.0052591057        0.0033955780        0.0102884926
       -0.0015242749       -0.0000083103        0.0006202224
       -0.0500333258       -0.0960745870       -0.0791293373
        0.0034147503       -0.0003248484       -0.0008215737
       -0.0000341647       -0.0000027375        0.0000056810
        0.0004143398        0.0004544639       -0.0009199432
        0.0002263377       -0.0003256102        0.0003822759
       -0.0182272935       -0.0138724189       -0.0286831799
        0.0003113172        0.0005182917        0.0007320127
       -0.0006974043        0.0012005027        0.0006370239
        0.0533099213        0.1002703673        0.0845557242
       -0.0006683602        0.0002698951        0.0002338888
        0.0014204548        0.0004564828        0.0019671307
        0.0008773592       -0.0005424001        0.0007301627
       -0.0187157709       -0.0127387083       -0.0241644997
        0.0050513912        0.0014143194       -0.0040498599
       -0.0978127072       -0.0757718796       -0.2138562206
        0.0000879625       -0.0002688088        0.0007687642
       -0.0001114300        0.0000301932       -0.0000036737
        0.0005547074        0.0004454830        0.0014823041
       -0.0010610772        0.0013260503       -0.0011343091
        0.0022503897       -0.0001140184        0.0039277379
        0.0001069695        0.0000825847        0.0000277230
       -0.0001651977        0.0008558972        0.0003473140
        0.1081857960        0.0845557242        0.2337275011
